series,index,theta_pred_norm,d_theta_pred_norm,theta_gt_norm,d_theta_gt_norm,theta_pred,d_theta_pred,theta_gt,d_theta_gt
0,0,-0.06881673,0.08283098,-0.09145029,0.08491381,0.020231925,0.4893009,0.0049742702,0.49478132
0,1,-0.07354732,0.10173431,-0.08415197,0.08276666,0.017042957,0.53903997,0.009894188,0.48913163
0,2,-0.071794085,0.10596335,-0.076940596,0.08045944,0.018224841,0.5501675,0.014755493,0.4830608
0,3,-0.06706385,0.1034569,-0.069822334,0.077996,0.021413568,0.5435725,0.01955403,0.47657895
0,4,-0.06096776,0.09833923,-0.06280321,0.07538033,0.025523046,0.5301067,0.02428574,0.4696965
0,5,-0.054266445,0.09255688,-0.055889085,0.07261651,0.030040512,0.514892,0.028946662,0.46242425
0,6,-0.047334902,0.086914934,-0.04908566,0.06970873,0.03471318,0.50004673,0.033532962,0.4547732
0,7,-0.0403641,0.08166176,-0.042398475,0.06666128,0.039412312,0.4862244,0.038040906,0.4467547
0,8,-0.0334524,0.07679969,-0.035832893,0.06347855,0.044071604,0.4734312,0.04246687,0.43838015
0,9,-0.026650053,0.072241314,-0.029394107,0.06016503,0.048657175,0.46143702,0.046807364,0.42966154
0,10,-0.019982211,0.06788203,-0.023087133,0.05672527,0.05315208,0.44996676,0.051059,0.42061073
0,11,-0.013461515,0.06363011,-0.016916808,0.05316392,0.05754779,0.43877894,0.055218518,0.41123998
0,12,-0.00709467,0.059415307,-0.010887798,0.049485702,0.06183978,0.42768884,0.059282772,0.40156174
0,13,-0.0008859709,0.05518849,-0.005004561,0.045695387,0.06602517,0.41656712,0.06324876,0.39158854
0,14,0.0051611625,0.050917808,0.0007286232,0.041797824,0.07010164,0.40532994,0.06711359,0.38133314
0,15,0.011043422,0.04658429,0.0063076634,0.037797906,0.074066974,0.39392748,0.07087452,0.37080842
0,16,0.016757514,0.042177934,0.011728661,0.033700585,0.07791893,0.3823333,0.0745289,0.36002746
0,17,0.022300106,0.037694734,0.01698791,0.029510858,0.081655286,0.37053698,0.07807425,0.3490033
0,18,0.027667891,0.033134457,0.022081906,0.025233751,0.0852738,0.35853785,0.0815082,0.33774924
0,19,0.032857683,0.028499272,0.027007332,0.020874334,0.08877233,0.3463416,0.0848285,0.32627863
0,20,0.03786652,0.023792658,0.031761076,0.016437698,0.09214886,0.33395737,0.08803309,0.3146048
0,21,0.042691592,0.019019011,0.036340225,0.011928961,0.095401525,0.32139683,0.09111996,0.30274126
0,22,0.04733033,0.014183026,0.040742066,0.0073532513,0.09852858,0.30867222,0.09408732,0.2907015
0,23,0.05178043,0.009289712,0.044964083,0.0027157152,0.10152846,0.29579678,0.09693344,0.27849907
0,24,0.05603977,0.0043442138,0.049003962,-0.0019784989,0.10439975,0.28278401,0.0996568,0.2661475
0,25,0.060106512,-0.00064829737,0.052859593,-0.0067242403,0.10714121,0.26964757,0.10225594,0.25366038
0,26,0.06397903,-0.00568264,0.056529067,-0.011516362,0.10975174,0.25640106,0.10472959,0.24105118
0,27,0.067655906,-0.010753628,0.06001067,-0.01634973,0.11223038,0.2430581,0.1070766,0.22833346
0,28,0.07113592,-0.015856091,0.0633029,-0.021219214,0.11457632,0.22963233,0.10929594,0.21552072
0,29,0.07441808,-0.020984866,0.06640443,-0.026119718,0.11678887,0.21613735,0.11138674,0.20262638
0,30,0.07750161,-0.02613486,0.06931417,-0.031046158,0.11886753,0.20258652,0.11334824,0.18966375
0,31,0.08038588,-0.031301018,0.07203119,-0.03599348,0.120811865,0.18899316,0.11517983,0.17664622
0,32,0.0830705,-0.036478307,0.07455478,-0.04095667,0.12262161,0.17537051,0.11688102,0.16358691
0,33,0.085555226,-0.041661788,0.07688442,-0.04593074,0.124296606,0.16173159,0.11845147,0.15049897
0,34,0.087840006,-0.046846535,0.07901978,-0.050910752,0.12583682,0.1480893,0.11989095,0.13739541
0,35,0.089925006,-0.052027766,0.08096072,-0.05589181,0.12724234,0.13445629,0.12119938,0.12428909
0,36,0.09181051,-0.05720069,0.08270729,-0.06086908,0.1285134,0.12084513,0.12237676,0.11119274
0,37,0.09349699,-0.062360603,0.08425975,-0.065837756,0.12965028,0.1072682,0.1234233,0.098119006
0,38,0.09498508,-0.067502916,0.08561851,-0.070793115,0.13065343,0.09373758,0.12433927,0.0850803
0,39,0.09627563,-0.07262309,0.086784184,-0.07573048,0.1315234,0.08026522,0.12512507,0.07208895
0,40,0.09736952,-0.07771668,0.08775757,-0.08064526,0.13226081,0.06686281,0.12578124,0.05915702
0,41,0.0982679,-0.08277926,0.08853964,-0.08553292,0.13286643,0.053541984,0.12630844,0.046296466
0,42,0.09897204,-0.08780658,0.08913153,-0.09038897,0.1333411,0.040313926,0.12670745,0.03351907
0,43,0.09948337,-0.09279445,0.089534566,-0.09520904,0.1336858,0.027189696,0.12697914,0.020836346
0,44,0.0998034,-0.09773867,0.08975023,-0.09998882,0.13390154,0.014180308,0.12712453,0.008259642
0,45,0.09993388,-0.10263531,0.08978019,-0.10472407,0.1339895,0.0012961108,0.12714472,-0.004199908
0,46,0.0998766,-0.10748033,0.08962626,-0.109410666,0.13395087,-0.011452268,0.12704095,-0.016531423
0,47,0.09963356,-0.11226994,0.08929042,-0.11404454,0.13378704,-0.02405483,0.12681456,-0.02872422
0,48,0.09920685,-0.11700034,0.08877479,-0.11862174,0.13349938,-0.03650162,0.12646696,-0.040767886
0,49,0.098598704,-0.12166785,0.08808168,-0.12313839,0.13308942,-0.048782907,0.12599972,-0.052652247
0,50,0.09781149,-0.12626886,0.087213516,-0.12759073,0.13255876,-0.060889248,0.12541449,-0.06436738
0,51,0.09684767,-0.13079993,0.086172886,-0.13197507,0.13190903,-0.072811544,0.124712974,-0.075903594
0,52,0.095709816,-0.13525763,0.0849625,-0.13628785,0.13114198,-0.08454078,0.12389704,-0.08725153
0,53,0.09440075,-0.13963865,0.08358524,-0.14052561,0.13025951,-0.09606825,0.1229686,-0.098402046
0,54,0.09292321,-0.14393975,0.08204409,-0.14468497,0.12926349,-0.10738544,0.12192968,-0.10934629
0,55,0.09128019,-0.14815782,0.080342166,-0.14876267,0.1281559,-0.11848416,0.12078239,-0.12007567
0,56,0.08947474,-0.1522899,0.078482725,-0.1527556,0.12693882,-0.12935662,0.11952891,-0.130582
0,57,0.08751002,-0.15633303,0.076469146,-0.1566607,0.12561436,-0.13999504,0.11817153,-0.14085723
0,58,0.08538933,-0.16028437,0.07430489,-0.16047506,0.12418477,-0.15039192,0.11671257,-0.15089367
0,59,0.08311607,-0.16414128,0.07199358,-0.16419587,0.12265233,-0.16054036,0.115154475,-0.16068397
0,60,0.08069363,-0.16790107,0.069538906,-0.16782044,0.121019326,-0.17043322,0.11349974,-0.17022108
0,61,0.0781257,-0.17156132,0.06694467,-0.17134622,0.11928824,-0.18006419,0.11175092,-0.17949821
0,62,0.075415894,-0.17511952,0.064214796,-0.17477074,0.11746152,-0.18942665,0.10991067,-0.18850893
0,63,0.072568014,-0.1785735,0.061353263,-0.17809169,0.11554171,-0.19851488,0.10798167,-0.19724712
0,64,0.069585934,-0.18192102,0.058364164,-0.18130685,0.11353144,-0.20732297,0.105966665,-0.20570695
0,65,0.06647354,-0.18516004,0.05525167,-0.18441415,0.11143333,-0.21584558,0.103868484,-0.21388297
0,66,0.06323497,-0.18828854,0.052020032,-0.1874116,0.10925015,-0.22407739,0.10168998,-0.22176997
0,67,0.059874285,-0.19130474,0.048673574,-0.19029741,0.10698466,-0.23201372,0.09943408,-0.22936319
0,68,0.05639572,-0.1942069,0.045216683,-0.19306983,0.10463971,-0.23964995,0.09710373,-0.23665807
0,69,0.052803557,-0.19699344,0.04165382,-0.1957273,0.102218166,-0.246982,0.09470194,-0.2436505
0,70,0.049102154,-0.19966283,0.0379895,-0.19826835,0.09972299,-0.2540058,0.092231765,-0.2503366
0,71,0.04529595,-0.2022137,0.034228295,-0.20069166,0.097157165,-0.26071772,0.08969627,-0.25671285
0,72,0.041389417,-0.20464486,0.03037482,-0.202996,0.094523706,-0.26711467,0.087098576,-0.26277614
0,73,0.03738716,-0.20695509,0.026433738,-0.20518032,0.09182572,-0.27319342,0.08444183,-0.26852357
0,74,0.03329381,-0.20914347,0.022409758,-0.20724364,0.08906633,-0.27895156,0.0817292,-0.27395263
0,75,0.029114034,-0.21120904,0.018307613,-0.20918515,0.08624867,-0.28438655,0.07896388,-0.27906123
0,76,0.024852555,-0.21315107,0.014132077,-0.21100417,0.08337593,-0.28949645,0.07614908,-0.28384748
0,77,0.020514239,-0.21496895,0.00988794,-0.2127001,0.0804514,-0.29427972,0.07328804,-0.28830987
0,78,0.016103853,-0.21666211,0.005580018,-0.21427248,0.07747829,-0.2987348,0.070383996,-0.29244718
0,79,0.0116262995,-0.21823019,0.001213137,-0.21572103,0.074459895,-0.3028608,0.06744021,-0.29625863
0,80,0.007086497,-0.21967292,-0.0032078628,-0.2170455,0.07139954,-0.30665696,0.06445994,-0.29974362
0,81,0.0024893992,-0.22099012,-0.0076781376,-0.21824585,0.06830056,-0.31012282,0.061446454,-0.302902
0,82,-0.0021600313,-0.22218183,-0.0121928435,-0.2193221,0.0651663,-0.31325847,0.058403023,-0.3057339
0,83,-0.0068567656,-0.22324803,-0.016747138,-0.22027443,0.06200016,-0.3160639,0.055332895,-0.3082397
0,84,-0.011595789,-0.2241891,-0.02133619,-0.22110313,0.058805503,-0.3185401,0.05223934,-0.3104202
0,85,-0.016372096,-0.22500527,-0.025955182,-0.22180858,0.055585716,-0.32068762,0.0491256,-0.3122764
0,86,-0.021180628,-0.22569698,-0.030599313,-0.22239134,0.052344207,-0.32250768,0.045994915,-0.31380975
0,87,-0.026016345,-0.22626483,-0.035263807,-0.22285199,0.04908437,-0.32400182,0.042850506,-0.31502184
0,88,-0.030874234,-0.22670954,-0.039943907,-0.22319134,0.045809586,-0.32517195,0.03969557,-0.31591475
0,89,-0.035749234,-0.22703186,-0.0446349,-0.2234102,0.042523272,-0.32602003,0.036533292,-0.31649062
0,90,-0.04063635,-0.2272327,-0.0493321,-0.22350956,0.039228782,-0.3265485,0.033366833,-0.31675208
0,91,-0.045530576,-0.22731313,-0.054030865,-0.22349052,0.035929505,-0.32676014,0.03019932,-0.31670195
0,92,-0.050426953,-0.22727424,-0.058726594,-0.22335424,0.03262878,-0.3266578,0.027033852,-0.31634337
0,93,-0.055320553,-0.22711724,-0.06341474,-0.223102,0.02932992,-0.3262447,0.023873497,-0.31567967
0,94,-0.06020648,-0.2268435,-0.0680908,-0.22273523,0.026036236,-0.32552445,0.020721288,-0.3147146
0,95,-0.06507985,-0.22645447,-0.07275032,-0.22225538,0.022751015,-0.3245008,0.017580226,-0.313452
0,96,-0.0699359,-0.22595164,-0.07738895,-0.22166404,0.019477472,-0.32317775,0.01445325,-0.31189606
0,97,-0.07476986,-0.2253367,-0.08200234,-0.22096293,0.01621882,-0.3215597,0.011343286,-0.31005126
0,98,-0.07957702,-0.22461134,-0.08658626,-0.22015376,0.012978235,-0.3196511,0.0082531925,-0.30792218
0,99,-0.08435279,-0.2237773,-0.091136515,-0.21923845,0.00975881,-0.3174565,0.00518579,-0.30551377
0,100,-0.08909259,-0.22283658,-0.095649004,-0.21821891,0.0065636337,-0.3149813,0.002143847,-0.3028311
0,101,-0.09379196,-0.22179112,-0.1001197,-0.2170972,0.00339571,-0.31223044,-0.0008699245,-0.29987964
0,102,-0.09844647,-0.22064295,-0.104544654,-0.21587539,0.00025802673,-0.30920935,-0.0038528575,-0.29666477
0,103,-0.103051856,-0.21939427,-0.10892,-0.2145557,-0.0028465376,-0.30592376,-0.0068023507,-0.29319236
0,104,-0.10760388,-0.21804729,-0.11324196,-0.21314038,-0.0059151305,-0.30237955,-0.009715857,-0.28946835
0,105,-0.112098396,-0.21660423,-0.117506854,-0.21163179,-0.008944959,-0.29858255,-0.01259089,-0.2854989
0,106,-0.11653139,-0.2150675,-0.12171108,-0.2100323,-0.011933312,-0.29453906,-0.01542503,-0.28129026
0,107,-0.12089895,-0.21343946,-0.12585115,-0.20834441,-0.014877556,-0.2902553,-0.01821592,-0.27684903
0,108,-0.12519725,-0.2117227,-0.12992364,-0.20657063,-0.01777511,-0.2857381,-0.020961251,-0.27218178
0,109,-0.12942259,-0.20991966,-0.13392527,-0.20471355,-0.020623485,-0.28099388,-0.023658818,-0.26729542
0,110,-0.13357136,-0.20803295,-0.13785283,-0.20277584,-0.023420235,-0.2760295,-0.02630645,-0.2621968
0,111,-0.13764013,-0.20606527,-0.14170323,-0.20076017,-0.026163066,-0.2708521,-0.028902069,-0.25689313
0,112,-0.14162552,-0.20401928,-0.14547348,-0.19866931,-0.028849682,-0.2654686,-0.031443655,-0.25139162
0,113,-0.14552434,-0.20189768,-0.14916068,-0.19650605,-0.03147794,-0.2598862,-0.03392926,-0.24569957
0,114,-0.14933345,-0.19970334,-0.1527621,-0.19427323,-0.034045722,-0.25411236,-0.036357034,-0.2398245
0,115,-0.15304989,-0.1974391,-0.15627503,-0.19197372,-0.036551032,-0.24815464,-0.03872516,-0.23377395
0,116,-0.15667081,-0.19510774,-0.15969697,-0.18961045,-0.038991958,-0.2420203,-0.04103194,-0.22755565
0,117,-0.16019352,-0.19271225,-0.16302547,-0.18718635,-0.041366674,-0.23571719,-0.043275736,-0.22117727
0,118,-0.16361542,-0.19025548,-0.1662582,-0.18470441,-0.043673433,-0.22925286,-0.045454975,-0.21464671
0,119,-0.16693409,-0.18774046,-0.16939297,-0.18216762,-0.0459106,-0.22263527,-0.047568176,-0.20797183
0,120,-0.17014723,-0.18517017,-0.17242771,-0.17957902,-0.04807663,-0.21587224,-0.049613945,-0.20116062
0,121,-0.17325264,-0.18254766,-0.17536046,-0.17694163,-0.05017004,-0.2089718,-0.051590953,-0.19422105
0,122,-0.17624833,-0.17987591,-0.17818935,-0.17425856,-0.05218948,-0.20194182,-0.05349796,-0.18716127
0,123,-0.17913236,-0.17715797,-0.18091269,-0.17153285,-0.054133654,-0.19479027,-0.055333804,-0.1799893
0,124,-0.18190302,-0.17439696,-0.18352884,-0.1687676,-0.056001402,-0.18752542,-0.057097398,-0.17271328
0,125,-0.18455866,-0.17159593,-0.18603635,-0.1659659,-0.057791613,-0.18015526,-0.05878775,-0.16534135
0,126,-0.1870978,-0.16875802,-0.18843383,-0.16313085,-0.059503295,-0.17268807,-0.06040393,-0.15788168
0,127,-0.18951915,-0.16588628,-0.19072005,-0.16026555,-0.061135564,-0.16513187,-0.06194511,-0.1503424
0,128,-0.19182144,-0.16298382,-0.19289389,-0.15737312,-0.062687576,-0.15749481,-0.063410535,-0.14273174
0,129,-0.19400363,-0.16005379,-0.19495437,-0.1544566,-0.064158626,-0.14978522,-0.06479953,-0.13505772
0,130,-0.1960648,-0.15709928,-0.19690058,-0.15151912,-0.06554809,-0.14201121,-0.066111505,-0.12732853
0,131,-0.19800417,-0.1541234,-0.19873177,-0.14856374,-0.06685545,-0.13418098,-0.06734594,-0.11955224
0,132,-0.19982104,-0.15112925,-0.2004473,-0.14559352,-0.06808024,-0.12630267,-0.06850241,-0.11173691
0,133,-0.20151494,-0.14811994,-0.20204668,-0.1426115,-0.06922212,-0.118384495,-0.06958058,-0.10389052
0,134,-0.20308542,-0.14509852,-0.20352946,-0.13962072,-0.07028081,-0.11043444,-0.07058015,-0.09602108
0,135,-0.20453225,-0.14206806,-0.2048954,-0.13662416,-0.07125614,-0.10246059,-0.07150095,-0.08813643
0,136,-0.2058553,-0.13903162,-0.2061443,-0.1336248,-0.072148025,-0.094471015,-0.07234285,-0.08024444
0,137,-0.20705457,-0.13599223,-0.20727614,-0.1306256,-0.07295648,-0.08647367,-0.07310584,-0.07235284
0,138,-0.20813014,-0.13295294,-0.20829095,-0.12762949,-0.07368153,-0.07847661,-0.07378994,-0.06446937
0,139,-0.2090823,-0.12991668,-0.20918892,-0.12463933,-0.07432341,-0.07048751,-0.074395284,-0.056601573
0,140,-0.20991145,-0.12688646,-0.20997034,-0.12165798,-0.07488235,-0.06251428,-0.07492205,-0.04875695
0,141,-0.21061805,-0.1238652,-0.21063562,-0.11868826,-0.07535868,-0.054564655,-0.07537052,-0.040942933
0,142,-0.21120273,-0.12085578,-0.21118525,-0.115732946,-0.07575282,-0.046646167,-0.07574104,-0.033166807
0,143,-0.21166618,-0.11786108,-0.21161985,-0.11279477,-0.07606524,-0.038766414,-0.07603401,-0.02543579
0,144,-0.21200931,-0.114883944,-0.21194014,-0.10987642,-0.07629655,-0.030932888,-0.07624992,-0.01775692
0,145,-0.21223305,-0.11192712,-0.21214697,-0.10698054,-0.076447375,-0.023152804,-0.07638935,-0.0101371985
0,146,-0.21233848,-0.10899338,-0.21224123,-0.10410973,-0.076518446,-0.01543345,-0.076452896,-0.002583424
0,147,-0.21232678,-0.106085464,-0.21222396,-0.10126652,-0.07651056,-0.0077820476,-0.07644125,0.004897717
0,148,-0.21219926,-0.103205934,-0.21209632,-0.09845342,-0.0764246,-0.00020533601,-0.076355204,0.012299637
0,149,-0.21195728,-0.10035749,-0.21185948,-0.09567285,-0.076261476,0.007289586,-0.076195545,0.019615946
0,150,-0.21160235,-0.097542614,-0.2115148,-0.09292722,-0.07602221,0.014696173,-0.07596319,0.02684035
0,151,-0.21113609,-0.094763845,-0.21106365,-0.09021883,-0.0757079,0.022007756,-0.07565907,0.033966754
0,152,-0.21056013,-0.092023596,-0.21050757,-0.08754995,-0.07531963,0.029217986,-0.075284205,0.040989194
0,153,-0.20987633,-0.08932428,-0.20984812,-0.08492278,-0.07485867,0.03632051,-0.07483966,0.047901873
0,154,-0.20908652,-0.08666821,-0.20908697,-0.08233948,-0.074326254,0.043309256,-0.07432655,0.05469914
0,155,-0.20819266,-0.08405763,-0.20822588,-0.07980212,-0.07372368,0.050178293,-0.07374608,0.06137553
0,156,-0.2071968,-0.08149475,-0.20726669,-0.07731271,-0.07305236,0.05692183,-0.07309947,0.067925744
0,157,-0.20610109,-0.07898164,-0.20621128,-0.074873194,-0.07231372,0.0635344,-0.07238801,0.07434467
0,158,-0.20490773,-0.07652041,-0.20506167,-0.07248546,-0.07150926,0.07001045,-0.071613036,0.08062735
0,159,-0.20361899,-0.074113026,-0.2038199,-0.07015132,-0.0706405,0.07634485,-0.07077593,0.086769015
0,160,-0.20223723,-0.07176137,-0.2024881,-0.06787251,-0.06970903,0.0825326,-0.06987814,0.09276509
0,161,-0.20076488,-0.06946732,-0.20106846,-0.065650694,-0.068716496,0.08856878,-0.06892114,0.098611206
0,162,-0.19920442,-0.067232564,-0.19956324,-0.063487485,-0.067664556,0.09444894,-0.06790645,0.104303114
0,163,-0.19755842,-0.06505887,-0.19797474,-0.0613844,-0.06655496,0.10016843,-0.06683562,0.10983682
0,164,-0.19582942,-0.062947765,-0.19630536,-0.05934289,-0.06538942,0.10572324,-0.06571026,0.1152085
0,165,-0.19402017,-0.06090075,-0.19455752,-0.05736434,-0.06416977,0.111109406,-0.06453201,0.120414525
0,166,-0.19213332,-0.05891933,-0.1927337,-0.055450052,-0.06289782,0.11632299,-0.06330255,0.12545146
0,167,-0.19017167,-0.057004813,-0.19083644,-0.05360125,-0.06157544,0.121360525,-0.062023573,0.1303161
0,168,-0.18813804,-0.055158425,-0.18886833,-0.051819094,-0.060204532,0.1262188,-0.060696833,0.13500535
0,169,-0.18603523,-0.053381424,-0.18683195,-0.050104655,-0.058786996,0.1308945,-0.05932408,0.13951644
0,170,-0.18386617,-0.051674884,-0.18473001,-0.048458934,-0.057324797,0.1353848,-0.057907123,0.1438467
0,171,-0.18163376,-0.050039787,-0.1825652,-0.04688286,-0.055819888,0.13968712,-0.05644779,0.14799373
0,172,-0.17934094,-0.048477072,-0.18034023,-0.045377277,-0.054274265,0.14379899,-0.0549479,0.15195526
0,173,-0.1769907,-0.046987582,-0.1780579,-0.043942954,-0.05268993,0.14771818,-0.05340934,0.1557293
0,174,-0.17458603,-0.04557207,-0.17572097,-0.042580586,-0.0510689,0.15144272,-0.051833987,0.159314
0,175,-0.17212996,-0.044231173,-0.17333229,-0.04129079,-0.049413223,0.15497093,-0.050223734,0.16270776
0,176,-0.16962552,-0.04296549,-0.17089468,-0.040074106,-0.04772494,0.15830123,-0.0485805,0.16590913
0,177,-0.16707575,-0.04177549,-0.16841102,-0.038930994,-0.0460061,0.1614324,-0.04690622,0.16891693
0,178,-0.16448373,-0.040661577,-0.16588418,-0.037861846,-0.04425877,0.16436337,-0.04520284,0.1717301
0,179,-0.1618525,-0.039624076,-0.16331707,-0.03686697,-0.042485014,0.16709326,-0.04347231,0.17434785
0,180,-0.15918511,-0.038663227,-0.16071257,-0.035946608,-0.04068689,0.16962148,-0.041716576,0.17676954
0,181,-0.15648468,-0.037779164,-0.1580736,-0.03510091,-0.038866483,0.17194766,-0.039937604,0.17899476
0,182,-0.15375423,-0.036971945,-0.15540309,-0.034329973,-0.037025847,0.17407162,-0.03813737,0.18102328
0,183,-0.15099682,-0.036241557,-0.15270396,-0.033633806,-0.035167027,0.17599346,-0.036317836,0.18285505
0,184,-0.14821552,-0.035587873,-0.14997908,-0.033012345,-0.033292107,0.17771344,-0.034480955,0.18449026
0,185,-0.14541332,-0.03501073,-0.14723143,-0.032465465,-0.031403102,0.17923205,-0.032628715,0.18592924
0,186,-0.14259328,-0.034509864,-0.14446387,-0.031992957,-0.029502062,0.18054993,-0.030763056,0.18717252
0,187,-0.13975836,-0.034084935,-0.14167932,-0.031594545,-0.027591,0.18166803,-0.028885946,0.18822083
0,188,-0.13691153,-0.033735495,-0.13888066,-0.031269886,-0.0256719,0.18258749,-0.02699932,0.18907508
0,189,-0.13405576,-0.033461075,-0.13607076,-0.031018564,-0.023746783,0.18330954,-0.025105124,0.18973637
0,190,-0.131194,-0.03326113,-0.13325247,-0.030840103,-0.021817617,0.18383564,-0.023205271,0.19020593
0,191,-0.12832908,-0.03313498,-0.13042863,-0.030733952,-0.019886333,0.18416758,-0.02130167,0.19048525
0,192,-0.1254639,-0.033081915,-0.12760204,-0.030699499,-0.017954867,0.1843072,-0.019396221,0.1905759
0,193,-0.12260127,-0.033101168,-0.12477551,-0.030736066,-0.01602512,0.18425654,-0.017490808,0.19047968
0,194,-0.119744,-0.03319188,-0.12195177,-0.030842915,-0.014098989,0.18401787,-0.015587279,0.19019854
0,195,-0.11689483,-0.03335316,-0.11913356,-0.031019242,-0.012178312,0.1835935,-0.01368748,0.1897346
0,196,-0.11405644,-0.03358404,-0.116323575,-0.03126419,-0.010264908,0.18298599,-0.011793222,0.18909006
0,197,-0.111231506,-0.033883434,-0.11352447,-0.031576835,-0.008360575,0.18219823,-0.009906298,0.18826742
0,198,-0.10842266,-0.034250293,-0.11073887,-0.031956203,-0.006467085,0.18123293,-0.008028483,0.18726923
0,199,-0.10563246,-0.03468344,-0.107969366,-0.032401256,-0.0045861662,0.18009321,-0.0061615123,0.18609819
0,200,-0.10575883,0.21659836,-0.09782688,0.3451582,-0.004671354,0.8412739,0.00067570276,1.1795446
0,201,-0.0918697,0.32245842,-0.08041977,0.3404542,0.0046915403,1.1198162,0.012410123,1.1671673
0,202,-0.074003525,0.36719948,-0.06320383,0.3353641,0.016735421,1.2375404,0.024015676,1.153774
0,203,-0.05539601,0.37833387,-0.046193957,0.3298968,0.029279053,1.2668375,0.03548231,1.1393883
0,204,-0.037043672,0.37212998,-0.029404696,0.3240615,0.041650668,1.2505137,0.046800226,1.1240344
0,205,-0.019192409,0.35800135,-0.012850229,0.31786782,0.0536845,1.2133379,0.057959866,1.1077373
0,206,-0.0018795319,0.34118664,0.0034556508,0.31132552,0.06535539,1.1690946,0.06895193,1.090523
0,207,0.014902543,0.32437137,0.019499531,0.30444476,0.07666846,1.1248497,0.07976737,1.0724181
0,208,0.031167213,0.3087275,0.0352684,0.29723594,0.087632746,1.0836871,0.090397425,1.05345
0,209,0.04692867,0.29458344,0.050749667,0.28970966,0.09825781,1.0464708,0.1008336,1.0336467
0,210,0.062202763,0.28184366,0.06593114,0.2818768,0.108554326,1.0129493,0.11106769,1.0130366
0,211,0.077006996,0.27023795,0.080801085,0.27374843,0.1185341,0.9824121,0.12109176,0.991649
0,212,0.09135939,0.25945765,0.09534817,0.2653358,0.1282093,0.9540466,0.13089819,0.96951336
0,213,0.10527684,0.24922197,0.1095615,0.25665033,0.13759127,0.9271141,0.14047964,0.9466599
0,214,0.11877383,0.23930338,0.12343069,0.24770357,0.14668982,0.90101606,0.14982907,0.9231188
0,215,0.13186167,0.22953112,0.13694575,0.23850726,0.15551254,0.875303,0.15893981,0.89892125
0,216,0.14454842,0.2197848,0.15009719,0.2290732,0.16406488,0.84965813,0.1678054,0.87409806
0,217,0.15683886,0.2099845,0.16287595,0.21941334,0.17235008,0.82387125,0.17641978,0.84868073
0,218,0.16873513,0.20008071,0.17527345,0.20953965,0.18036954,0.7978121,0.18477714,0.8227008
0,219,0.18023714,0.19004568,0.18728158,0.19946425,0.18812324,0.77140766,0.19287202,0.79619
0,220,0.19134316,0.17986682,0.19889271,0.18919922,0.19561,0.7446247,0.20069927,0.76918036
0,221,0.2020504,0.16954133,0.21009967,0.17875673,0.20282792,0.7174559,0.20825407,0.74170375
0,222,0.2123553,0.1590729,0.22089575,0.16814896,0.20977461,0.68991107,0.21553187,0.7137923
0,223,0.22225396,0.14846914,0.23127478,0.1573881,0.21644747,0.6620101,0.22252856,0.685478
0,224,0.23174246,0.13774,0.241231,0.1464863,0.22284381,0.6337793,0.22924021,0.6567928
0,225,0.24081697,0.1268969,0.25075912,0.13545571,0.2289611,0.6052486,0.23566328,0.62776875
0,226,0.24947383,0.1159517,0.2598544,0.12430845,0.23479682,0.5764492,0.24179456,0.5984377
0,227,0.25770983,0.10491681,0.2685125,0.11305657,0.24034886,0.5474138,0.24763112,0.56883144
0,228,0.26552215,0.09380449,0.27672955,0.101712085,0.24561527,0.51817477,0.25317037,0.53898144
0,229,0.27290854,0.08262695,0.28450218,0.09028691,0.25059456,0.48876408,0.25841004,0.5089192
0,230,0.27986705,0.07139635,0.2918275,0.07879291,0.2552854,0.45921373,0.26334813,0.47867578
0,231,0.28639635,0.060124513,0.298703,0.06724183,0.25968692,0.42955494,0.26798305,0.44828224
0,232,0.29249564,0.048823033,0.30512676,0.055645335,0.26379853,0.3998181,0.2723134,0.41776916
0,233,0.29816452,0.03750326,0.31109715,0.044014964,0.26762003,0.37003317,0.27633813,0.38716695
0,234,0.30340308,0.026176225,0.3166131,0.032362144,0.27115142,0.34022912,0.28005654,0.35650572
0,235,0.30821195,0.014852662,0.321674,0.02069818,0.27439317,0.3104342,0.28346816,0.3258151
0,236,0.31259212,0.0035429858,0.32627955,0.009034238,0.27734593,0.2806758,0.28657284,0.29512456
0,237,0.31654498,-0.007742595,0.33043,-0.0026186595,0.2800106,0.25098082,0.28937072,0.2644631
0,238,0.32007238,-0.018994395,0.33412606,-0.014249632,0.28238848,0.22137474,0.2918623,0.23385932
0,239,0.3231764,-0.03020281,0.3373687,-0.025847957,0.28448096,0.19188279,0.29404822,0.20334144
0,240,0.3258596,-0.041358676,0.34015945,-0.03740307,0.28628975,0.16252914,0.2959295,0.17293726
0,241,0.3281248,-0.052453022,0.34250018,-0.048904568,0.28781673,0.13333733,0.29750744,0.14267415
0,242,0.32997495,-0.0634772,0.3443932,-0.060342226,0.28906396,0.10433017,0.29878354,0.11257902
0,243,0.33141345,-0.07442281,0.34584117,-0.07170599,0.2900337,0.07552975,0.29975966,0.08267832
0,244,0.3324438,-0.0852817,0.34684724,-0.08298598,0.29072827,0.04695748,0.30043787,0.052998044
0,245,0.3330698,-0.09604585,0.34741476,-0.09417252,0.29115027,0.0186345,0.30082044,0.023563663
0,246,0.33329543,-0.1067076,0.34754765,-0.10525611,0.29130235,-0.009419038,0.30091003,-0.005599825
0,247,0.3331248,-0.11725935,0.3472501,-0.11622743,0.29118732,-0.03718314,0.30070943,-0.034467917
0,248,0.33256218,-0.12769374,0.34652662,-0.12707737,0.29080805,-0.064638436,0.3002217,-0.063016616
0,249,0.33161208,-0.13800351,0.34538218,-0.13779703,0.2901676,-0.09176583,0.29945025,-0.09122252
0,250,0.3302791,-0.14818157,0.343822,-0.14837767,0.289269,-0.118546665,0.2983985,-0.11906265
0,251,0.32856807,-0.15822095,0.34185168,-0.15881084,0.28811556,-0.14496258,0.29707026,-0.14651473
0,252,0.32648382,-0.16811478,0.33947715,-0.16908821,0.28671053,-0.17099555,0.29546955,-0.17355688
0,253,0.32403132,-0.1778563,0.33670464,-0.17920175,0.28505728,-0.19662774,0.29360056,-0.20016794
0,254,0.32121587,-0.18743879,0.3335407,-0.18914357,0.28315932,-0.22184148,0.2914677,-0.22632717
0,255,0.31804273,-0.19685568,0.32999218,-0.19890605,0.28102025,-0.24661952,0.28907558,-0.25201452
0,256,0.3145173,-0.2061005,0.32606626,-0.20848179,0.2786437,-0.27094477,0.28642905,-0.2772105
0,257,0.31064525,-0.21516672,0.32177028,-0.2178636,0.2760335,-0.2948001,0.28353307,-0.30189624
0,258,0.30643228,-0.22404808,0.31711206,-0.22704457,0.27319348,-0.31816903,0.2803929,-0.32605347
0,259,0.30188423,-0.23273829,0.3120995,-0.23601793,0.27012756,-0.34103498,0.27701384,-0.34966448
0,260,0.2970073,-0.24123108,0.30674082,-0.24477726,0.26683992,-0.3633815,0.27340147,-0.3727123
0,261,0.29180756,-0.24952048,0.30104452,-0.2533163,0.2633347,-0.3851928,0.2695615,-0.39518052
0,262,0.2862915,-0.2576005,0.29501936,-0.26162907,0.25961626,-0.4064532,0.26549983,-0.41705334
0,263,0.28046563,-0.26546523,0.2886742,-0.26970986,0.25568894,-0.42714715,0.26122245,-0.43831575
0,264,0.27433673,-0.2731089,0.28201827,-0.27755317,0.25155732,-0.44725943,0.2567356,-0.45895332
0,265,0.26791176,-0.280526,0.27506092,-0.28515378,0.24722615,-0.46677557,0.2520455,-0.4789523
0,266,0.26119778,-0.28771105,0.26781172,-0.29250666,0.24270014,-0.48568106,0.2471587,-0.49829942
0,267,0.25420222,-0.29465884,0.26028043,-0.2996072,0.23798431,-0.5039623,0.24208175,-0.51698256
0,268,0.24693255,-0.3013642,0.25247696,-0.3064509,0.23308371,-0.5216057,0.2368213,-0.53498995
0,269,0.23939659,-0.3078224,0.24441148,-0.31303358,0.22800359,-0.5385987,0.23138422,-0.5523105
0,270,0.23160224,-0.31402868,0.23609422,-0.31935135,0.2227493,-0.55492884,0.22577742,-0.568934
0,271,0.22355767,-0.3199787,0.22753559,-0.32540056,0.21732631,-0.5705848,0.2200079,-0.5848509
0,272,0.21527131,-0.32566845,0.21874616,-0.33117786,0.21174034,-0.5855558,0.2140828,-0.6000523
0,273,0.20675175,-0.3310939,0.20973656,-0.33668017,0.20599717,-0.5998314,0.20800929,-0.61453015
0,274,0.19800779,-0.3362516,0.20051761,-0.3419047,0.20010273,-0.6134025,0.20179464,-0.6282771
0,275,0.18904851,-0.34113815,0.1911002,-0.34684893,0.19406313,-0.62626016,0.1954462,-0.64128655
0,276,0.17988312,-0.34575075,0.18149531,-0.35151058,0.1878846,-0.638397,0.1889714,-0.6535524
0,277,0.17052117,-0.35008663,0.17171402,-0.35588777,0.18157355,-0.64980567,0.18237767,-0.6650698
0,278,0.16097228,-0.35414365,0.16176745,-0.35997877,0.17513648,-0.6604806,0.17567253,-0.6758342
0,279,0.1512464,-0.35791978,0.1516668,-0.36378223,0.16858011,-0.67041653,0.1688635,-0.685842
0,280,0.14135362,-0.36141348,0.14142333,-0.36729705,0.16191122,-0.67960924,0.16195822,-0.6950903
0,281,0.13130422,-0.36462346,0.13104832,-0.37052247,0.15513675,-0.68805546,0.15496425,-0.7035771
0,282,0.121108755,-0.3675489,0.12055306,-0.3734579,0.14826383,-0.695753,0.14788923,-0.7113009
0,283,0.1107779,-0.37018937,0.109948896,-0.37610316,0.14129962,-0.7027006,0.14074078,-0.7182612
0,284,0.10032253,-0.37254456,0.099247135,-0.3784583,0.13425149,-0.70889765,0.13352655,-0.7244581
0,285,0.0897537,-0.37461475,0.08845911,-0.38052368,0.12712687,-0.7143448,0.12625416,-0.7298926
0,286,0.07908264,-0.37640056,0.07759611,-0.3822999,0.11993333,-0.71904373,0.118931234,-0.7345663
0,287,0.06832072,-0.37790287,0.06666941,-0.3837879,0.11267854,-0.72299665,0.11156537,-0.7384815
0,288,0.057479482,-0.3791229,0.055690233,-0.38498887,0.10537029,-0.72620684,0.104164116,-0.7416416
0,289,0.04657052,-0.38006234,0.044669762,-0.38590428,0.098016374,-0.7286787,0.09673504,-0.7440502
0,290,0.035605643,-0.38072312,0.033619102,-0.38653585,0.090624765,-0.7304174,0.08928561,-0.74571204
0,291,0.024596673,-0.38110745,0.022549298,-0.38688564,0.083203435,-0.7314286,0.08182327,-0.7466324
0,292,0.013555575,-0.3812179,0.011471303,-0.38695592,0.075760454,-0.73171926,0.07435541,-0.7468173
0,293,0.0024942756,-0.3810573,0.00039597962,-0.38674924,0.06830385,-0.73129666,0.06688935,-0.74627346
0,294,-0.008575145,-0.3806289,-0.010665918,-0.38626844,0.06084177,-0.7301695,0.059432343,-0.7450084
0,295,-0.019640679,-0.37993604,-0.021703746,-0.38551652,0.05338231,-0.7283464,0.051991563,-0.74302995
0,296,-0.030690253,-0.37898248,-0.032706987,-0.38449687,0.045933615,-0.72583735,0.044574097,-0.74034697
0,297,-0.04171189,-0.3777721,-0.043665264,-0.38321298,0.038503744,-0.72265255,0.037186943,-0.73696876
0,298,-0.052693635,-0.37630916,-0.054568328,-0.3816687,0.031100769,-0.7188032,0.029837007,-0.7329054
0,299,-0.0636237,-0.3745979,-0.0654061,-0.37986803,0.023732634,-0.7143005,0.022531087,-0.7281674
0,300,-0.074490264,-0.372643,-0.07616865,-0.37781528,0.016407302,-0.7091567,0.015275875,-0.72276616
0,301,-0.08528176,-0.3704493,-0.08684623,-0.37551484,0.009132577,-0.7033846,0.00807794,-0.7167132
0,302,-0.09598674,-0.36802176,-0.09742927,-0.37297145,0.0019161744,-0.69699717,0.0009437417,-0.7100209
0,303,-0.106594,-0.3653654,-0.10790837,-0.37019,-0.005234353,-0.6900076,-0.0061203926,-0.7027023
0,304,-0.11709243,-0.36248553,-0.11827433,-0.36717558,-0.01231152,-0.68243,-0.013108259,-0.69477063
0,305,-0.12747136,-0.35938764,-0.12851818,-0.36393344,-0.019308126,-0.6742788,-0.020013805,-0.68623984
0,306,-0.13772015,-0.35607728,-0.13863114,-0.36046907,-0.026217008,-0.6655685,-0.026831117,-0.67712426
0,307,-0.14782868,-0.35256,-0.14860462,-0.35678807,-0.033031333,-0.6563137,-0.033554405,-0.6674387
0,308,-0.15778697,-0.34884173,-0.15843028,-0.35289627,-0.039744377,-0.64653003,-0.040178046,-0.6571985
0,309,-0.16758546,-0.34492815,-0.16810003,-0.34879962,-0.046349704,-0.6362325,-0.04669658,-0.6464192
0,310,-0.17721488,-0.3408252,-0.17760597,-0.34450418,-0.05284105,-0.6254367,-0.05310469,-0.63511693
0,311,-0.18666638,-0.3365389,-0.18694048,-0.34001625,-0.059212465,-0.61415845,-0.059397236,-0.6233081
0,312,-0.1959314,-0.33207542,-0.19609615,-0.33534217,-0.06545817,-0.602414,-0.06556923,-0.6110096
0,313,-0.20500186,-0.32744068,-0.20506586,-0.3304884,-0.07157271,-0.5902189,-0.07161586,-0.5982382
0,314,-0.21386994,-0.32264087,-0.2138427,-0.32546163,-0.077550836,-0.5775895,-0.07753247,-0.5850116
0,315,-0.22252832,-0.31768224,-0.22242008,-0.3202685,-0.08338759,-0.5645422,-0.08331462,-0.5713473
0,316,-0.23097001,-0.3125709,-0.23079161,-0.3149159,-0.08907827,-0.5510931,-0.08895801,-0.5572633
0,317,-0.23918848,-0.3073132,-0.23895122,-0.3094106,-0.09461848,-0.53725886,-0.094458535,-0.5427776
0,318,-0.24717751,-0.30191532,-0.24689308,-0.30375966,-0.10000402,-0.5230558,-0.09981228,-0.5279087
0,319,-0.25493136,-0.29638353,-0.25461164,-0.29797012,-0.10523101,-0.50850034,-0.10501549,-0.51267505
0,320,-0.26244462,-0.29072416,-0.26210165,-0.29204905,-0.11029582,-0.49360925,-0.110064626,-0.49709535
0,321,-0.26971224,-0.28494358,-0.26935807,-0.28600362,-0.11519504,-0.47839922,-0.1149563,-0.48118842
0,322,-0.27672958,-0.279048,-0.27637622,-0.279841,-0.11992555,-0.46288654,-0.11968734,-0.46497315
0,323,-0.28349245,-0.2730438,-0.28315166,-0.27356848,-0.12448451,-0.44708815,-0.12425478,-0.4484687
0,324,-0.2899968,-0.26693738,-0.28968024,-0.2671933,-0.1288692,-0.4310207,-0.1286558,-0.43169406
0,325,-0.29623914,-0.26073503,-0.29595813,-0.26072273,-0.13307726,-0.4147009,-0.13288784,-0.41466853
0,326,-0.3022162,-0.2544431,-0.3019817,-0.2541641,-0.13710651,-0.3981454,-0.1369484,-0.39741126
0,327,-0.30792513,-0.24806803,-0.30774763,-0.24752468,-0.14095499,-0.3813711,-0.14083533,-0.3799414
0,328,-0.31336322,-0.24161622,-0.313253,-0.24081178,-0.1446209,-0.36439487,-0.14454658,-0.36227822
0,329,-0.31852826,-0.23509401,-0.318495,-0.2340327,-0.14810273,-0.34723344,-0.14808032,-0.34444088
0,330,-0.32341832,-0.22850788,-0.32347125,-0.2271947,-0.1513992,-0.32990378,-0.15143488,-0.3264485
0,331,-0.32803157,-0.22186413,-0.32817957,-0.22030503,-0.15450907,-0.31242257,-0.15460883,-0.3083202
0,332,-0.33236665,-0.21516937,-0.33261806,-0.2133709,-0.15743141,-0.29480708,-0.1576009,-0.2900749
0,333,-0.3364224,-0.20842992,-0.33678517,-0.20639952,-0.16016547,-0.277074,-0.16041002,-0.27173156
0,334,-0.340198,-0.20165226,-0.34067953,-0.19939798,-0.16271067,-0.25924042,-0.16303526,-0.2533089
0,335,-0.34369278,-0.1948429,-0.34430015,-0.19237341,-0.16506654,-0.24132344,-0.16547598,-0.23482563
0,336,-0.34690633,-0.18800825,-0.34764624,-0.1853328,-0.16723286,-0.22333989,-0.16773164,-0.21630016
0,337,-0.34983864,-0.18115482,-0.3507173,-0.17828314,-0.16920957,-0.20530692,-0.16980189,-0.19775087
0,338,-0.35248974,-0.17428914,-0.35351318,-0.17123133,-0.17099673,-0.18724172,-0.17168663,-0.17919591
0,339,-0.35486004,-0.16741759,-0.35603383,-0.1641842,-0.17259458,-0.16916107,-0.17338586,-0.16065328
0,340,-0.3569502,-0.1605467,-0.35827965,-0.15714848,-0.17400359,-0.15108219,-0.17489979,-0.14214067
0,341,-0.35876092,-0.15368292,-0.3602512,-0.15013084,-0.17522423,-0.13302198,-0.17622884,-0.12367563
0,342,-0.36029342,-0.1468327,-0.36194924,-0.14313787,-0.17625731,-0.11499748,-0.17737353,-0.10527552
0,343,-0.361549,-0.14000252,-0.36337495,-0.13617603,-0.17710371,-0.09702568,-0.17833462,-0.08695731
0,344,-0.36252916,-0.13319874,-0.3645296,-0.12925173,-0.17776446,-0.079123355,-0.179113,-0.06873787
0,345,-0.36323574,-0.1264278,-0.36541486,-0.12237122,-0.17824078,-0.061307445,-0.17970976,-0.050633643
0,346,-0.36367074,-0.11969602,-0.36603248,-0.1155407,-0.17853402,-0.043594576,-0.1801261,-0.03266096
0,347,-0.36383635,-0.11300972,-0.3663846,-0.10876621,-0.17864566,-0.026001373,-0.18036348,-0.014835718
0,348,-0.3637351,-0.10637516,-0.36647344,-0.102053724,-0.17857741,-0.008544298,-0.18042336,0.0028263954
0,349,-0.36336982,-0.09979853,-0.36630163,-0.09540906,-0.17833117,0.008760333,-0.18030754,0.020310052
0,350,-0.3627433,-0.09328598,-0.36587185,-0.08883792,-0.17790881,0.025896367,-0.18001781,0.037600234
0,351,-0.36185881,-0.08684361,-0.3651871,-0.08234589,-0.17731257,0.042847734,-0.17955622,0.05468228
0,352,-0.36071977,-0.08047739,-0.3642506,-0.07593841,-0.17654473,0.05959874,-0.17892492,0.07154184
0,353,-0.3593298,-0.07419324,-0.36306572,-0.06962081,-0.17560771,0.07613379,-0.17812617,0.08816491
0,354,-0.35769278,-0.06799698,-0.3616361,-0.06339825,-0.17450418,0.09243759,-0.17716244,0.10453791
0,355,-0.35581282,-0.061894316,-0.35996553,-0.05727578,-0.17323686,0.10849511,-0.17603628,0.12064755
0,356,-0.3536943,-0.055890832,-0.35805804,-0.05125829,-0.17180873,0.124291666,-0.1747504,0.13648096
0,357,-0.35134163,-0.049992006,-0.35591778,-0.04535053,-0.17022276,0.13981284,-0.17330763,0.15202564
0,358,-0.34875968,-0.044203196,-0.35354915,-0.039557103,-0.16848223,0.15504454,-0.1717109,0.16726948
0,359,-0.34595335,-0.03852957,-0.3509567,-0.033882454,-0.16659044,0.16997315,-0.16996329,0.1822008
0,360,-0.34292784,-0.03297625,-0.34814513,-0.028330885,-0.16455089,0.18458523,-0.16806795,0.19680828
0,361,-0.33968854,-0.027548138,-0.34511936,-0.022906533,-0.16236722,0.19886786,-0.16602823,0.211081
0,362,-0.33624098,-0.02224994,-0.3418844,-0.017613374,-0.16004317,0.21280864,-0.16384749,0.22500853
0,363,-0.33259082,-0.017086275,-0.33844545,-0.0124552315,-0.15758254,0.22639544,-0.16152924,0.2385808
0,364,-0.32874408,-0.012061521,-0.33480787,-0.0074357623,-0.15498939,0.23961674,-0.15907708,0.2517882
0,365,-0.32470682,-0.007179875,-0.33097714,-0.0025584565,-0.1522678,0.25246146,-0.15649472,0.2646215
0,366,-0.3204852,-0.0024453588,-0.32695886,0.0021733583,-0.14942195,0.26491907,-0.15378594,0.277072
0,367,-0.3160856,0.0021381713,-0.32275876,0.006756525,-0.1464561,0.27697942,-0.15095459,0.28913137
0,368,-0.31151456,0.0065671355,-0.31838274,0.011188056,-0.14337468,0.28863305,-0.14800464,0.30079177
0,369,-0.3067787,0.0108381435,-0.31383675,0.015465136,-0.14018215,0.29987106,-0.14494011,0.31204575
0,370,-0.3018847,0.014947947,-0.30912688,0.01958512,-0.13688304,0.3106849,-0.1417651,0.32288638
0,371,-0.2968395,0.018893655,-0.30425933,0.023545539,-0.13348198,0.32106698,-0.1384838,0.33330715
0,372,-0.29165,0.022672456,-0.29924032,0.027344095,-0.12998365,0.3310099,-0.13510041,0.34330204
0,373,-0.2863232,0.026281852,-0.29407623,0.03097867,-0.12639277,0.34050703,-0.13161922,0.35286546
0,374,-0.28086612,0.029719587,-0.28877354,0.03444732,-0.12271406,0.34955254,-0.12804458,0.36199227
0,375,-0.27528596,0.03298359,-0.2833387,0.03774828,-0.11895238,0.35814086,-0.124380864,0.37067786
0,376,-0.2695899,0.03607204,-0.27777833,0.040879957,-0.11511257,0.36626732,-0.12063253,0.37891802
0,377,-0.26378515,0.038983393,-0.27209905,0.04384094,-0.1111995,0.37392774,-0.11680403,0.3867091
0,378,-0.25787896,0.041716263,-0.26630753,0.046629995,-0.107218035,0.38111857,-0.11289988,0.39404774
0,379,-0.25187856,0.04426957,-0.26041055,0.049246058,-0.10317307,0.38783687,-0.10892462,0.40093118
0,380,-0.24579118,0.04664242,-0.25441483,0.05168825,-0.09906947,0.39408043,-0.10488281,0.4073572
0,381,-0.23962417,0.048834193,-0.24832718,0.05395587,-0.094912186,0.39984748,-0.10077903,0.4133238
0,382,-0.23338473,0.050844494,-0.24215445,0.056048386,-0.09070607,0.40513703,-0.096617885,0.41882968
0,383,-0.22708002,0.052673116,-0.23590346,0.057965446,-0.08645596,0.4099486,-0.092403986,0.4238739
0,384,-0.22071733,0.05432015,-0.22958107,0.05970687,-0.08216677,0.4142823,-0.08814196,0.428456
0,385,-0.21430372,0.05578581,-0.22319414,0.06127265,-0.07784325,0.41813877,-0.08383643,0.43257594
0,386,-0.2078463,0.057070646,-0.21674952,0.06266296,-0.073490195,0.4215195,-0.079492,0.43623418
0,387,-0.20135215,0.05817534,-0.21025406,0.06387813,-0.06911238,0.4244262,-0.075113304,0.43943155
0,388,-0.1948282,0.059100788,-0.20371456,0.06491866,-0.06471448,0.4268613,-0.07070492,0.44216943
0,389,-0.18828142,0.05984817,-0.19713786,0.06578523,-0.06030119,0.42882782,-0.06627146,0.44444957
0,390,-0.1817186,0.060418766,-0.19053072,0.06647868,-0.055877086,0.43032917,-0.06181748,0.4462742
0,391,-0.1751465,0.0608141,-0.18389986,0.067,-0.051446725,0.4313694,-0.05734751,0.44764593
0,392,-0.1685718,0.061035886,-0.177252,0.067350365,-0.04701461,0.43195295,-0.05286607,0.4485678
0,393,-0.16200109,0.061085984,-0.17059378,0.06753108,-0.042585183,0.43208477,-0.048377663,0.44904333
0,394,-0.15544079,0.06096647,-0.16393179,0.06754362,-0.038162783,0.4317703,-0.0438867,0.4490763
0,395,-0.14889733,0.060679592,-0.15727256,0.06738962,-0.03375173,0.43101546,-0.03939761,0.4486711
0,396,-0.14237697,0.060227707,-0.15062258,0.06707086,-0.029356249,0.42982647,-0.034914743,0.44783238
0,397,-0.13588583,0.059613366,-0.14398822,0.06658924,-0.024980463,0.42820996,-0.030442417,0.44656512
0,398,-0.12943,0.0588393,-0.1373758,0.06594685,-0.020628477,0.4261732,-0.025984876,0.44487485
0,399,-0.123015374,0.057908308,-0.13079156,0.06514588,-0.016304275,0.42372358,-0.021546328,0.44276732
0,400,-0.11664775,0.0568234,-0.124241635,0.06418868,-0.012011754,0.42086893,-0.017130917,0.44024867
0,401,-0.11033283,0.055587653,-0.11773208,0.063077725,-0.0077547636,0.41761738,-0.012742717,0.4373255
0,402,-0.10407612,0.054204296,-0.11126885,0.061815616,-0.0035370088,0.41397747,-0.008385748,0.43400463
0,403,-0.097883046,0.05267668,-0.10485778,0.06040508,0.0006378427,0.40995795,-0.0040639406,0.43029314
0,404,-0.09175888,0.051008243,-0.09850462,0.058848962,0.004766246,0.40556788,0.00021883068,0.42619866
0,405,-0.085708745,0.04920255,-0.09221499,0.057150237,0.008844739,0.4008167,0.004458775,0.4217289
0,406,-0.07973766,0.04726323,-0.08599439,0.05531198,0.012869944,0.39571393,0.0086521795,0.41689202
0,407,-0.073850445,0.04519403,-0.07984822,0.053337377,0.016838614,0.39026937,0.012795414,0.4116964
0,408,-0.06805182,0.042998735,-0.07378173,0.05122972,0.020747561,0.38449302,0.016884938,0.40615064
0,409,-0.062346336,0.040681284,-0.067800045,0.048992395,0.024593724,0.3783953,0.020917289,0.40026376
0,410,-0.05673839,0.038245607,-0.061908163,0.046628892,0.028374132,0.37198645,0.024889104,0.39404482
0,411,-0.05123224,0.035695735,-0.056110937,0.044142783,0.032085918,0.36527714,0.028797109,0.3875033
0,412,-0.045831956,0.033035744,-0.050413083,0.04153773,0.03572634,0.3582781,0.032638125,0.3806488
0,413,-0.04054149,0.030269805,-0.04481917,0.038817473,0.03929273,0.35100025,0.036409076,0.37349114
0,414,-0.03536462,0.027402032,-0.03933362,0.035985835,0.042782545,0.34345448,0.040106975,0.36604044
0,415,-0.030304983,0.024436694,-0.033960707,0.0330467,0.04619333,0.33565202,0.043728948,0.3583069
0,416,-0.02536602,0.021378018,-0.028704548,0.030004025,0.049522765,0.3276039,0.047272205,0.35030094
0,417,-0.020551048,0.0182303,-0.023569116,0.026861837,0.052768618,0.31932154,0.050734084,0.34203312
0,418,-0.015863195,0.014997829,-0.018558208,0.023624206,0.055928778,0.31081614,0.05411202,0.33351418
0,419,-0.011305448,0.011684928,-0.013675466,0.020295255,0.059001226,0.30209914,0.05740356,0.32475492
0,420,-0.006880589,0.008295946,-0.008924374,0.016879162,0.0619841,0.29318196,0.060606346,0.3157664
0,421,-0.0025913008,0.0048351996,-0.0043082526,0.013380145,0.06487558,0.28407592,0.063718155,0.30655968
0,422,0.0015599243,0.0013070516,0.00016974531,0.009802458,0.06767399,0.27479255,0.06673684,0.29714593
0,423,0.005570773,-0.0022841953,0.0045066327,0.006150392,0.07037777,0.26534313,0.06966042,0.2875365
0,424,0.009439081,-0.0059341528,0.00869959,0.0024282637,0.072985455,0.25573927,0.07248695,0.2777427
0,425,0.013162833,-0.009638522,0.012745969,-0.0013595844,0.0754957,0.2459922,0.075214684,0.267776
0,426,0.016740192,-0.013393007,0.016643288,-0.005208791,0.07790726,0.2361133,0.07784193,0.25764787
0,427,0.020169478,-0.017193276,0.020389237,-0.00911498,0.08021899,0.2261139,0.08036714,0.24736977
0,428,0.023449149,-0.021035086,0.023981677,-0.013073766,0.08242987,0.2160052,0.08278886,0.23695329
0,429,0.026577856,-0.024914231,0.027418643,-0.017080756,0.08453899,0.20579827,0.08510578,0.22640997
0,430,0.029554363,-0.028826427,0.030698339,-0.021131556,0.086545505,0.19550438,0.08731667,0.21575136
0,431,0.03237764,-0.032767523,0.03381914,-0.025221776,0.088448726,0.18513444,0.08942046,0.20498905
0,432,0.035046782,-0.036733378,0.03677959,-0.029347034,0.09024803,0.17469935,0.09141614,0.19413455
0,433,0.03756098,-0.040719893,0.039578408,-0.033502955,0.0919429,0.16420992,0.093302876,0.18319935
0,434,0.0399197,-0.044722978,0.042214487,-0.037685186,0.09353295,0.15367688,0.0950799,0.17219494
0,435,0.04212245,-0.048738617,0.04468688,-0.041889388,0.09501786,0.1431108,0.096746586,0.16113271
0,436,0.044168916,-0.052762862,0.046994813,-0.046111252,0.096397415,0.13252208,0.098302394,0.15002401
0,437,0.04605894,-0.05679177,0.049137685,-0.050346486,0.09767151,0.121921085,0.09974694,0.13888012
0,438,0.047792476,-0.060821462,0.051115055,-0.05459084,0.09884012,0.11131804,0.10107992,0.12771225
0,439,0.049369644,-0.06484814,0.05292665,-0.058840096,0.099903315,0.10072291,0.10230114,0.11653147
0,440,0.050790694,-0.068868026,0.054572355,-0.06309007,0.100861266,0.09014566,0.10341054,0.105348796
0,441,0.052056026,-0.07287741,0.05605223,-0.06733663,0.101714246,0.07959605,0.104408145,0.09417513
0,442,0.053166118,-0.07687265,0.057366483,-0.07157567,0.102462575,0.069083646,0.10529411,0.083021216
0,443,0.054121625,-0.08085014,0.058515493,-0.07580316,0.1031067,0.058617942,0.10606867,0.071897715
0,444,0.054923344,-0.08480637,0.05949978,-0.08001511,0.10364715,0.04820819,0.106732205,0.060815103
0,445,0.05557212,-0.088737875,0.06032004,-0.08420759,0.1040845,0.037863478,0.10728515,0.04978372
0,446,0.056069028,-0.092641294,0.060977094,-0.08837671,0.10441948,0.02759268,0.10772808,0.038813792
0,447,0.05641516,-0.09651326,0.061471935,-0.092518665,0.10465281,0.017404651,0.108061664,0.027915346
0,448,0.05661181,-0.100350484,0.061805703,-0.096629694,0.10478537,0.007308014,0.10828666,0.017098276
0,449,0.056660336,-0.10414982,0.061979666,-0.10070613,0.10481808,-0.0026889143,0.108403936,0.0063722273
0,450,0.05656222,-0.10790813,0.061995253,-0.10474435,0.10475194,-0.012577902,0.10841444,-0.004253271
0,451,0.056319054,-0.11162236,0.06185402,-0.10874083,0.104588024,-0.022350913,0.10831923,-0.014768926
0,452,0.055932548,-0.115289584,0.06155767,-0.11269209,0.10432747,-0.03200022,0.10811946,-0.025165606
0,453,0.055404518,-0.11890684,0.061108027,-0.11659475,0.10397151,-0.04151806,0.107816346,-0.035434406
0,454,0.0547369,-0.1224713,0.06050706,-0.12044551,0.103521466,-0.050896984,0.10741122,-0.04556666
0,455,0.053931665,-0.12598029,0.059756853,-0.12424116,0.10297865,-0.060129937,0.10690549,-0.055553883
0,456,0.05299097,-0.12943101,0.05885962,-0.12797855,0.102344505,-0.06920958,0.10630066,-0.06538782
0,457,0.051917028,-0.132821,0.057817694,-0.13165462,0.10162055,-0.07812942,0.10559828,-0.07506042
0,458,0.05071215,-0.13614765,0.05663353,-0.13526644,0.100808315,-0.08688262,0.104800016,-0.08456395
0,459,0.049378697,-0.13940859,0.055309687,-0.13881111,0.09990941,-0.09546291,0.103907585,-0.09389081
0,460,0.047919188,-0.1426014,0.053848844,-0.14228588,0.09892553,-0.10386394,0.10292281,-0.10303374
0,461,0.0463362,-0.14572392,0.052253783,-0.14568806,0.097858414,-0.11208002,0.10184755,-0.111985646
0,462,0.044632446,-0.1487739,0.050527386,-0.14901505,0.09670989,-0.1201052,0.100683756,-0.12073974
0,463,0.042810615,-0.15174924,0.048672635,-0.15226439,0.09548176,-0.12793402,0.099433444,-0.1292895
0,464,0.04087354,-0.15464796,0.04669261,-0.15543367,0.09417595,-0.13556123,0.09809867,-0.13762861
0,465,0.03882416,-0.1574681,0.044590484,-0.15852061,0.09279442,-0.14298166,0.0966816,-0.14575106
0,466,0.03666545,-0.16020787,0.04236951,-0.16152301,0.09133921,-0.15019064,0.09518441,-0.15365109
0,467,0.034400474,-0.16286549,0.04003303,-0.16443881,0.089812346,-0.15718345,0.09360934,-0.16132323
0,468,0.032032337,-0.16543934,0.037584465,-0.16726603,0.08821595,-0.16395584,0.09195873,-0.16876228
0,469,0.029564243,-0.1679278,0.035027307,-0.17000276,0.086552165,-0.17050357,0.090234905,-0.17596327
0,470,0.02699947,-0.17032947,0.032365125,-0.17264725,0.084823206,-0.1768229,0.088440284,-0.18292154
0,471,0.024341356,-0.1726429,0.02960155,-0.17519785,0.08303133,-0.18291008,0.0865773,-0.18963276
0,472,0.02159324,-0.17486684,0.026740279,-0.177653,0.08117878,-0.18876179,0.08464848,-0.19609281
0,473,0.018758606,-0.1770001,0.02378507,-0.18001123,0.079267904,-0.1943749,0.082656324,-0.20229787
0,474,0.015840914,-0.1790416,0.020739729,-0.18227121,0.07730104,-0.19974653,0.08060341,-0.20824441
0,475,0.012843762,-0.18099025,0.017608115,-0.1844317,0.07528061,-0.20487389,0.078492336,-0.21392916
0,476,0.009770714,-0.18284523,0.014394134,-0.18649161,0.07320902,-0.2097548,0.076325744,-0.21934925
0,477,0.0066254027,-0.18460572,0.011101731,-0.18844987,0.07108871,-0.21438703,0.074106276,-0.2245019
0,478,0.003411524,-0.18627095,0.00773489,-0.1903056,0.068922184,-0.21876866,0.071836635,-0.22938475
0,479,0.00013281032,-0.18784034,0.00429763,-0.19205801,0.06671195,-0.22289808,0.06951952,-0.23399575
0,480,-0.0032069907,-0.18931335,0.0007939971,-0.1937064,0.06446053,-0.2267739,0.06715766,-0.23833302
0,481,-0.006604094,-0.19068955,-0.0027719361,-0.19525017,0.062170487,-0.230395,0.06475381,-0.24239504
0,482,-0.010054689,-0.19196859,-0.0063960766,-0.19668885,0.059844386,-0.23376046,0.062310718,-0.24618053
0,483,-0.013554946,-0.19315022,-0.010074316,-0.19802208,0.057484806,-0.2368696,0.059831154,-0.2496886
0,484,-0.01710096,-0.19423434,-0.013802531,-0.1992496,0.05509438,-0.23972218,0.0573179,-0.25291848
0,485,-0.020688914,-0.19522081,-0.017576594,-0.20037122,0.05267568,-0.24231781,0.054773744,-0.25586972
0,486,-0.024314864,-0.1961098,-0.02139237,-0.20138693,0.050231367,-0.24465694,0.052201465,-0.2585423
0,487,-0.027974943,-0.19690134,-0.025245724,-0.20229676,0.047764044,-0.24673966,0.049603857,-0.26093626
0,488,-0.03166523,-0.19759569,-0.029132526,-0.20310086,0.045276366,-0.24856664,0.0469837,-0.26305205
0,489,-0.03538182,-0.19819313,-0.033048656,-0.2037995,0.04277095,-0.25013867,0.044343773,-0.2648903
0,490,-0.039120816,-0.19869411,-0.03699,-0.20439301,0.040250428,-0.25145686,0.041686848,-0.26645198
0,491,-0.04287831,-0.1990991,-0.04095247,-0.20488188,0.03771744,-0.25252247,0.03901568,-0.2677383
0,492,-0.04665043,-0.1994087,-0.044931985,-0.20526664,0.035174593,-0.2533371,0.036333025,-0.2687507
0,493,-0.050433278,-0.19962351,-0.048924502,-0.20554796,0.032624513,-0.25390232,0.033641603,-0.26949093
0,494,-0.054223046,-0.19974437,-0.052925985,-0.20572656,0.030069768,-0.25422034,0.030944137,-0.26996088
0,495,-0.05801586,-0.19977206,-0.056932453,-0.20580329,0.02751297,-0.2542932,0.02824331,-0.27016276
0,496,-0.06180795,-0.1997075,-0.06093994,-0.20577909,0.024956658,-0.2541233,0.025541797,-0.27009907
0,497,-0.0655955,-0.19955169,-0.064944535,-0.20565498,0.02240341,-0.25371334,0.022842234,-0.26977253
0,498,-0.06937482,-0.1993057,-0.068942346,-0.20543206,0.019855706,-0.2530661,0.020147245,-0.26918596
0,499,-0.07314221,-0.19897069,-0.07292955,-0.20511152,0.017316049,-0.2521846,0.017459402,-0.26834255
0,500,-0.07612229,0.39156288,-0.058423378,0.74047816,0.015307126,1.3016461,0.027238255,2.219723
0,501,-0.050066777,0.6276813,-0.025684671,0.7306632,0.032871578,1.9229285,0.049307954,2.1938975
0,502,-0.01646946,0.73279554,0.00665692,0.7201331,0.055520084,2.1995082,0.07110996,2.1661906
0,503,0.018898685,0.76773554,0.03857384,0.70890635,0.07936233,2.2914436,0.09262568,2.1366503
0,504,0.054185424,0.7649574,0.070039265,0.6970021,0.103149705,2.2841337,0.11383703,2.1053276
0,505,0.088712975,0.7431286,0.101027146,0.6844405,0.1264253,2.226697,0.13472648,2.072275
0,506,0.12217881,0.713245,0.13151222,0.6712421,0.14898516,2.1480663,0.15527697,2.0375469
0,507,0.1544689,0.68159837,0.16147006,0.6574284,0.17075245,2.0647967,0.17547205,2.0012
0,508,0.18557571,0.65142995,0.19087707,0.6430212,0.19172205,1.9854165,0.19529578,1.9632913
0,509,0.21554299,0.62405086,0.2197105,0.62804294,0.2119235,1.9133759,0.21473289,1.92388
0,510,0.2444347,0.59965605,0.24794851,0.61251646,0.23139986,1.8491875,0.23376858,1.8830261
0,511,0.27232108,0.5778818,0.27557018,0.596465,0.25019854,1.7918944,0.25238883,1.840791
0,512,0.29927245,0.5581526,0.30255547,0.57991207,0.2683669,1.7399822,0.27058005,1.7972364
0,513,0.32535562,0.5398735,0.32888523,0.5628814,0.28595,1.6918857,0.28832936,1.7524248
0,514,0.3506296,0.52251995,0.35454133,0.545397,0.3029876,1.6462245,0.30562457,1.7064192
0,515,0.37514353,0.5056699,0.3795065,0.52748287,0.31951284,1.6018881,0.322454,1.659283
0,516,0.39893395,0.48900336,0.40376446,0.50916326,0.33555037,1.5580345,0.3388067,1.6110799
0,517,0.422025,0.47228923,0.4272998,0.49046227,0.35111642,1.5140557,0.35467222,1.5618732
0,518,0.44442856,0.4553672,0.4500982,0.47140408,0.366219,1.4695301,0.370041,1.5117267
0,519,0.46614602,0.43813145,0.47214606,0.45201266,0.38085914,1.4241788,0.38490385,1.4607035
0,520,0.48716995,0.42051607,0.49343097,0.43231198,0.39503172,1.3778286,0.39925236,1.4088663
0,521,0.5074864,0.40248448,0.5139412,0.41232583,0.40872735,1.3303833,0.41307864,1.3562782
0,522,0.52707666,0.38402092,0.53366625,0.3920777,0.42193347,1.2818015,0.42637563,1.3030007
0,523,0.5459194,0.36512524,0.55259615,0.371591,0.43463567,1.2320825,0.43913656,1.2490954
0,524,0.5639916,0.34580833,0.57072216,0.35088873,0.44681844,1.1812552,0.4513556,1.194623
0,525,0.5812706,0.32608977,0.5880363,0.3299937,0.45846647,1.1293712,0.46302736,1.1396433
0,526,0.5977346,0.30599546,0.6045314,0.30892828,0.46956512,1.0764984,0.474147,1.0842153
0,527,0.61336374,0.28555658,0.62020135,0.28771463,0.480101,1.0227189,0.48471034,1.0283973
0,528,0.62814057,0.26480803,0.6350407,0.26637453,0.4900623,0.9681247,0.49471378,0.9722465
0,529,0.6420511,0.24378774,0.64904505,0.24492933,0.49943963,0.91281545,0.5041544,0.91581917
0,530,0.6550839,0.22253568,0.6622106,0.22340004,0.50822526,0.85689634,0.51302946,0.8591707
0,531,0.66723156,0.20109285,0.6745345,0.20180728,0.51641417,0.80047524,0.5213372,0.80235505
0,532,0.67848986,0.17950082,0.68601465,0.18017125,0.52400357,0.74366164,0.52907616,0.7454257
0,533,0.6888583,0.15780047,0.6966498,0.15851177,0.5309931,0.686563,0.5362455,0.6884346
0,534,0.6983392,0.13603185,0.7064394,0.13684829,0.5373844,0.62928474,0.54284483,0.63143295
0,535,0.7069385,0.11423312,0.71538365,0.11519976,0.5431813,0.5719272,0.5488743,0.57447064
0,536,0.7146642,0.09244035,0.7234835,0.09358483,0.5483893,0.5145854,0.5543345,0.5175968
0,537,0.7215269,0.07068676,0.7307406,0.07202171,0.5530156,0.45734665,0.5592267,0.4608592
0,538,0.72753924,0.049002986,0.7371574,0.050528217,0.5570686,0.40029162,0.5635524,0.40430483
0,539,0.73271525,0.027416449,0.7427369,0.029121798,0.56055784,0.34349245,0.56731355,0.3479796
0,540,0.7370701,0.0059515648,0.7474828,0.007819507,0.5634935,0.28701332,0.57051283,0.29192832
0,541,0.7406194,-0.015370261,0.7513995,-0.013361955,0.56588614,0.23091067,0.5731532,0.236195
0,542,0.7433795,-0.03653058,0.7544921,-0.03440628,0.56774676,0.17523296,0.57523793,0.18082249
0,543,0.7453666,-0.057513375,0.7567662,-0.055297494,0.5690863,0.12002238,0.57677096,0.12585288
0,544,0.7465965,-0.07830514,0.7582282,-0.07601997,0.5699154,0.06531443,0.5777565,0.07132723
0,545,0.74708486,-0.0988944,0.7588848,-0.09655843,0.5702446,0.011139303,0.57819915,0.01728579
0,546,0.7468462,-0.11927147,0.7587436,-0.116897896,0.57008374,-0.04247749,0.57810396,-0.03623206
0,547,0.74589443,-0.13942778,0.7578126,-0.13702372,0.56944215,-0.09551341,0.5774764,-0.089187756
0,548,0.7442424,-0.15935618,0.7561005,-0.15692157,0.5683285,-0.14794964,0.5763222,-0.14154361
0,549,0.7419023,-0.17904997,0.7536164,-0.17657742,0.56675094,-0.19976857,0.5746476,-0.19326271
0,550,0.7388849,-0.19850305,0.75037,-0.19597751,0.5647169,-0.25095412,0.5724592,-0.24430884
0,551,0.73520017,-0.2177093,0.7463716,-0.21510838,0.562233,-0.30149025,0.56976384,-0.2946466
0,552,0.73085713,-0.23666257,0.741632,-0.23395684,0.55930525,-0.35136068,0.56656873,-0.3442413
0,553,0.725864,-0.25535625,0.73616236,-0.25251004,0.55593926,-0.40054807,0.5628816,-0.39305905
0,554,0.720228,-0.27378333,0.7299745,-0.2707553,0.55214,-0.44903398,0.5587102,-0.44106653
0,555,0.71395606,-0.29193583,0.72308075,-0.28868026,0.54791194,-0.49679744,0.554063,-0.48823127
0,556,0.7070542,-0.30980507,0.71549374,-0.30627283,0.54325926,-0.54381555,0.5489485,-0.5345214
0,557,0.69952834,-0.3273811,0.70722675,-0.32352123,0.53818595,-0.59006214,0.5433756,-0.5799059
0,558,0.69138396,-0.3446533,0.69829345,-0.34041384,0.5326957,-0.6355093,0.5373535,-0.6243543
0,559,0.6826267,-0.36160946,0.6887079,-0.35693938,0.52679235,-0.6801249,0.5308917,-0.66783684
0,560,0.67326206,-0.3782366,0.6784847,-0.37308687,0.52047944,-0.72387475,0.5240001,-0.71032465
0,561,0.66329587,-0.39452034,0.6676387,-0.38884553,0.51376104,-0.76672107,0.51668864,-0.75178933
0,562,0.6527344,-0.41044533,0.6561854,-0.4042049,0.5066414,-0.8086234,0.50896776,-0.79220337
0,563,0.6415843,-0.42599514,0.64414054,-0.41915482,0.49912494,-0.84953856,0.5008482,-0.8315401
0,564,0.62985295,-0.44115266,0.63152033,-0.4336854,0.49121666,-0.8894215,0.49234065,-0.8697734
0,565,0.61754847,-0.45589983,0.61834127,-0.44778705,0.482922,-0.92822474,0.48345643,-0.9068781
0,566,0.60467994,-0.47021812,0.60462034,-0.46145055,0.4742471,-0.96589947,0.47420692,-0.94282997
0,567,0.5912571,-0.4840886,0.59037477,-0.47466692,0.46519855,-1.0023959,0.46460375,-0.9776053
0,568,0.577291,-0.4974923,0.5756222,-0.48742756,0.45578378,-1.0376642,0.4546588,-1.0111815
0,569,0.56279373,-0.51041025,0.5603806,-0.49972427,0.44601092,-1.0716543,0.4443842,-1.043537
0,570,0.547778,-0.52282375,0.54466814,-0.5115491,0.4358886,-1.1043171,0.43379217,-1.0746509
0,571,0.53225833,-0.53471476,0.52850354,-0.5228945,0.4254265,-1.1356051,0.42289534,-1.1045033
0,572,0.51624954,-0.546066,0.51190555,-0.53375345,0.4146347,-1.1654727,0.41170636,-1.1330756
0,573,0.49976763,-0.5568614,0.49489334,-0.5441191,0.403524,-1.193878,0.4002382,-1.1603501
0,574,0.48282966,-0.5670859,0.47748625,-0.55398524,0.39210585,-1.2207811,0.38850376,-1.1863102
0,575,0.46545342,-0.57672626,0.45970392,-0.56334597,0.38039222,-1.246147,0.3765164,-1.2109404
0,576,0.44765726,-0.5857704,0.44156614,-0.57219577,0.36839554,-1.2699443,0.36428943,-1.2342263
0,577,0.42946035,-0.5942084,0.42309302,-0.58052975,0.3561287,-1.2921467,0.35183638,-1.2561549
0,578,0.41088226,-0.602032,0.4043047,-0.5883434,0.34360492,-1.3127323,0.33917087,-1.2767144
0,579,0.3919431,-0.60923487,0.38522166,-0.5956326,0.33083773,-1.3316847,0.3263067,-1.295894
0,580,0.37266323,-0.6158127,0.3658644,-0.60239404,0.31784084,-1.3489926,0.31325763,-1.3136849
0,581,0.35306332,-0.6217631,0.34625354,-0.6086246,0.30462822,-1.3646494,0.30003765,-1.330079
0,582,0.33316413,-0.6270856,0.3264099,-0.61432177,0.29121384,-1.3786542,0.2866607,-1.3450695
0,583,0.3129867,-0.6317816,0.30635434,-0.6194837,0.2776119,-1.3910104,0.27314094,-1.3586519
0,584,0.29255214,-0.635854,0.28610778,-0.62410897,0.26383665,-1.4017259,0.2594924,-1.370822
0,585,0.27188182,-0.6393077,0.26569113,-0.6281967,0.24990243,-1.4108133,0.2457292,-1.3815777
0,586,0.2509971,-0.6421486,0.24512546,-0.63174677,0.23582369,-1.4182885,0.23186553,-1.3909187
0,587,0.22991954,-0.6443845,0.2244317,-0.6347593,0.22161496,-1.4241716,0.21791552,-1.3988454
0,588,0.20867102,-0.6460239,0.20363082,-0.6372353,0.20729098,-1.4284853,0.2038933,-1.4053603
0,589,0.18727382,-0.6470767,0.18274376,-0.6391761,0.19286677,-1.4312555,0.189813,-1.410467
0,590,0.16575035,-0.6475536,0.16179135,-0.6405838,0.17835747,-1.4325103,0.17568864,-1.4141711
0,591,0.14412363,-0.6474661,0.14079435,-0.641461,0.16377853,-1.4322801,0.1615342,-1.4164792
0,592,0.12241715,-0.6468264,0.119773425,-0.64181095,0.14914584,-1.4305967,0.14736365,-1.4174
0,593,0.100654885,-0.6456471,0.09874907,-0.64163727,0.13447553,-1.4274938,0.1331908,-1.416943
0,594,0.078861564,-0.64394146,0.077741645,-0.6409444,0.119784296,-1.4230058,0.119029336,-1.4151199
0,595,0.0570623,-0.6417229,0.05677131,-0.63973725,0.10508905,-1.4171684,0.104892895,-1.4119436
0,596,0.035283018,-0.63900536,0.035858043,-0.63802123,0.09040728,-1.4100178,0.09079491,-1.4074284
0,597,0.013550039,-0.6358028,0.015021593,-0.6358024,0.07575672,-1.4015912,0.07674872,-1.40159
0,598,-0.008109778,-0.6321295,-0.0057185427,-0.6330872,0.061155483,-1.3919258,0.06276745,-1.3944458
0,599,-0.029669113,-0.6279997,-0.02634313,-0.6298829,0.046621982,-1.3810594,0.04886408,-1.3860145
0,600,-0.051100526,-0.6234278,-0.046833217,-0.62619686,0.03217471,-1.3690296,0.035051372,-1.3763157
0,601,-0.072376244,-0.6184281,-0.067170165,-0.62203735,0.017832398,-1.3558743,0.021341901,-1.365371
0,602,-0.09346876,-0.6130151,-0.08733565,-0.61741287,0.0036135835,-1.3416314,0.0077480134,-1.3532029
0,603,-0.11435078,-0.607203,-0.10731171,-0.61233246,-0.010463329,-1.3263384,-0.0057181763,-1.3398353
0,604,-0.13499533,-0.601006,-0.12708072,-0.6068056,-0.024380157,-1.3100326,-0.019044794,-1.3252928
0,605,-0.1553762,-0.594438,-0.14662544,-0.6008423,-0.038119238,-1.2927508,-0.03222021,-1.3096019
0,606,-0.17546798,-0.58751297,-0.16592906,-0.59445274,-0.05166344,-1.2745293,-0.045233097,-1.2927896
0,607,-0.19524637,-0.58024436,-0.18497515,-0.58764774,-0.06499638,-1.255404,-0.058072377,-1.274884
0,608,-0.21468823,-0.5726456,-0.20374767,-0.5804383,-0.078102455,-1.2354099,-0.070727244,-1.2559143
0,609,-0.23377188,-0.5647296,-0.2222311,-0.5728359,-0.09096705,-1.214581,-0.08318723,-1.2359107
0,610,-0.25247696,-0.55650884,-0.24041031,-0.5648523,-0.10357646,-1.1929504,-0.09544213,-1.214904
0,611,-0.27078494,-0.54799575,-0.25827065,-0.55649954,-0.115918174,-1.1705505,-0.10748208,-1.1929259
0,612,-0.28867882,-0.539202,-0.27579796,-0.54778993,-0.12798074,-1.147412,-0.119297534,-1.1700089
0,613,-0.30614337,-0.53013897,-0.29297858,-0.5387361,-0.13975388,-1.1235651,-0.13087927,-1.1461861
0,614,-0.32316512,-0.52081764,-0.30979925,-0.5293508,-0.15122852,-1.0990385,-0.14221837,-1.1214913
0,615,-0.33973226,-0.5112485,-0.32624736,-0.51964706,-0.1623967,-1.0738599,-0.1533063,-1.0959585
0,616,-0.35583463,-0.50144166,-0.34231073,-0.50963813,-0.17325157,-1.0480558,-0.16413487,-1.0696226
0,617,-0.3714637,-0.4914065,-0.35797763,-0.49933738,-0.18378738,-1.021651,-0.17469619,-1.042519
0,618,-0.38661227,-0.48115247,-0.373237,-0.48875827,-0.19399928,-0.9946703,-0.1849828,-1.0146829
0,619,-0.40127486,-0.4706884,-0.38807827,-0.47791448,-0.20388357,-0.96713686,-0.19498754,-0.9861504
0,620,-0.41544688,-0.46002263,-0.4024913,-0.4668197,-0.21343717,-0.9390727,-0.2047036,-0.95695746
0,621,-0.42912513,-0.44916344,-0.41646662,-0.45548776,-0.2226579,-0.9104997,-0.21412459,-0.9271405
0,622,-0.44230732,-0.43811893,-0.4299952,-0.4439325,-0.23154424,-0.8814391,-0.22324444,-0.8967359
0,623,-0.45499203,-0.42689666,-0.44306865,-0.43216786,-0.2400952,-0.85191065,-0.23205747,-0.8657804
0,624,-0.46717858,-0.41550437,-0.45567903,-0.4202077,-0.24831036,-0.8219349,-0.24055833,-0.8343105
0,625,-0.4788668,-0.4039495,-0.467819,-0.40806597,-0.25618958,-0.7915314,-0.24874207,-0.80236274
0,626,-0.4900572,-0.3922396,-0.47948173,-0.3957566,-0.2637332,-0.7607199,-0.2566041,-0.76997393
0,627,-0.50075054,-0.38038218,-0.49066094,-0.38329345,-0.27094176,-0.72952026,-0.2641402,-0.73718053
0,628,-0.5109477,-0.3683849,-0.5013509,-0.37069032,-0.27781585,-0.6979526,-0.27134648,-0.7040187
0,629,-0.52064997,-0.3562553,-0.51154643,-0.357961,-0.2843563,-0.66603684,-0.27821946,-0.67052495
0,630,-0.5298586,-0.34400135,-0.52124286,-0.34511915,-0.290564,-0.6337939,-0.28475598,-0.6367351
0,631,-0.53857476,-0.33163106,-0.5304361,-0.3321784,-0.2964397,-0.6012448,-0.2909533,-0.602685
0,632,-0.5467997,-0.31915283,-0.5391225,-0.31915227,-0.30198428,-0.56841165,-0.29680896,-0.56841016
0,633,-0.55453444,-0.30657515,-0.547299,-0.30605412,-0.30719838,-0.5353169,-0.30232087,-0.5339459
0,634,-0.56177986,-0.29390693,-0.55496305,-0.2928972,-0.31208265,-0.5019838,-0.3074873,-0.499327
0,635,-0.56853676,-0.28115743,-0.5621127,-0.27969465,-0.31663758,-0.468437,-0.312307,-0.46458805
0,636,-0.5748056,-0.26833612,-0.56874627,-0.26645947,-0.32086352,-0.4347011,-0.3167788,-0.4297632
0,637,-0.5805868,-0.25545296,-0.57486284,-0.25320446,-0.3247607,-0.40080255,-0.32090208,-0.39488623
0,638,-0.5858804,-0.2425181,-0.58046186,-0.23994239,-0.3283292,-0.3667679,-0.32467648,-0.35999063
0,639,-0.5906863,-0.22954214,-0.5855433,-0.22668569,-0.33156896,-0.33262515,-0.32810196,-0.32510918
0,640,-0.5950045,-0.21653593,-0.59010756,-0.21344672,-0.33447993,-0.29840282,-0.3311788,-0.29027438
0,641,-0.5988343,-0.20351072,-0.59415567,-0.20023766,-0.33706164,-0.26413047,-0.3339077,-0.2555183
0,642,-0.6021755,-0.19047797,-0.597689,-0.18707049,-0.339314,-0.22983828,-0.33628955,-0.22087242
0,643,-0.6050273,-0.17744946,-0.6007093,-0.17395699,-0.34123647,-0.19555727,-0.33832565,-0.18636777
0,644,-0.6073895,-0.16443723,-0.60321903,-0.16090874,-0.34282887,-0.16131908,-0.3400175,-0.1520348
0,645,-0.6092614,-0.15145344,-0.6052209,-0.14793718,-0.34409076,-0.12715569,-0.34136698,-0.117903605
0,646,-0.6106427,-0.13851056,-0.6067182,-0.13505346,-0.34502187,-0.093099974,-0.34237632,-0.084003545
0,647,-0.61153316,-0.12562105,-0.6077145,-0.12226858,-0.34562218,-0.0591847,-0.34304795,-0.050363574
0,648,-0.6119329,-0.11279759,-0.60821384,-0.10959332,-0.34589162,-0.025443202,-0.34338456,-0.01701202
0,649,-0.61184216,-0.10005291,-0.60822076,-0.09703823,-0.34583047,0.008091006,-0.34338924,0.01602332
0,650,-0.61126167,-0.08739966,-0.60774016,-0.08461366,-0.34543917,0.041384634,-0.34306526,0.048715252
0,651,-0.61019254,-0.07485066,-0.6067773,-0.07232974,-0.34471846,0.07440396,-0.3424162,0.0810371
0,652,-0.6086365,-0.06241856,-0.60533786,-0.06019635,-0.3436695,0.10711569,-0.34144583,0.11296285
0,653,-0.6065956,-0.05011597,-0.60342795,-0.048223183,-0.34229368,0.13948667,-0.3401583,0.14446703
0,654,-0.60407263,-0.037955415,-0.60105395,-0.03641967,-0.34059292,0.17148389,-0.338558,0.17552479
0,655,-0.60107106,-0.025949288,-0.59822273,-0.02479502,-0.3385695,0.2030748,-0.3366494,0.20611195
0,656,-0.597595,-0.0141098015,-0.5949414,-0.013358203,-0.3362262,0.23422723,-0.33443737,0.23620486
0,657,-0.59364927,-0.0024489872,-0.5912174,-0.0021179493,-0.33356634,0.26490954,-0.33192697,0.2657806
0,658,-0.5892396,0.009021316,-0.5870587,0.008917252,-0.3305937,0.29509056,-0.32912353,0.29481676
0,659,-0.5843723,0.02028945,-0.58247346,0.019739157,-0.32731256,0.32473963,-0.32603255,0.3232917
0,660,-0.5790546,0.031344082,-0.57747,0.030339774,-0.32372782,0.35382694,-0.3226596,0.3511844
0,661,-0.57329464,0.042174075,-0.5720573,0.040711366,-0.31984493,0.38232315,-0.31901082,0.3784744
0,662,-0.567101,0.0527686,-0.56624436,0.050846443,-0.31566972,0.41019982,-0.31509224,0.4051422
0,663,-0.5604836,0.06311704,-0.56004053,0.06073779,-0.31120878,0.43742895,-0.31091014,0.4311686
0,664,-0.5534526,0.073209226,-0.5534555,0.07037844,-0.3064691,0.46398383,-0.30647102,0.45653537
0,665,-0.54601926,0.083035186,-0.54649913,0.0797617,-0.30145815,0.4898382,-0.30178165,0.48122492
0,666,-0.5381954,0.09258534,-0.5391817,0.08888116,-0.29618394,0.5149669,-0.29684886,0.5052203
0,667,-0.5299934,0.101850495,-0.5315136,0.09773065,-0.29065487,0.5393457,-0.29167965,0.5285054
0,668,-0.5214265,0.11082183,-0.52350533,0.10630433,-0.28487977,0.5629513,-0.28628114,0.5510647
0,669,-0.5125082,0.11949086,-0.51516795,0.114596605,-0.2788678,0.58576155,-0.28066078,0.5728836
0,670,-0.503253,0.12784968,-0.50651246,0.12260217,-0.2726287,0.60775554,-0.274826,0.5939481
0,671,-0.4936751,0.1358907,-0.49755022,0.13031603,-0.2661721,0.62891334,-0.26878437,0.6142451
0,672,-0.4837897,0.14360687,-0.48829263,0.13773346,-0.2595082,0.64921635,-0.26254368,0.63376206
0,673,-0.4736121,0.15099165,-0.4787514,0.14485005,-0.2526473,0.6686474,-0.25611177,0.65248746
0,674,-0.4631578,0.158039,-0.4689383,0.15166168,-0.24559988,0.68719065,-0.24949661,0.6704104
0,675,-0.4524425,0.16474342,-0.45886534,0.15816455,-0.23837653,0.70483154,-0.24270627,0.6875209
0,676,-0.44148204,0.1711,-0.44854468,0.16435516,-0.23098789,0.72155714,-0.23574895,0.7038099
0,677,-0.43029234,0.1771044,-0.43798852,0.17023031,-0.22344473,0.73735607,-0.22863285,0.7192688
0,678,-0.41888925,0.18275283,-0.42720923,0.17578715,-0.21575773,0.7522184,-0.22136636,0.7338901
0,679,-0.4072887,0.18804213,-0.4162193,0.1810231,-0.2079376,0.7661358,-0.21395786,0.74766713
0,680,-0.39550644,0.19296974,-0.4050313,0.18593594,-0.199995,0.7791015,-0.20641585,0.76059395
0,681,-0.38355812,0.1975337,-0.39365786,0.19052376,-0.19194043,0.79111034,-0.19874883,0.7726655
0,682,-0.37145925,0.20173264,-0.38211176,0.19478494,-0.18378438,0.8021587,-0.19096541,0.78387773
0,683,-0.35922506,0.20556578,-0.3704057,0.19871823,-0.17553711,0.8122446,-0.18307418,0.79422706
0,684,-0.3468707,0.20903292,-0.35855252,0.2023227,-0.16720884,0.82136744,-0.17508374,0.8037113
0,685,-0.33441094,0.21213447,-0.3465651,0.20559774,-0.1588095,0.82952833,-0.16700283,0.8123287
0,686,-0.32186034,0.21487126,-0.33445626,0.20854306,-0.15034895,0.83672947,-0.15884006,0.82007855
0,687,-0.3092333,0.21724477,-0.32223892,0.21115871,-0.14183685,0.8429747,-0.15060414,0.82696086
0,688,-0.2965438,0.21925694,-0.30992588,0.21344504,-0.13328265,0.8482692,-0.14230372,0.83297676
0,689,-0.28380558,0.22091019,-0.29753006,0.21540275,-0.1246956,0.8526193,-0.13394749,0.838128
0,690,-0.27103212,0.2222074,-0.28506416,0.21703288,-0.1160848,0.85603255,-0.12554403,0.8424172
0,691,-0.25823668,0.22315183,-0.27254105,0.21833676,-0.10745918,0.8585176,-0.11710199,0.845848
0,692,-0.24543205,0.22374721,-0.25997338,0.21931607,-0.09882737,0.8600841,-0.10862992,0.8484248
0,693,-0.23263095,0.22399762,-0.24737379,0.21997276,-0.09019794,0.86074305,-0.10013633,0.85015273
0,694,-0.21984579,0.2239075,-0.23475482,0.22030915,-0.081579246,0.86050594,-0.09162967,0.8510378
0,695,-0.20708862,0.2234816,-0.22212893,0.22032782,-0.072979435,0.85938525,-0.08311835,0.851087
0,696,-0.19437136,0.22272502,-0.20950846,0.22003171,-0.064406514,0.8573945,-0.07461069,0.8503078
0,697,-0.18170558,0.22164308,-0.19690566,0.21942401,-0.055868305,0.8545477,-0.06611493,0.8487088
0,698,-0.16910267,0.2202414,-0.18433258,0.21850821,-0.047372475,0.8508596,-0.05763921,0.8462992
0,699,-0.15657379,0.2185259,-0.17180121,0.21728814,-0.038926553,0.84634566,-0.04919161,0.84308887
0,700,-0.14247376,0.6961567,-0.14454013,0.9719061,-0.029421492,2.103103,-0.030814467,2.8286636
0,701,-0.10069733,0.878377,-0.10277266,0.96182853,-0.0012593134,2.582567,-0.0026583273,2.8021472
0,702,-0.053750593,0.9518135,-0.061416928,0.9508118,0.030388257,2.7757955,0.025220253,2.7731597
0,703,-0.0063602068,0.9683826,-0.020509202,0.9388764,0.062334895,2.8193922,0.052796826,2.7417545
0,704,0.03991091,0.9561606,0.019915085,0.9260442,0.09352702,2.7872336,0.0800475,2.7079902
0,705,0.0845945,0.9306962,0.059821375,0.91233844,0.123648964,2.7202308,0.10694899,2.6719272
0,706,0.12759545,0.9005616,0.09917605,0.8977837,0.15263662,2.6409395,0.13347863,2.6336303
0,707,0.16896659,0.87023246,0.13794646,0.8824055,0.18052559,2.5611367,0.1596144,2.5931668
0,708,0.20881788,0.84176034,0.17610098,0.8662308,0.20738998,2.48622,0.18533498,2.5506074
0,709,0.24727432,0.81582075,0.21360908,0.84928703,0.23331411,2.4179668,0.2106198,2.5060244
0,710,0.28445736,0.79237026,0.25044128,0.8316029,0.25837982,2.3562632,0.23544902,2.4594934
0,711,0.32047707,0.7710396,0.28656924,0.81320757,0.2826613,2.3001373,0.25980347,2.411091
0,712,0.3554294,0.751352,0.3219658,0.7941309,0.30622324,2.2483346,0.28366488,2.3608959
0,713,0.3893946,0.73283464,0.35660496,0.7744034,0.32911974,2.1996112,0.3070157,2.308988
0,714,0.4224362,0.71506804,0.3904619,0.7540557,0.35139364,2.1528633,0.3298392,2.2554486
0,715,0.45460072,0.69770116,0.42351303,0.7331189,0.37307626,2.1071668,0.35211954,2.200359
0,716,0.4859179,0.680451,0.45573595,0.71162426,0.3941877,2.0617776,0.37384152,2.1438017
0,717,0.5164019,0.6630939,0.4871095,0.68960327,0.41473743,2.016107,0.39499098,2.0858595
0,718,0.5460527,0.64545614,0.51761377,0.66708714,0.43472552,1.9696981,0.41555437,2.0266142
0,719,0.5748589,0.6274031,0.54723,0.6441073,0.45414427,1.9221963,0.43551916,1.966149
0,720,0.6027995,0.6088318,0.5759408,0.6206949,0.47297946,1.8733311,0.45487356,1.9045454
0,721,0.6298467,0.58966464,0.6037297,0.59688073,0.49121243,1.8228977,0.47360656,1.841885
0,722,0.65596783,0.56984437,0.6305818,0.5726955,0.5088211,1.770746,0.49170798,1.778248
0,723,0.68112785,0.54933083,0.6564832,0.5481694,0.5257819,1.7167702,0.5091685,1.7137141
0,724,0.70529056,0.5280991,0.68142104,0.52333224,0.5420704,1.6609045,0.5259796,1.6483618
0,725,0.7284204,0.50613797,0.70538384,0.49821335,0.55766255,1.6031197,0.5421333,1.5822682
0,726,0.75048375,0.48344925,0.7283612,0.47284162,0.5725359,1.5434203,0.5576227,1.5155092
0,727,0.77144957,0.4600471,0.75034374,0.44724524,0.58666927,1.4818438,0.57244146,1.4481593
0,728,0.7912904,0.43595758,0.7713233,0.421452,0.6000443,1.4184587,0.58658415,1.3802912
0,729,0.8099829,0.41121835,0.79129267,0.39548892,0.6126452,1.3533642,0.6000458,1.3119764
0,730,0.8275084,0.38587755,0.81024575,0.36938247,0.62445945,1.2866867,0.6128224,1.2432843
0,731,0.8438531,0.35999304,0.8281775,0.3431585,0.63547766,1.2185786,0.62491053,1.174283
0,732,0.85900855,0.3336312,0.8450837,0.31684217,0.6456942,1.1492144,0.63630724,1.1050385
0,733,0.8729718,0.3068648,0.8609614,0.29045793,0.6551071,1.0787858,0.6470106,1.0356156
0,734,0.8857453,0.2797716,0.8758083,0.26402968,0.66371787,1.0074973,0.6570192,0.9660767
0,735,0.8973369,0.2524317,0.88962317,0.2375806,0.671532,0.9355597,0.666332,0.896483
0,736,0.9077599,0.22492568,0.9024056,0.21113326,0.67855835,0.863185,0.67494893,0.82689387
0,737,0.9170324,0.19733256,0.91415614,0.18470955,0.6848091,0.7905811,0.6828701,0.757367
0,738,0.92517745,0.16972758,0.9248761,0.15833078,0.6902998,0.71794593,0.6900967,0.68795836
0,739,0.9322214,0.14218073,0.93456763,0.13201767,0.6950483,0.6454638,0.6966298,0.6187225
0,740,0.9381943,0.11475536,0.9432338,0.10579032,0.6990747,0.5733014,0.70247185,0.54971224
0,741,0.94312835,0.08750734,0.95087814,0.07966827,0.7024008,0.5016055,0.7076251,0.48097908
0,742,0.94705766,0.06048462,0.9575053,0.053670533,0.7050496,0.43050244,0.71209246,0.41257298
0,743,0.95001686,0.033727,0.9631204,0.027815612,0.7070445,0.36009696,0.7158777,0.3445427
0,744,0.95204055,0.007266622,0.96772945,0.002121507,0.70840865,0.29047355,0.7189848,0.27693558
0,745,0.9531629,-0.018871877,0.971339,-0.02339425,0.7091653,0.2216971,0.7214181,0.20979771
0,746,0.9534162,-0.04467042,0.97395635,-0.048714567,0.70933604,0.15381517,0.72318244,0.14317408
0,747,0.9528314,-0.07011664,0.9755895,-0.07382276,0.70894176,0.08686027,0.7242834,0.07710861
0,748,0.95143664,-0.09520322,0.976247,-0.09870254,0.70800155,0.020851657,0.7247266,0.0116441315
0,749,0.94925785,-0.11992669,0.97593814,-0.123338,0.7065328,-0.044201523,0.72451836,-0.053177465
0,750,0.9463179,-0.1442868,0.97467273,-0.14771356,0.7045509,-0.10829861,0.72366536,-0.1173152
0,751,0.9426371,-0.16828549,0.97246116,-0.17181395,0.70206964,-0.17144473,0.72217447,-0.18072893
0,752,0.9382326,-0.19192615,0.9693145,-0.19562423,0.69910043,-0.23364879,0.72005326,-0.2433793
0,753,0.9331191,-0.215213,0.9652445,-0.21912973,0.6956534,-0.29492188,0.7173096,-0.3052277
0,754,0.92730844,-0.23815015,0.9602631,-0.242316,0.69173634,-0.35527486,0.7139516,-0.36623615
0,755,0.92080986,-0.26074168,0.95438313,-0.26516888,0.6873555,-0.4147184,0.7099878,-0.42636737
0,756,0.9136309,-0.28299046,0.94761795,-0.2876744,0.68251604,-0.47326007,0.7054273,-0.48558462
0,757,0.9057768,-0.30489793,0.9399813,-0.3098188,0.6772215,-0.53090376,0.7002793,-0.5438517
0,758,0.89725125,-0.32646406,0.9314876,-0.33158863,0.6714743,-0.5876492,0.69455355,-0.6011331
0,759,0.8880566,-0.34768674,0.9221517,-0.35297048,0.665276,-0.64349097,0.6882601,-0.65739375
0,760,0.8781941,-0.36856157,0.911989,-0.3739512,0.6586275,-0.6984175,0.68140924,-0.71259886
0,761,0.86766434,-0.38908178,0.9010154,-0.39451784,0.65152925,-0.75241095,0.6740117,-0.76671445
0,762,0.8564677,-0.409238,0.8892473,-0.4146576,0.6439814,-0.8054467,0.6660786,-0.81970686
0,763,0.8446043,-0.42901838,0.87670165,-0.43435785,0.63598406,-0.8574934,0.65762144,-0.87154275
0,764,0.83207464,-0.44840828,0.86339587,-0.4536062,0.6275376,-0.9085127,0.6486518,-0.9221896
0,765,0.81887984,-0.4673906,0.84934783,-0.47239038,0.6186428,-0.9584596,0.6391818,-0.9716152
0,766,0.805022,-0.48594564,0.8345758,-0.49069837,0.609301,-1.0072823,0.6292237,-1.0197878
0,767,0.7905041,-0.5040516,0.8190986,-0.50851834,0.59951425,-1.0549233,0.61879027,-1.0666763
0,768,0.7753309,-0.52168447,0.8029356,-0.5258387,0.58928573,-1.1013193,0.60789454,-1.11225
0,769,0.75950867,-0.53881866,0.78610647,-0.54264796,0.5786197,-1.1464033,0.59654975,-1.1564791
0,770,0.7430457,-0.5554269,0.7686314,-0.5589351,0.56752175,-1.1901035,0.5847695,-1.1993344
0,771,0.7259519,-0.57148135,0.75053096,-0.57468915,0.55599856,-1.2323465,0.5725677,-1.2407869
0,772,0.7082397,-0.58695334,0.7318262,-0.5898996,0.54405844,-1.2730569,0.5599585,-1.2808092
0,773,0.6899233,-0.60181427,0.7125385,-0.6045561,0.53171104,-1.3121594,0.5469563,-1.3193737
0,774,0.6710193,-0.61603636,0.6926897,-0.6186487,0.51896757,-1.349581,0.53357595,-1.3564547
0,775,0.65154636,-0.6295925,0.672302,-0.6321679,0.50584054,-1.3852503,0.51983225,-1.3920268
0,776,0.6315248,-0.6424571,0.65139794,-0.64510435,0.49234366,-1.4191002,0.50574046,-1.4260657
0,777,0.6109769,-0.65460724,0.63000053,-0.6574493,0.47849196,-1.45107,0.49131614,-1.4585481
0,778,0.5899265,-0.66602165,0.6081329,-0.6691944,0.46430156,-1.4811039,0.4765748,-1.4894521
0,779,0.56839865,-0.67668253,0.58581865,-0.68033165,0.4497893,-1.5091552,0.4615324,-1.5187569
0,780,0.5464196,-0.686575,0.5630817,-0.69085366,0.43497288,-1.5351845,0.44620505,-1.5464427
0,781,0.52401614,-0.6956877,0.53994614,-0.70075345,0.41987032,-1.5591623,0.430609,-1.5724913
0,782,0.5012155,-0.70401233,0.51643646,-0.7100247,0.40450004,-1.5810663,0.41476074,-1.5968862
0,783,0.4780452,-0.7115449,0.49257722,-0.71866155,0.38888055,-1.6008861,0.39867684,-1.6196117
0,784,0.4545326,-0.7182843,0.46839336,-0.7266588,0.37303033,-1.6186191,0.3823741,-1.6406543
0,785,0.4307048,-0.7242331,0.44390988,-0.7340118,0.35696763,-1.6342717,0.36586937,-1.6600019
0,786,0.40658817,-0.7293969,0.41915205,-0.7407167,0.3407102,-1.6478589,0.34917971,-1.6776439
0,787,0.3822089,-0.73378414,0.39414522,-0.7467701,0.32427573,-1.6594027,0.3323222,-1.6935718
0,788,0.35759223,-0.73740613,0.36891487,-0.7521694,0.30768123,-1.668933,0.31531402,-1.7077786
0,789,0.33276272,-0.7402764,0.34348658,-0.7569127,0.29094324,-1.6764854,0.29817238,-1.7202593
0,790,0.3077446,-0.7424099,0.31788594,-0.7609989,0.27407813,-1.6820991,0.28091457,-1.7310112
0,791,0.2825614,-0.7438239,0.29213867,-0.7644275,0.2571017,-1.6858196,0.2635579,-1.7400324
0,792,0.25723645,-0.74453634,0.26627037,-0.76719886,0.24002975,-1.6876943,0.24611966,-1.7473246
0,793,0.23179306,-0.74456644,0.24030674,-0.769314,0.22287793,-1.6877735,0.22861715,-1.75289
0,794,0.20625456,-0.7439338,0.21427332,-0.7707748,0.205662,-1.6861088,0.21106759,-1.7567337
0,795,0.18064462,-0.7426587,0.18819562,-0.77158386,0.18839791,-1.6827537,0.19348818,-1.7588626
0,796,0.15498766,-0.74076146,0.16209899,-0.77174467,0.17110215,-1.6777617,0.175896,-1.7592857
0,797,0.1293087,-0.7382623,0.13600866,-0.7712614,0.15379155,-1.6711859,0.1583081,-1.7580141
0,798,0.103633896,-0.73518175,0.1099497,-0.7701389,0.13648373,-1.6630802,0.14074132,-1.7550606
0,799,0.07799034,-0.7315397,0.08394693,-0.7683831,0.11919699,-1.6534972,0.12321243,-1.7504406
0,800,0.052406434,-0.72735614,0.05802495,-0.76600033,0.10195046,-1.6424892,0.10573799,-1.744171
0,801,0.02691168,-0.7226506,0.032208096,-0.7629979,0.084764026,-1.6301078,0.08833443,-1.736271
0,802,0.001536686,-0.7174422,0.006520393,-0.75938386,0.06765832,-1.6164033,0.07101792,-1.7267616
0,803,-0.02368692,-0.71174985,-0.019014448,-0.7551669,0.050654672,-1.6014254,0.053804465,-1.7156657
0,804,-0.048726704,-0.70559216,-0.044373076,-0.7503564,0.033774942,-1.5852231,0.036709793,-1.7030082
0,805,-0.07354969,-0.6989873,-0.06953252,-0.74496245,0.01704136,-1.5678442,0.019749397,-1.6888155
0,806,-0.09812261,-0.6919531,-0.09447021,-0.7389959,0.0004763473,-1.5493356,0.0029384913,-1.6731161
0,807,-0.122412354,-0.6845069,-0.11916403,-0.7324681,-0.015897768,-1.5297428,-0.013708018,-1.65594
0,808,-0.14638609,-0.67666596,-0.14359228,-0.7253911,-0.032058857,-1.5091115,-0.030175507,-1.6373187
0,809,-0.17001198,-0.6684467,-0.1677338,-0.71777743,-0.04798546,-1.4874848,-0.046449702,-1.6172854
0,810,-0.19325922,-0.6598652,-0.19156787,-0.7096402,-0.06365681,-1.4649049,-0.06251664,-1.5958744
0,811,-0.21609867,-0.6509374,-0.21507433,-0.70099324,-0.07905325,-1.4414138,-0.07836273,-1.5731223
0,812,-0.23850286,-0.64167804,-0.23823357,-0.6918505,-0.09415629,-1.4170502,-0.093974754,-1.5490656
0,813,-0.26044658,-0.63210166,-0.2610265,-0.6822267,-0.10894891,-1.3918526,-0.10933985,-1.5237433
0,814,-0.28190672,-0.6222221,-0.28343466,-0.6721368,-0.12341555,-1.3658572,-0.12444556,-1.4971943
0,815,-0.3028628,-0.6120524,-0.30544013,-0.66159624,-0.13754238,-1.3390982,-0.1392798,-1.4694597
0,816,-0.32329684,-0.6016049,-0.32702562,-0.65062076,-0.15131731,-1.3116084,-0.15383095,-1.4405806
0,817,-0.34319347,-0.59089106,-0.3481745,-0.63922644,-0.16472995,-1.2834179,-0.16808775,-1.4105995
0,818,-0.36253992,-0.579922,-0.36887074,-0.6274296,-0.17777172,-1.2545558,-0.18203942,-1.3795593
0,819,-0.3813258,-0.56870776,-0.3890989,-0.61524683,-0.19043559,-1.2250485,-0.19567557,-1.3475037
0,820,-0.39954314,-0.5572576,-0.40884432,-0.60269505,-0.20271619,-1.1949205,-0.20898628,-1.314477
0,821,-0.4171863,-0.5455803,-0.42809287,-0.5897911,-0.21460973,-1.164195,-0.22196203,-1.2805238
0,822,-0.43425152,-0.5336841,-0.44683114,-0.5765523,-0.22611368,-1.1328931,-0.23459381,-1.2456893
0,823,-0.450737,-0.5215762,-0.4650464,-0.5629958,-0.23722681,-1.1010345,-0.24687302,-1.210019
0,824,-0.4666423,-0.50926393,-0.4827266,-0.5491389,-0.24794884,-1.0686381,-0.25879154,-1.1735584
0,825,-0.48196858,-0.4967537,-0.49986038,-0.5349991,-0.25828055,-1.0357207,-0.2703417,-1.1363531
0,826,-0.49671808,-0.48405188,-0.516437,-0.5205937,-0.26822343,-1.0022993,-0.28151625,-1.0984493
0,827,-0.5108938,-0.47116452,-0.53244644,-0.50594026,-0.27777952,-0.9683897,-0.2923085,-1.0598927
0,828,-0.52449965,-0.45809746,-0.54787934,-0.4910561,-0.28695145,-0.93400717,-0.30271208,-1.0207291
0,829,-0.53753996,-0.4448567,-0.5627271,-0.47595865,-0.29574212,-0.8991677,-0.3127212,-0.9810041
0,830,-0.55001915,-0.43144804,-0.57698166,-0.46066517,-0.30415455,-0.8638864,-0.32233042,-0.9407634
0,831,-0.56194204,-0.41787753,-0.5906358,-0.44519284,-0.31219196,-0.82817924,-0.3315349,-0.90005213
0,832,-0.57331324,-0.4041515,-0.60368276,-0.42955875,-0.31985748,-0.7920629,-0.3403301,-0.85891527
0,833,-0.5841373,-0.39027646,-0.6161166,-0.4137799,-0.32715416,-0.75555444,-0.34871194,-0.8173975
0,834,-0.5944185,-0.3762594,-0.627932,-0.3978731,-0.3340849,-0.7186723,-0.3566769,-0.775543
0,835,-0.60416055,-0.36210755,-0.6391243,-0.38185498,-0.34065217,-0.68143547,-0.3642218,-0.7333956
0,836,-0.6133668,-0.3478289,-0.6496895,-0.36574203,-0.34685826,-0.64386505,-0.371344,-0.6909987
0,837,-0.6220401,-0.33343178,-0.65962416,-0.34955058,-0.3527051,-0.6059829,-0.37804112,-0.6483952
0,838,-0.6301827,-0.31892514,-0.6689255,-0.33329666,-0.35819414,-0.56781256,-0.38431132,-0.60562736
0,839,-0.63779616,-0.30431858,-0.67759156,-0.3169962,-0.3633265,-0.5293793,-0.39015323,-0.56273705
0,840,-0.6448816,-0.2896223,-0.68562067,-0.30066484,-0.3681029,-0.49071002,-0.39556578,-0.5197655
0,841,-0.6514394,-0.2748471,-0.693012,-0.2843181,-0.37252367,-0.451833,-0.4005484,-0.47675338
0,842,-0.65746945,-0.26000446,-0.6997652,-0.26797113,-0.37658858,-0.4127786,-0.40510085,-0.43374074
0,843,-0.66297084,-0.2451064,-0.70588064,-0.25163895,-0.38029715,-0.37357834,-0.40922338,-0.390767
0,844,-0.66794235,-0.23016563,-0.7113591,-0.23533629,-0.38364854,-0.3342657,-0.41291648,-0.34787092
0,845,-0.6723822,-0.2151953,-0.716202,-0.21907763,-0.3866415,-0.2948753,-0.41618118,-0.30509064
0,846,-0.67628825,-0.20020914,-0.7204114,-0.20287724,-0.38927466,-0.25544325,-0.4190188,-0.26246363
0,847,-0.67965806,-0.18522134,-0.72398984,-0.1867491,-0.3915463,-0.21600689,-0.4214311,-0.22002676
0,848,-0.6824889,-0.17024654,-0.7269404,-0.17070697,-0.3934546,-0.1766047,-0.4234201,-0.17781621
0,849,-0.6847781,-0.15529954,-0.72926664,-0.15476431,-0.3949978,-0.1372757,-0.42498827,-0.13586737
0,850,-0.6865226,-0.14039569,-0.7309728,-0.13893437,-0.3961738,-0.09806019,-0.42613843,-0.09421514
0,851,-0.6877196,-0.1255503,-0.73206353,-0.123230115,-0.3969807,-0.05899854,-0.42687368,-0.052893594
0,852,-0.6883665,-0.11077896,-0.7325439,-0.10766426,-0.39741677,-0.020131715,-0.42719752,-0.011936218
0,853,-0.6884608,-0.0960972,-0.7324196,-0.09224926,-0.3974804,0.01849939,-0.42711374,0.028624214
0,854,-0.6880009,-0.08152069,-0.7316968,-0.07699729,-0.39717036,0.056853566,-0.42662647,0.06875569
0,855,-0.6869851,-0.067064896,-0.730382,-0.0619203,-0.39648557,0.09489011,-0.42574015,0.108426735
0,856,-0.68541247,-0.05274525,-0.72848237,-0.04702996,-0.39542544,0.13256842,-0.42445958,0.14760667
0,857,-0.6832831,-0.038576845,-0.7260053,-0.03233768,-0.39398998,0.16984877,-0.42278975,0.18626547
0,858,-0.6805976,-0.024574678,-0.72295886,-0.017854603,-0.39217967,0.20669171,-0.42073607,0.2243738
0,859,-0.67735755,-0.010753397,-0.71935135,-0.003591609,-0.3899955,0.24305871,-0.4183042,0.26190305
0,860,-0.67356545,0.0028726086,-0.7151916,0.010440687,-0.38743916,0.2789119,-0.41550004,0.29882526
0,861,-0.6692249,0.016289372,-0.7104888,0.024231939,-0.38451314,0.3142145,-0.4123298,0.33511326
0,862,-0.66434073,0.029483203,-0.7052526,0.03777207,-0.38122064,0.34893054,-0.40879998,0.37074047
0,863,-0.65891856,0.04244082,-0.6994929,0.05105128,-0.37756547,0.38302502,-0.40491727,0.40568113
0,864,-0.65296555,0.055149283,-0.69322014,0.06406004,-0.37355244,0.41646394,-0.4006887,0.4399102
0,865,-0.64648974,0.06759608,-0.68644506,0.076789096,-0.369187,0.44921434,-0.39612153,0.4734033
0,866,-0.6395006,0.079769015,-0.6791787,0.08922949,-0.36447552,0.48124418,-0.39122316,0.50613683
0,867,-0.6320087,0.09165625,-0.6714326,0.10137252,-0.35942507,0.5125222,-0.38600138,0.53808796
0,868,-0.6240256,0.10324645,-0.66321844,0.11320981,-0.35404354,0.54301876,-0.38046408,0.5692346
0,869,-0.61556405,0.11452849,-0.65454835,0.124733254,-0.34833947,0.57270443,-0.37461942,0.5995555
0,870,-0.6066381,0.12549175,-0.64543474,0.13593505,-0.34232232,0.6015513,-0.3684758,0.62903005
0,871,-0.5972623,0.1361259,-0.63589025,0.14680772,-0.33600196,0.6295322,-0.36204168,0.65763855
0,872,-0.58745265,0.14642112,-0.625928,0.15734406,-0.3293891,0.6566213,-0.35532597,0.68536204
0,873,-0.57722545,0.1563679,-0.61556107,0.16753721,-0.32249478,0.68279356,-0.34833747,0.71218264
0,874,-0.5665981,0.16595724,-0.60480314,0.17738062,-0.3153307,0.7080254,-0.34108537,0.73808295
0,875,-0.5555885,0.17518057,-0.5936679,0.18686806,-0.30790892,0.732294,-0.3335789,0.7630465
0,876,-0.54421514,0.1840299,-0.5821694,0.19599365,-0.30024198,0.75557876,-0.32582757,0.78705806
0,877,-0.5324967,0.1924977,-0.57032186,0.20475185,-0.29234236,0.77785945,-0.31784093,0.810103
0,878,-0.52045244,0.20057705,-0.55813974,0.21313743,-0.28422314,0.7991181,-0.30962878,0.8321673
0,879,-0.50810176,0.20826156,-0.54563767,0.22114557,-0.27589735,0.8193378,-0.30120093,0.85323864
0,880,-0.4954642,0.2155456,-0.5328304,0.22877178,-0.26737815,0.83850384,-0.29256734,0.87330496
0,881,-0.48255917,0.22242408,-0.5197331,0.23601191,-0.25867867,0.85660267,-0.2837382,0.8923554
0,882,-0.46940634,0.22889268,-0.50636065,0.24286222,-0.24981213,0.8736231,-0.27472365,0.9103802
0,883,-0.45602483,0.2349478,-0.4927286,0.24931934,-0.24079143,0.8895555,-0.26553404,0.92737037
0,884,-0.44243392,0.24058649,-0.47885218,0.25538027,-0.23162958,0.90439224,-0.25617972,0.94331807
0,885,-0.42865247,0.24580657,-0.46474695,0.2610424,-0.22233927,0.9181275,-0.24667116,0.9582164
0,886,-0.41469905,0.25060666,-0.45042858,0.26630348,-0.21293305,0.9307576,-0.2370189,0.97205955
0,887,-0.40059173,0.25498587,-0.43591267,0.27116174,-0.20342307,0.9422803,-0.2272335,0.9848428
0,888,-0.38634852,0.2589443,-0.42121503,0.2756157,-0.19382147,0.95269585,-0.21732557,0.9965622
0,889,-0.37198672,0.26248255,-0.40635148,0.2796644,-0.18413995,0.96200585,-0.2073058,1.0072153
0,890,-0.35752335,0.26560193,-0.39133778,0.28330716,-0.17438996,0.97021365,-0.19718483,1.0168002
0,891,-0.342975,0.26830444,-0.37618986,0.28654385,-0.16458267,0.97732455,-0.18697336,1.0253167
0,892,-0.32835773,0.2705925,-0.3609235,0.28937462,-0.15472893,0.98334503,-0.17668205,1.0327652
0,893,-0.31368724,0.2724693,-0.34555456,0.29180008,-0.14483932,0.98828334,-0.1663216,1.039147
0,894,-0.2989788,0.27393842,-0.33009884,0.29382128,-0.13492411,0.9921489,-0.15590265,1.0444653
0,895,-0.28424734,0.2750039,-0.3145721,0.2954396,-0.1249934,0.99495244,-0.14543581,1.0487235
0,896,-0.26950732,0.27567035,-0.29899004,0.29665697,-0.1150569,0.996706,-0.1349317,1.0519266
0,897,-0.25477275,0.27594256,-0.28336823,0.29747552,-0.10512409,0.9974222,-0.12440077,1.0540805
0,898,-0.24005747,0.27582598,-0.26772225,0.29789796,-0.09520428,0.9971155,-0.11385356,1.055192
0,899,-0.22537485,0.27532613,-0.25206742,0.29792735,-0.08530648,0.99580026,-0.10330038,1.0552694
0,900,-0.21073802,0.274449,-0.23641908,0.29756707,-0.07543955,0.9934923,-0.09275158,1.0543213
0,901,-0.19615977,0.27320078,-0.22079234,0.29682097,-0.06561211,0.99020797,-0.082217336,1.0523582
0,902,-0.18165264,0.2715879,-0.20520218,0.29569325,-0.055832617,0.9859641,-0.07170775,1.0493909
0,903,-0.16722886,0.26961708,-0.18966341,0.2941885,-0.04610931,0.98077846,-0.061232813,1.0454315
0,904,-0.1529005,0.2672952,-0.17419067,0.29231167,-0.03645033,0.97466904,-0.050802384,1.0404931
0,905,-0.13867933,0.26462936,-0.15879835,0.29006803,-0.026863603,0.9676546,-0.04042617,1.0345896
0,906,-0.12457694,0.26162684,-0.14350067,0.28746328,-0.017356953,0.9597542,-0.030113751,1.027736
0,907,-0.11060472,0.25829506,-0.1283116,0.28450337,-0.007938047,0.9509876,-0.01987455,1.0199476
0,908,-0.09677379,0.25464165,-0.11324491,0.2811947,0.0013856114,0.9413746,-0.009717845,1.0112418
0,909,-0.08309512,0.2506744,-0.09831406,0.2775438,0.010606628,0.93093586,0.00034728763,1.0016356
0,910,-0.06957951,0.24640125,-0.08353228,0.27355772,0.019717721,0.9196922,0.0103119295,0.99114716
0,911,-0.056237508,0.24183026,-0.068912506,0.26924366,0.028711786,0.90766484,0.02016736,0.9797959
0,912,-0.04307948,0.23696974,-0.0544674,0.26460913,0.037581827,0.8948757,0.029905045,0.96760136
0,913,-0.030115586,0.23182806,-0.040209312,0.25966197,0.046321005,0.88134676,0.039516658,0.95458424
0,914,-0.017355774,0.22641376,-0.026150297,0.25441024,0.054922603,0.8671005,0.04899407,0.9407657
0,915,-0.0048097633,0.22073561,-0.012302079,0.24886219,0.06338008,0.85216,0.05832938,0.9261675
0,916,0.007512957,0.21480241,0.0013239427,0.24302639,0.07168703,0.8365483,0.067514904,0.91081214
0,917,0.019603122,0.20862323,0.014716706,0.23691157,0.0798372,0.8202895,0.07654319,0.89472264
0,918,0.031451773,0.20220724,0.027865494,0.23052666,0.08782458,0.8034075,0.085407004,0.8779225
0,919,0.043050196,0.19556364,0.04075994,0.22388083,0.09564327,0.7859267,0.094099365,0.8604357
0,920,0.054389995,0.18870205,0.053390045,0.21698336,0.103287615,0.7678722,0.10261352,0.8422869
0,921,0.06546304,0.1816319,0.06574615,0.20984374,0.11075213,0.749269,0.110942975,0.8235009
0,922,0.07626152,0.1743629,0.077819005,0.20247157,0.11803157,0.7301426,0.11908149,0.80410296
0,923,0.086778,0.16690484,0.089599736,0.1948766,0.1251209,0.7105187,0.12702307,0.78411883
0,924,0.09700535,0.15926759,0.10107982,0.18706867,0.13201532,0.6904233,0.13476199,0.7635744
0,925,0.10693686,0.15146115,0.112251155,0.17905778,0.13871032,0.6698828,0.14229277,0.7424959
0,926,0.11656617,0.14349554,0.12310601,0.17085394,0.1452016,0.64892346,0.1496102,0.7209097
0,927,0.12588726,0.13538077,0.13363704,0.1624673,0.1514851,0.6275716,0.15670934,0.6988425
0,928,0.1348946,0.12712699,0.14383733,0.15390806,0.15755709,0.605854,0.16358553,0.67632115
0,929,0.14358297,0.118744284,0.15370034,0.14518647,0.16341406,0.58379716,0.17023434,0.65337265
0,930,0.15194765,0.11024274,0.16321991,0.13631278,0.16905282,0.5614276,0.17665164,0.6300239
0,931,0.15998429,0.101632446,0.17239033,0.12729733,0.17447047,0.5387719,0.18283357,0.60630214
0,932,0.16768897,0.09292339,0.18120624,0.11815043,0.17966431,0.5158564,0.18877652,0.58223456
0,933,0.17505817,0.08412549,0.18966274,0.1088824,0.184632,0.49270704,0.19447719,0.5578482
0,934,0.18208885,0.07524863,0.19775529,0.09950356,0.18937151,0.46934998,0.19993252,0.53317034
0,935,0.18877831,0.06630259,0.20547977,0.0900242,0.19388099,0.44581085,0.20513971,0.50822794
0,936,0.19512431,0.057296935,0.21283245,0.080454595,0.19815892,0.4221149,0.21009628,0.48304808
0,937,0.20112501,0.0482412,0.21981002,0.07080496,0.2022041,0.39828718,0.21479997,0.45765764
0,938,0.20677896,0.03914475,0.22640954,0.06108548,0.20601551,0.3743523,0.21924882,0.43208346
0,939,0.21208505,0.030016724,0.2326285,0.051306266,0.20959243,0.35033435,0.22344112,0.40635207
0,940,0.21704261,0.02086619,0.23846473,0.041477367,0.2129344,0.32625717,0.22737542,0.38048998
0,941,0.2216513,0.011701997,0.24391653,0.03160876,0.2160412,0.30214405,0.23105055,0.35452336
0,942,0.22591113,0.0025327802,0.2489825,0.021710332,0.21891282,0.27801773,0.23446561,0.3284783
0,943,0.22982238,-0.0066330023,0.25366172,0.011791882,0.22154947,0.2539004,0.23761997,0.3023806
0,944,0.23338585,-0.015787046,0.25795352,0.0018631056,0.22395165,0.22981401,0.24051315,0.27625567
0,945,0.23660229,-0.024921246,0.26185778,-0.008066405,0.2261199,0.20577982,0.24314506,0.2501288
0,946,0.23947315,-0.03402773,0.2653746,-0.01798717,0.22805521,0.18181854,0.24551581,0.22402498
0,947,0.24199982,-0.043098737,0.2685045,-0.027889831,0.22975847,0.15795064,0.24762572,0.19796878
0,948,0.24418418,-0.0521268,0.27124837,-0.037765156,0.23123099,0.13419572,0.24947542,0.17198451
0,949,0.24602817,-0.061104473,0.2736075,-0.047604043,0.23247406,0.11057337,0.25106573,0.14609613
0,950,0.24753408,-0.07002464,0.27558342,-0.057397526,0.23348922,0.087102346,0.25239775,0.120327204
0,951,0.24870445,-0.078880265,0.2771781,-0.06713678,0.23427817,0.06380114,0.25347275,0.09470097
0,952,0.24954186,-0.087664515,0.27839386,-0.07681314,0.23484269,0.04068774,0.2542923,0.06924023
0,953,0.25004932,-0.0963707,0.2792333,-0.086418085,0.23518479,0.017779758,0.2548582,0.04396739
0,954,0.2502299,-0.1049923,0.27969936,-0.09594324,0.23530652,-0.0049056793,0.25517237,0.01890449
0,955,0.25008678,-0.11352284,0.27979532,-0.10538041,0.23521005,-0.027351514,0.25523704,-0.005926882
0,956,0.24962355,-0.121956125,0.27952477,-0.114721544,0.23489776,-0.049541432,0.25505468,-0.030505575
0,957,0.24884368,-0.13028601,0.2788916,-0.12395879,0.23437203,-0.071459286,0.25462782,-0.054810904
0,958,0.24775104,-0.13850647,0.27790004,-0.13308445,0.23363547,-0.09308923,0.25395942,-0.07882263
0,959,0.24634953,-0.14661163,0.2765546,-0.14209099,0.23269069,-0.11441578,0.25305244,-0.102520935
0,960,0.24464326,-0.15459573,0.27486005,-0.1509711,0.23154046,-0.13542381,0.25191012,-0.12588656
0,961,0.24263643,-0.1624532,0.2728215,-0.15971763,0.23018762,-0.15609863,0.25053588,-0.14890072
0,962,0.24033348,-0.17017838,0.2704442,-0.16832362,0.22863516,-0.17642537,0.24893332,-0.17154506
0,963,0.23773892,-0.17776595,0.2677339,-0.17678231,0.22688614,-0.19639002,0.24710625,-0.19380184
0,964,0.23485748,-0.18521054,0.26469642,-0.18508713,0.22494371,-0.21597846,0.24505864,-0.21565373
0,965,0.23169394,-0.19250695,0.26133788,-0.19323172,0.2228111,-0.23517701,0.24279459,-0.23708403
0,966,0.22825332,-0.19965014,0.25766465,-0.20120989,0.22049174,-0.25397238,0.2403184,-0.25807646
0,967,0.22454076,-0.20663515,0.25368336,-0.20901568,0.21798903,-0.27235156,0.23763455,-0.2786153
0,968,0.22056155,-0.21345708,0.24940087,-0.21664338,0.21530658,-0.29030165,0.23474765,-0.29868555
0,969,0.2163211,-0.22011125,0.24482422,-0.2240874,0.21244803,-0.3078103,0.23166245,-0.3182725
0,970,0.211825,-0.2265931,0.23996067,-0.23134246,0.20941713,-0.32486558,0.22838385,-0.33736223
0,971,0.20707898,-0.23289815,0.23481771,-0.23840344,0.20621777,-0.3414556,0.2249169,-0.3559413
0,972,0.20208903,-0.23902208,0.22940302,-0.24526544,0.20285395,-0.35756907,0.22126678,-0.37399682
0,973,0.19686104,-0.24496078,0.22372444,-0.25192383,0.19932969,-0.3731952,0.21743874,-0.3915166
0,974,0.19140139,-0.2507102,0.21779002,-0.25837412,0.19564925,-0.38832322,0.21343826,-0.4084888
0,975,0.18571629,-0.25626662,0.21160796,-0.26461217,0.19181682,-0.4029435,0.20927083,-0.42490256
0,976,0.17981239,-0.26162627,0.20518664,-0.27063397,0.1878369,-0.41704595,0.2049421,-0.4407473
0,977,0.17369626,-0.26678568,0.19853453,-0.27643576,0.18371393,-0.43062156,0.20045781,-0.45601317
0,978,0.16737483,-0.27174166,0.19166034,-0.28201407,0.17945254,-0.4436619,0.19582382,-0.470691
0,979,0.16085504,-0.27649102,0.18457283,-0.28736562,0.17505744,-0.45615855,0.191046,-0.48477215
0,980,0.15414408,-0.28103095,0.1772809,-0.29248735,0.17053348,-0.46810418,0.18613039,-0.4982486
0,981,0.14724927,-0.28535876,0.1697936,-0.2973765,0.16588558,-0.47949162,0.18108308,-0.5111131
0,982,0.14017804,-0.28947192,0.16212004,-0.3020305,0.16111875,-0.49031433,0.1759102,-0.5233589
0,983,0.13293801,-0.29336834,0.15426946,-0.30644706,0.15623812,-0.5005667,0.170618,-0.5349798
0,984,0.125537,-0.29704592,0.14625116,-0.31062412,0.15124898,-0.51024324,0.16521274,-0.5459707
0,985,0.11798285,-0.300503,0.1380745,-0.31455985,0.1461566,-0.5193396,0.15970072,-0.55632645
0,986,0.1102837,-0.30373794,0.12974899,-0.31825265,0.14096648,-0.5278515,0.15408835,-0.5660431
0,987,0.10244773,-0.30674958,0.121284075,-0.32170126,0.13568412,-0.53577584,0.14838201,-0.5751172
0,988,0.09448324,-0.30953687,0.112689346,-0.32490453,0.13031512,-0.54310983,0.14258817,-0.58354574
0,989,0.086398736,-0.31209904,0.10397439,-0.3278617,0.12486523,-0.54985154,0.13671327,-0.5913267
0,990,0.07820277,-0.31443548,0.09514882,-0.33057213,0.119340196,-0.5559992,0.1307638,-0.59845847
0,991,0.06990409,-0.31654608,0.086222276,-0.3330355,0.11374592,-0.5615527,0.12474628,-0.6049402
0,992,0.061511483,-0.31843072,0.077204406,-0.3352517,0.10808832,-0.56651163,0.11866718,-0.6107715
0,993,0.05303387,-0.3200896,0.06810485,-0.33722088,0.10237343,-0.57087654,0.11253302,-0.6159529
0,994,0.04448023,-0.32152328,0.05893325,-0.33894342,0.096607275,-0.57464886,0.10635029,-0.6204853
0,995,0.03585967,-0.32273248,0.049699217,-0.34041998,0.090796016,-0.57783055,0.10012548,-0.62437046
0,996,0.027181339,-0.32371813,0.04041234,-0.34165138,0.08494581,-0.580424,0.093865044,-0.62761056
0,997,0.018454436,-0.3244815,0.031082163,-0.34263876,0.07906286,-0.5824326,0.08757541,-0.6302086
0,998,0.00968824,-0.325024,0.02171819,-0.34338346,0.07315342,-0.5838601,0.081263006,-0.63216805
1,0,-0.060493678,0.34095335,-0.06931344,0.649039,0.025842631,1.1684806,0.019897087,1.9791254
1,1,-0.04497081,0.5087788,-0.040120125,0.6404505,0.03630685,1.6100683,0.03957678,1.956527
1,2,-0.020277023,0.59033453,-0.011274578,0.6312223,0.052953344,1.8246604,0.059022035,1.9322456
1,3,0.007866401,0.62259024,0.017198546,0.62137043,0.07192529,1.9095327,0.07821624,1.9063231
1,4,0.037100244,0.6269675,0.04527523,0.61091167,0.0916323,1.9210502,0.097143196,1.8788036
1,5,0.06636509,0.6164525,0.07293212,0.59986335,0.11136022,1.8933828,0.115787156,1.8497329
1,6,0.0951464,0.5988409,0.100146554,0.5882434,0.13076217,1.8470426,0.13413286,1.8191582
1,7,0.12319088,0.57861596,0.12689658,0.57607037,0.14966743,1.7938261,0.15216549,1.7871281
1,8,0.15038715,0.55815196,0.15316097,0.56336325,0.16800088,1.7399806,0.16987075,1.7536927
1,9,0.17670499,0.5385291,0.17891927,0.5501414,0.18574215,1.6883483,0.18723483,1.718903
1,10,0.2021598,0.520083,0.20415176,0.5364246,0.20290166,1.6398124,0.20424448,1.6828108
1,11,0.22679026,0.5027609,0.22883953,0.52223307,0.21950546,1.5942339,0.2208869,1.6454697
1,12,0.2506438,0.48633826,0.25296444,0.5075872,0.23558553,1.551022,0.23714991,1.606933
1,13,0.27376756,0.47054228,0.27650914,0.49250767,0.25117365,1.5094591,0.25302178,1.5672551
1,14,0.29620257,0.45511454,0.29945713,0.47701532,0.26629746,1.4688653,0.26849142,1.5264913
1,15,0.31798115,0.43983784,0.32179272,0.4611312,0.28097874,1.4286686,0.2835482,1.4846964
1,16,0.3391259,0.42454293,0.34350097,0.44487637,0.29523277,1.3884242,0.29818207,1.4419262
1,17,0.35964978,0.40910572,0.3645679,0.428272,0.30906826,1.3478054,0.31238365,1.3982363
1,18,0.3795574,0.39344,0.38498023,0.4113393,0.3224883,1.3065852,0.32614395,1.3536824
1,19,0.39884624,0.37748992,0.40472555,0.39409938,0.33549124,1.2646168,0.33945456,1.3083202
1,20,0.4175084,0.36122262,0.42379233,0.3765734,0.3480717,1.2218138,0.35230783,1.2622054
1,21,0.43553177,0.34462267,0.4421698,0.35878235,0.36022156,1.1781355,0.36469632,1.215393
1,22,0.4529018,0.32768756,0.459848,0.3407471,0.371931,1.1335753,0.3766135,1.167938
1,23,0.46960238,0.310424,0.4768178,0.32248843,0.3831891,1.0881509,0.38805312,1.1198952
1,24,0.4856169,0.29284585,0.4930709,0.30402687,0.39398476,1.0418987,0.39900962,1.0713185
1,25,0.5009291,0.2749722,0.5085998,0.28538284,0.40430698,0.994869,0.40947792,1.0222617
1,26,0.5155238,0.2568259,0.52339774,0.2665764,0.41414547,0.94712186,0.41945344,0.9727777
1,27,0.5293872,0.23843277,0.5374588,0.24762757,0.42349103,0.8987253,0.42893222,0.9229189
1,28,0.5425074,0.21982065,0.55077773,0.2285559,0.4323356,0.8497525,0.43791074,0.87273693
1,29,0.5548746,0.20101877,0.56335014,0.2093808,0.44067252,0.80028033,0.446386,0.82228285
1,30,0.5664812,0.18205723,0.5751725,0.19012135,0.4484967,0.75038815,0.45435566,0.77160674
1,31,0.5773221,0.16296628,0.5862417,0.17079635,0.45580477,0.70015544,0.4618176,0.72075814
1,32,0.5873944,0.14377616,0.59655565,0.15142426,0.46259466,0.6496618,0.46877038,0.66978574
1,33,0.59669757,0.12451632,0.60611284,0.13202325,0.46886605,0.5989847,0.47521305,0.61873716
1,34,0.6052331,0.10521534,0.6149125,0.1126112,0.47461998,0.54819936,0.48114505,0.56765956
1,35,0.61300457,0.085900515,0.6229545,0.093205616,0.47985888,0.49737757,0.48656628,0.516599
1,36,0.62001723,0.066597626,0.6302395,0.07382373,0.48458624,0.44658718,0.49147722,0.46560073
1,37,0.6262779,0.047330726,0.6367687,0.05448241,0.48880666,0.3958915,0.49587867,0.41470927
1,38,0.6317948,0.028122138,0.64254403,0.03519823,0.4925257,0.34534928,0.49977192,0.3639681
1,39,0.6365769,0.008992191,0.64756805,0.01598742,0.49574938,0.29501393,0.5031587,0.31342
1,40,0.6406344,-0.010040414,0.6518439,-0.0031340956,0.4984846,0.24493474,0.5060411,0.26310688
1,41,0.64397776,-0.028958943,0.65537536,-0.022150721,0.50073844,0.1951557,0.5084217,0.2130697
1,42,0.6466179,-0.047748204,0.6581669,-0.041047174,0.5025182,0.1457168,0.51030356,0.16334876
1,43,0.6485657,-0.06639467,0.6602234,-0.05980848,0.5038312,0.096653625,0.5116899,0.11398342
1,44,0.64983237,-0.084886014,0.6615506,-0.07841998,0.5046851,0.047998622,0.51258457,0.06501225
1,45,0.6504288,-0.10321139,0.6621544,-0.09686731,0.50508714,-0.00021968628,0.51299155,0.016473059
1,46,0.65036535,-0.121360585,0.6620416,-0.11513641,0.5050444,-0.04797443,0.51291555,-0.03159718
1,47,0.6496525,-0.13932443,0.6612195,-0.13321353,0.50456387,-0.09524146,0.51236135,-0.079162285
1,48,0.64829993,-0.15709424,0.6596957,-0.15108518,0.50365204,-0.14199796,0.5113341,-0.12618673
1,49,0.646317,-0.17466186,0.6574785,-0.16873819,0.50231534,-0.18822244,0.5098395,-0.17263588
1,50,0.6437126,-0.19201922,0.65457684,-0.18615964,0.5005596,-0.23389368,0.5078834,-0.21847576
1,51,0.64049506,-0.20915842,0.65099984,-0.20333692,0.49839067,-0.2789909,0.5054721,-0.2636732
1,52,0.63667214,-0.22607142,0.64675736,-0.22025771,0.49581358,-0.32349288,0.5026122,-0.3081957
1,53,0.6322516,-0.2427499,0.64185965,-0.23690996,0.49283364,-0.36737785,0.49931055,-0.3520116
1,54,0.6272404,-0.2591853,0.6363174,-0.25328186,0.4894555,-0.41062322,0.4955744,-0.3950899
1,55,0.62164557,-0.27536848,0.63014174,-0.2693619,0.48568392,-0.4532049,0.49141133,-0.43740022
1,56,0.6154736,-0.29128984,0.6233443,-0.28513893,0.4815233,-0.49509767,0.48682907,-0.47891322
1,57,0.60873115,-0.30693915,0.6159372,-0.30060193,0.4769781,-0.5362747,0.48183578,-0.5196
1,58,0.6014247,-0.3223056,0.6079328,-0.31574026,0.4720527,-0.5767073,0.47643992,-0.5594324
1,59,0.59356064,-0.3373777,0.599344,-0.33054355,0.4667514,-0.6163655,0.47065008,-0.5983833
1,60,0.58514583,-0.3521433,0.59018415,-0.3450017,0.46107885,-0.65521723,0.46447527,-0.63642603
1,61,0.57618713,-0.36658967,0.58046687,-0.35910493,0.45503965,-0.69322896,0.45792466,-0.6735349
1,62,0.56669164,-0.3807034,0.5702061,-0.37284368,0.44863856,-0.73036546,0.45100772,-0.7096847
1,63,0.5566671,-0.3944707,0.5594164,-0.38620883,0.44188085,-0.7665904,0.44373423,-0.7448515
1,64,0.54612166,-0.40787742,0.5481125,-0.3991914,0.434772,-0.8018666,0.43611407,-0.7790117
1,65,0.535064,-0.420909,0.5363094,-0.4117829,0.42731786,-0.8361557,0.42815742,-0.81214285
1,66,0.5235032,-0.43355054,0.52402264,-0.42397502,0.41952452,-0.86941856,0.4198747,-0.84422314
1,67,0.5114493,-0.4457874,0.5112679,-0.43575984,0.4113988,-0.9016166,0.41127652,-0.87523174
1,68,0.49891272,-0.4576049,0.49806124,-0.44712982,0.4029477,-0.9327111,0.4023737,-0.9051488
1,69,0.48590484,-0.46898836,0.484419,-0.45807773,0.39417887,-0.96266365,0.3931772,-0.93395525
1,70,0.47243765,-0.47992373,0.47035778,-0.46859667,0.38510042,-0.99143714,0.3836983,-0.961633
1,71,0.45852372,-0.4903974,0.45589447,-0.47868016,0.3757208,-1.0189958,0.37394837,-0.9881651
1,72,0.44417635,-0.50039643,0.44104618,-0.48832208,0.36604902,-1.0453056,0.3639389,-1.0135351
1,73,0.4294096,-0.50990885,0.42583027,-0.49751675,0.3560945,-1.070335,0.35368162,-1.0377284
1,74,0.414238,-0.51892334,0.41026425,-0.5062588,0.3458671,-1.0940542,0.3431883,-1.0607308
1,75,0.3986769,-0.5274299,0.39436597,-0.5145433,0.3353771,-1.1164368,0.332471,-1.0825293
1,76,0.38274202,-0.5354194,0.3781533,-0.5223658,0.32463512,-1.1374592,0.3215418,-1.1031121
1,77,0.3664495,-0.5428843,0.36164436,-0.5297223,0.31365207,-1.157101,0.31041282,-1.1224687
1,78,0.34981623,-0.5498181,0.34485745,-0.5366091,0.3024393,-1.1753454,0.29909652,-1.1405896
1,79,0.3328592,-0.5562157,0.32781097,-0.54302305,0.2910083,-1.1921791,0.2876052,-1.157466
1,80,0.31559584,-0.5620733,0.3105234,-0.54896146,0.27937078,-1.2075917,0.27595136,-1.1730914
1,81,0.29804417,-0.56738883,0.29301336,-0.5544221,0.2675389,-1.2215781,0.26414755,-1.1874596
1,82,0.2802224,-0.5721609,0.27529952,-0.5594032,0.25552493,-1.2341346,0.25220636,-1.200566
1,83,0.26214883,-0.5763901,0.25740066,-0.5639035,0.24334127,-1.2452625,0.24014045,-1.2124075
1,84,0.24384238,-0.5800777,0.2393355,-0.5679222,0.23100057,-1.2549655,0.22796243,-1.2229815
1,85,0.2253222,-0.5832265,0.22112292,-0.57145894,0.21851581,-1.2632507,0.21568502,-1.2322875
1,86,0.20660762,-0.5858405,0.20278169,-0.57451403,0.20590001,-1.2701288,0.20332089,-1.2403262
1,87,0.18771848,-0.58792454,0.1843306,-0.5770881,0.19316654,-1.2756124,0.1908827,-1.2470992
1,88,0.16867492,-0.5894844,0.1657884,-0.5791824,0.18032897,-1.2797166,0.1783831,-1.2526097
1,89,0.14949746,-0.5905269,0.14717379,-0.5807985,0.16740112,-1.2824597,0.1658347,-1.256862
1,90,0.13020708,-0.5910596,0.12850541,-0.5819388,0.15439716,-1.2838615,0.15325004,-1.2598624
1,91,0.11082512,-0.59109086,0.109801754,-0.58260584,0.14133146,-1.2839437,0.14064158,-1.2616175
1,92,0.091373384,-0.5906296,0.09108125,-0.5828029,0.12821873,-1.2827299,0.12802179,-1.2621361
1,93,0.07187411,-0.58968526,0.07236217,-0.58253366,0.11507394,-1.2802452,0.11540295,-1.2614276
1,94,0.05235001,-0.5882679,0.053662624,-0.5818023,0.101912424,-1.2765158,0.10279728,-1.2595034
1,95,0.032824155,-0.58638793,0.035000574,-0.58061343,0.08874972,-1.2715691,0.09021688,-1.2563751
1,96,0.013320025,-0.5840562,0.01639377,-0.57897234,0.07560167,-1.2654338,0.077673726,-1.2520571
1,97,-0.006138634,-0.58128387,-0.0021402398,-0.5768845,0.06248426,-1.2581391,0.065179646,-1.2465634
1,98,-0.025527824,-0.57808226,-0.020584136,-0.574356,0.04941369,-1.249715,0.052746315,-1.2399104
1,99,-0.044823408,-0.5744632,-0.038920846,-0.57139343,0.03640622,-1.2401924,0.04038523,-1.2321151
1,100,-0.06400117,-0.5704382,-0.05713356,-0.56800365,0.02347817,-1.2296017,0.028107742,-1.2231959
1,101,-0.08303702,-0.5660195,-0.07520574,-0.564194,0.010645794,-1.217975,0.015924986,-1.2131718
1,102,-0.10190709,-0.5612188,-0.09312116,-0.5599724,-0.0020748314,-1.2053434,0.003847906,-1.2020638
1,103,-0.12058784,-0.5560483,-0.110863894,-0.55534685,-0.014667834,-1.1917385,-0.008112761,-1.1898929
1,104,-0.1390562,-0.55052,-0.12841833,-0.550326,-0.027117664,-1.1771923,-0.019946493,-1.1766819
1,105,-0.15728974,-0.54464597,-0.14576922,-0.54491866,-0.03940919,-1.1617364,-0.031643018,-1.1624539
1,106,-0.17526685,-0.53843814,-0.16290167,-0.5391342,-0.05152785,-1.1454022,-0.043192282,-1.1472336
1,107,-0.19296667,-0.53190833,-0.17980112,-0.5329821,-0.06345959,-1.1282207,-0.05458448,-1.131046
1,108,-0.21036942,-0.525068,-0.19645342,-0.52647233,-0.07519107,-1.1102222,-0.06581007,-1.1139174
1,109,-0.2274565,-0.5179288,-0.21284483,-0.519615,-0.08670975,-1.0914372,-0.07685979,-1.0958741
1,110,-0.24421032,-0.5105018,-0.22896197,-0.51242065,-0.09800378,-1.0718951,-0.08772462,-1.0769441
1,111,-0.26061466,-0.50279814,-0.24479188,-0.50489986,-0.10906222,-1.051625,-0.098395824,-1.0571551
1,112,-0.2766545,-0.49482852,-0.26032206,-0.49706373,-0.11987495,-1.0306551,-0.10886497,-1.0365365
1,113,-0.2923163,-0.48660356,-0.27554038,-0.48892334,-0.13043281,-1.0090133,-0.11912389,-1.0151173
1,114,-0.3075875,-0.4781332,-0.29043522,-0.48049006,-0.14072739,-0.98672587,-0.12916476,-0.9929273
1,115,-0.32245722,-0.4694274,-0.3049954,-0.4717754,-0.15075131,-0.9638189,-0.13898,-0.96999705
1,116,-0.33691558,-0.46049592,-0.31921005,-0.4627912,-0.16049793,-0.9403181,-0.14856234,-0.94635755
1,117,-0.35095403,-0.45134792,-0.333069,-0.45354918,-0.16996147,-0.9162476,-0.15790488,-0.9220396
1,118,-0.36456516,-0.44199252,-0.34656233,-0.44406137,-0.17913696,-0.89163136,-0.16700095,-0.897075
1,119,-0.37774262,-0.43243855,-0.35968077,-0.43433982,-0.18802011,-0.8664927,-0.17584431,-0.87149537
1,120,-0.39048108,-0.42269468,-0.37241536,-0.4243967,-0.19660732,-0.8408543,-0.18442892,-0.8453327
1,121,-0.40277615,-0.41276914,-0.38475776,-0.41424426,-0.20489562,-0.81473786,-0.19274913,-0.81861925
1,122,-0.4146242,-0.4026703,-0.39669997,-0.40389484,-0.2128826,-0.78816545,-0.20079957,-0.79138756
1,123,-0.42602244,-0.39240626,-0.4082346,-0.3933607,-0.22056633,-0.7611584,-0.20857525,-0.7636698
1,124,-0.43696856,-0.38198495,-0.41935462,-0.38265425,-0.2279453,-0.7337375,-0.21607144,-0.7354986
1,125,-0.44746098,-0.37141442,-0.4300536,-0.37178785,-0.2350184,-0.70592403,-0.2232838,-0.7069066
1,126,-0.45749846,-0.3607026,-0.44032553,-0.36077386,-0.24178483,-0.6777387,-0.23020828,-0.67792624
1,127,-0.4670802,-0.3498574,-0.45016485,-0.3496246,-0.24824405,-0.64920247,-0.23684113,-0.64858997
1,128,-0.47620574,-0.3388867,-0.4595666,-0.3383524,-0.25439572,-0.62033606,-0.243179,-0.6189302
1,129,-0.4848748,-0.32779872,-0.46852612,-0.32696956,-0.2602397,-0.591161,-0.24921876,-0.5889793
1,130,-0.49308726,-0.3166015,-0.4770394,-0.31548822,-0.26577583,-0.56169856,-0.2549577,-0.5587692
1,131,-0.5008432,-0.3053034,-0.48510283,-0.30392057,-0.27100426,-0.5319706,-0.26039338,-0.52833205
1,132,-0.508143,-0.29391286,-0.49271324,-0.29227862,-0.27592516,-0.50199944,-0.2655237,-0.49769938
1,133,-0.5149865,-0.28243855,-0.49986798,-0.28057435,-0.28053847,-0.47180787,-0.27034682,-0.46690276
1,134,-0.52137405,-0.27088922,-0.50656486,-0.26881966,-0.28484443,-0.44141892,-0.2748613,-0.43597344
1,135,-0.5273059,-0.25927398,-0.5128021,-0.25702628,-0.28884318,-0.41085652,-0.27906594,-0.40494233
1,136,-0.5327822,-0.24760205,-0.5185785,-0.24520582,-0.29253483,-0.38014498,-0.2829599,-0.37383994
1,137,-0.5378032,-0.23588282,-0.5238932,-0.23336983,-0.29591957,-0.34930897,-0.2865426,-0.3426967
1,138,-0.54236895,-0.2241261,-0.5287458,-0.22152966,-0.29899743,-0.3183743,-0.28981382,-0.31154248
1,139,-0.5464797,-0.21234174,-0.53313625,-0.20969658,-0.30176854,-0.28736693,-0.29277351,-0.2804069
1,140,-0.5501356,-0.20053981,-0.53706527,-0.19788162,-0.30423307,-0.25631332,-0.29542214,-0.24931902
1,141,-0.55333686,-0.18873069,-0.54053354,-0.18609576,-0.30639106,-0.22524078,-0.29776016,-0.21830767
1,142,-0.5560837,-0.17692487,-0.5435426,-0.17434974,-0.30824274,-0.19417694,-0.29978862,-0.18740118
1,143,-0.5583764,-0.165133,-0.5460941,-0.16265418,-0.3097883,-0.16314979,-0.30150864,-0.15662743
1,144,-0.5602156,-0.15336588,-0.5481903,-0.15101951,-0.31102815,-0.13218778,-0.30292168,-0.12601395
1,145,-0.56160176,-0.1416345,-0.5498337,-0.139456,-0.31196257,-0.10131978,-0.30402955,-0.09558767
1,146,-0.56253576,-0.12994991,-0.5510273,-0.12797372,-0.3125922,-0.07057494,-0.30483416,-0.06537512
1,147,-0.5630187,-0.11832322,-0.5517745,-0.11658255,-0.31291774,-0.039982423,-0.30533788,-0.035402313
1,148,-0.5630518,-0.10676567,-0.55207896,-0.105292186,-0.3129401,-0.009571833,-0.3055431,-0.005694749
1,149,-0.562637,-0.095288426,-0.55194485,-0.09411216,-0.31266043,0.020627463,-0.3054527,0.023722496
1,150,-0.56177604,-0.083902776,-0.5513767,-0.083051756,-0.31208006,0.050585747,-0.30506968,0.052824978
1,151,-0.56047153,-0.072619945,-0.5503793,-0.0721201,-0.31120068,0.080273494,-0.3043973,0.0815887
1,152,-0.5587264,-0.06145106,-0.5489579,-0.06132609,-0.31002423,0.10966142,-0.30343914,0.10999024
1,153,-0.55654395,-0.05040731,-0.54711795,-0.050678417,-0.30855304,0.13872008,-0.3021988,0.13800673
1,154,-0.55392826,-0.03949966,-0.5448654,-0.040185567,-0.30678976,0.16742063,-0.30068034,0.16561584
1,155,-0.5508836,-0.028739076,-0.5422065,-0.0298558,-0.3047373,0.19573422,-0.29888794,0.19279586
1,156,-0.5474152,-0.018136334,-0.5391477,-0.019697163,-0.3023992,0.22363248,-0.29682592,0.21952559
1,157,-0.54352856,-0.007702034,-0.53569585,-0.009717479,-0.29977915,0.25108755,-0.29449898,0.24578446
1,158,-0.53923,0.0025533326,-0.5318581,7.5657474e-05,-0.2968814,0.2780718,-0.29191187,0.27155247
1,159,-0.53452635,0.012619514,-0.52764183,0.00967488,-0.2937106,0.30455825,-0.28906962,0.29681024
1,160,-0.52942514,0.022486482,-0.5230548,0.019073054,-0.2902718,0.33052054,-0.28597742,0.321539
1,161,-0.5239345,0.03214435,-0.5181049,0.028263286,-0.28657046,0.35593265,-0.28264064,0.34572065
1,162,-0.51806295,0.041583586,-0.5128006,0.037238915,-0.28261235,0.38076943,-0.2790649,0.36933762
1,163,-0.51181996,0.05079491,-0.5071501,0.045993533,-0.27840385,0.4050066,-0.27525583,0.39237306
1,164,-0.5052155,0.0597693,-0.5011624,0.054520965,-0.27395168,0.42862028,-0.27121943,0.4148107
1,165,-0.4982598,0.068498015,-0.49484634,0.0628153,-0.26926273,0.45158756,-0.26696166,0.436635
1,166,-0.49096394,0.07697269,-0.48821118,0.07087088,-0.26434445,0.4738864,-0.26248878,0.4578311
1,167,-0.48333928,0.08518532,-0.48126638,0.07868228,-0.25920457,0.4954957,-0.25780717,0.4783847
1,168,-0.47539768,0.09312825,-0.4740215,0.086244375,-0.253851,0.5163954,-0.25292328,0.49828234
1,169,-0.46715146,0.10079418,-0.4664864,0.09355227,-0.24829207,0.53656626,-0.24784374,0.51751107
1,170,-0.45861328,0.10817626,-0.4586711,0.100601345,-0.24253635,0.5559902,-0.24257532,0.53605884
1,171,-0.44979602,0.11526808,-0.45058578,0.107387245,-0.23659249,0.57465047,-0.23712488,0.5539141
1,172,-0.4407129,0.12206362,-0.4422408,0.11390591,-0.2304694,0.5925311,-0.23149939,0.57106626
1,173,-0.43137738,0.12855737,-0.43364665,0.120153524,-0.22417618,0.60961765,-0.22570594,0.58750516
1,174,-0.42180315,0.13474427,-0.42481402,0.12612657,-0.21772203,0.6258968,-0.21975172,0.60322165
1,175,-0.41200384,0.14061978,-0.41575363,0.13182181,-0.21111616,0.64135665,-0.21364395,0.61820716
1,176,-0.4019933,0.14617984,-0.4064764,0.13723627,-0.20436789,0.6559864,-0.20739003,0.6324538
1,177,-0.39178547,0.1514209,-0.3969934,0.14236727,-0.19748662,0.66977686,-0.20099737,0.64595467
1,178,-0.38139418,0.15633993,-0.38731566,0.14721245,-0.19048168,0.68271995,-0.19447345,0.65870345
1,179,-0.3708333,0.16093442,-0.37745443,0.15176965,-0.18336242,0.69480914,-0.18782583,0.6706945
1,180,-0.36011663,0.16520242,-0.36742097,0.15603712,-0.17613813,0.70603925,-0.18106212,0.6819232
1,181,-0.34925786,0.1691424,-0.3572266,0.1600133,-0.16881806,0.7164062,-0.17418993,0.69238544
1,182,-0.33827063,0.17275342,-0.34688276,0.16369697,-0.16141139,0.7259077,-0.16721697,0.7020781
1,183,-0.32716835,0.17603505,-0.33640087,0.1670872,-0.15392715,0.7345424,-0.16015095,0.71099854
1,184,-0.31596434,0.17898731,-0.32579237,0.17018332,-0.14637434,0.74231046,-0.15299958,0.7191451
1,185,-0.3046717,0.1816107,-0.31506878,0.17298499,-0.1387618,0.7492133,-0.14577064,0.726517
1,186,-0.29330337,0.18390627,-0.30424157,0.17549214,-0.13109821,0.7552534,-0.13847184,0.7331139
1,187,-0.2818721,0.18587539,-0.29332224,0.17770502,-0.1233922,0.7604346,-0.13111094,0.7389365
1,188,-0.2703904,0.18751994,-0.2823223,0.17962411,-0.115652196,0.7647618,-0.12369569,0.74398607
1,189,-0.25887054,0.18884224,-0.27125314,0.18125026,-0.10788648,0.7682411,-0.11623379,0.7482648
1,190,-0.24732469,0.18984494,-0.2601262,0.18258454,-0.10010323,0.77087945,-0.10873294,0.7517756
1,191,-0.23576473,0.19053116,-0.24895288,0.18362832,-0.092310466,0.77268505,-0.10120082,0.7545221
1,192,-0.22420225,0.19090426,-0.23774445,0.18438326,-0.08451601,0.77366674,-0.093645036,0.75650847
1,193,-0.21264872,0.19096802,-0.22651216,0.1848513,-0.076727584,0.77383447,-0.08607316,0.75773996
1,194,-0.20111537,0.19072646,-0.21526718,0.18503466,-0.06895277,0.7731989,-0.07849274,0.75822246
1,195,-0.18961318,0.19018406,-0.20402054,0.1849358,-0.06119895,0.7717717,-0.07091119,0.7579623
1,196,-0.17815293,0.18934539,-0.19278324,0.18455747,-0.05347341,0.769565,-0.06333594,0.7569669
1,197,-0.16674514,0.18821543,-0.18156609,0.18390268,-0.04578323,0.76659185,-0.055774275,0.75524396
1,198,-0.15540022,0.18679932,-0.17037986,0.1829747,-0.03813543,0.7628657,-0.048233453,0.75280225
1,199,-0.14412825,0.18510252,-0.15923512,0.18177702,-0.03053681,0.75840104,-0.0407206,0.74965084
1,200,-0.123784155,-0.14597951,-0.15922974,-0.3867903,-0.016822523,-0.11275252,-0.040716976,-0.7463815
1,201,-0.12469864,-0.32430142,-0.17021525,-0.38231993,-0.017438991,-0.58195883,-0.048122484,-0.73461896
1,202,-0.13711904,-0.4050161,-0.1810218,-0.37762183,-0.025811788,-0.7943378,-0.055407356,-0.72225714
1,203,-0.1522748,-0.43398094,-0.19164065,-0.372703,-0.036028538,-0.87055105,-0.0625657,-0.7093145
1,204,-0.16728024,-0.4358923,-0.2020633,-0.3675705,-0.04614395,-0.8755803,-0.06959178,-0.6958098
1,205,-0.18127188,-0.42498755,-0.21228158,-0.36223158,-0.055575944,-0.84688735,-0.0764801,-0.68176186
1,206,-0.19416635,-0.40918306,-0.22228757,-0.35669366,-0.06426831,-0.8053021,-0.083225295,-0.66719025
1,207,-0.20612802,-0.3925971,-0.2320736,-0.3509642,-0.072331876,-0.7616606,-0.089822225,-0.65211475
1,208,-0.2173589,-0.37712342,-0.24163239,-0.34505084,-0.0799028,-0.7209457,-0.09626596,-0.6365553
1,209,-0.22802502,-0.36341786,-0.25095692,-0.33896127,-0.087093,-0.68488324,-0.10255178,-0.6205323
1,210,-0.23824038,-0.35150367,-0.26004043,-0.33270335,-0.093979344,-0.65353423,-0.10867512,-0.60406625
1,211,-0.24807432,-0.3411259,-0.26887652,-0.32628492,-0.10060857,-0.6262279,-0.114631675,-0.5871778
1,212,-0.25756443,-0.3319455,-0.27745908,-0.31971398,-0.107006006,-0.6020722,-0.12041732,-0.5698882
1,213,-0.26672852,-0.32363576,-0.28578234,-0.31299856,-0.11318367,-0.5802073,-0.12602817,-0.5522184
1,214,-0.27557355,-0.31592157,-0.29384077,-0.30614674,-0.11914625,-0.55990946,-0.13146049,-0.53418964
1,215,-0.28410125,-0.30858895,-0.30162925,-0.29916668,-0.12489492,-0.5406157,-0.13671082,-0.5158235
1,216,-0.29231107,-0.3014804,-0.3091429,-0.29206648,-0.1304293,-0.52191144,-0.14177589,-0.4971412
1,217,-0.30020174,-0.29448494,-0.3163772,-0.28485438,-0.13574852,-0.50350475,-0.14665265,-0.4781645
1,218,-0.3077722,-0.28752738,-0.32332793,-0.2775386,-0.14085189,-0.48519778,-0.15133826,-0.45891497
1,219,-0.3150217,-0.28055897,-0.32999125,-0.2701273,-0.1457389,-0.4668623,-0.15583012,-0.4394141
1,220,-0.32194972,-0.27354953,-0.33636355,-0.26262873,-0.15040919,-0.4484188,-0.16012579,-0.41968367
1,221,-0.3285561,-0.26648197,-0.3424416,-0.25505108,-0.15486266,-0.42982242,-0.1642231,-0.3997451
1,222,-0.33484086,-0.2593479,-0.34822243,-0.24740253,-0.15909933,-0.411051,-0.16812006,-0.37962002
1,223,-0.34080404,-0.25214484,-0.3537035,-0.23969127,-0.1631192,-0.39209813,-0.17181493,-0.35932988
1,224,-0.34644598,-0.24487397,-0.3588825,-0.2319254,-0.16692252,-0.37296677,-0.17530619,-0.33889607
1,225,-0.35176694,-0.23753896,-0.36375743,-0.22411302,-0.17050947,-0.35366666,-0.17859246,-0.31833988
1,226,-0.3567674,-0.23014498,-0.36832663,-0.21626216,-0.17388035,-0.33421138,-0.18167263,-0.29768246
1,227,-0.36144778,-0.22269803,-0.3725888,-0.20838082,-0.17703548,-0.31461674,-0.18454584,-0.27694485
1,228,-0.36580864,-0.21520469,-0.37654287,-0.20047691,-0.17997521,-0.2949,-0.18721133,-0.25614783
1,229,-0.36985072,-0.20767187,-0.38018814,-0.19255829,-0.18270005,-0.2750794,-0.18966867,-0.23531209
1,230,-0.37357467,-0.20010665,-0.38352412,-0.18463275,-0.18521042,-0.25517356,-0.19191751,-0.21445815
1,231,-0.37698138,-0.19251609,-0.38655078,-0.17670795,-0.18750694,-0.23520105,-0.19395784,-0.19360618
1,232,-0.3800718,-0.18490738,-0.38926825,-0.16879156,-0.18959023,-0.21518077,-0.19578972,-0.17277633
1,233,-0.382847,-0.1772877,-0.391677,-0.16089106,-0.19146106,-0.19513163,-0.19741349,-0.15198825
1,234,-0.38530824,-0.16966422,-0.39377782,-0.15301389,-0.19312021,-0.17507249,-0.1988297,-0.1312616
1,235,-0.38745686,-0.16204408,-0.39557174,-0.14516737,-0.19456863,-0.15502213,-0.20003901,-0.11061559
1,236,-0.38929442,-0.15443435,-0.3970601,-0.13735871,-0.19580737,-0.13499917,-0.20104234,-0.090069205
1,237,-0.39082262,-0.14684227,-0.39824453,-0.129595,-0.19683754,-0.11502265,-0.20184077,-0.069641076
1,238,-0.39204335,-0.13927487,-0.39912692,-0.12188323,-0.19766046,-0.09511105,-0.20243561,-0.049349625
1,239,-0.39295864,-0.13173924,-0.3997094,-0.11423025,-0.19827747,-0.07528309,-0.20282827,-0.029212873
1,240,-0.3935708,-0.124242425,-0.39999446,-0.10664281,-0.19869015,-0.055557217,-0.20302044,-0.009248559
1,241,-0.39388236,-0.11679149,-0.39998475,-0.099127516,-0.19890018,-0.035952076,-0.2030139,0.010525927
1,242,-0.39389595,-0.10939336,-0.3996832,-0.091690816,-0.19890933,-0.016485883,-0.20281062,0.030093608
1,243,-0.3936145,-0.10205498,-0.399093,-0.084339045,-0.1987196,0.0028230823,-0.20241275,0.049437825
1,244,-0.39304116,-0.09478325,-0.39821765,-0.077078395,-0.1983331,0.021956706,-0.20182265,0.06854228
1,245,-0.39217934,-0.08758499,-0.39706072,-0.06991489,-0.19775213,0.040896993,-0.20104276,0.087391116
1,246,-0.39103267,-0.080466926,-0.39562622,-0.06285444,-0.19697915,0.059626266,-0.20007573,0.1059688
1,247,-0.38960505,-0.07343578,-0.39391822,-0.05590276,-0.19601676,0.07812683,-0.19892435,0.12426028
1,248,-0.38790056,-0.06649804,-0.39194107,-0.049065437,-0.19486775,0.09638164,-0.19759151,0.14225087
1,249,-0.38592353,-0.059660282,-0.3896994,-0.042347886,-0.193535,0.11437337,-0.19608037,0.1599263
1,250,-0.3836787,-0.052928787,-0.38719794,-0.035755366,-0.19202171,0.13208549,-0.1943941,0.17727274
1,251,-0.38117084,-0.046309885,-0.38444167,-0.02929296,-0.19033113,0.14950135,-0.19253604,0.19427682
1,252,-0.37840512,-0.039809633,-0.38143578,-0.022965591,-0.18846671,0.16660501,-0.19050972,0.2109256
1,253,-0.3753868,-0.033434037,-0.37818566,-0.016778009,-0.186432,0.1833807,-0.18831876,0.22720657
1,254,-0.37212163,-0.027188893,-0.3746968,-0.010734784,-0.18423091,0.19981311,-0.18596686,0.2431077
1,255,-0.36861536,-0.02107989,-0.37097496,-0.004840316,-0.18186727,0.21588732,-0.18345791,0.2586174
1,256,-0.36487398,-0.015112486,-0.367026,0.00090117886,-0.17934515,0.23158893,-0.18079586,0.27372462
1,257,-0.36090383,-0.009292014,-0.362856,0.0064856624,-0.1766688,0.24690396,-0.17798479,0.28841868
1,258,-0.35671148,-0.0036235638,-0.35847116,0.011909283,-0.17384267,0.26181895,-0.17502889,0.3026895
1,259,-0.3523034,0.0018879361,-0.3538778,0.017168373,-0.1708711,0.276321,-0.17193244,0.31652737
1,260,-0.3476866,0.0072378255,-0.34908247,0.022259448,-0.16775884,0.2903978,-0.16869983,0.32992315
1,261,-0.3428681,0.012421567,-0.34409174,0.027179223,-0.16451061,0.30403742,-0.16533549,0.34286824
1,262,-0.33785507,0.017434947,-0.33891237,0.03192459,-0.16113125,0.3172288,-0.16184399,0.3553544
1,263,-0.33265492,0.022273924,-0.33355123,0.03649265,-0.15762575,0.32996127,-0.15822996,0.367374
1,264,-0.32727513,0.026934728,-0.3280153,0.040880684,-0.15399913,0.3422249,-0.1544981,0.37891993
1,265,-0.3217233,0.031413846,-0.32231167,0.045086168,-0.15025657,0.3540105,-0.15065318,0.38998553
1,266,-0.31600723,0.03570802,-0.31644747,0.049106788,-0.14640325,0.36530948,-0.14670004,0.40056476
1,267,-0.31013474,0.03981417,-0.31043,0.05294041,-0.14244452,0.3761137,-0.14264356,0.4106519
1,268,-0.30411372,0.043729596,-0.30426654,0.056585107,-0.13838565,0.38641608,-0.13848867,0.42024192
1,269,-0.29795215,0.04745183,-0.29796457,0.060039148,-0.13423203,0.39621013,-0.1342404,0.42933032
1,270,-0.29165813,0.050978605,-0.2915315,0.063301,-0.12998913,0.40548992,-0.12990376,0.437913
1,271,-0.2852397,0.054308023,-0.2849749,0.06636932,-0.12566236,0.4142504,-0.12548386,0.44598645
1,272,-0.278705,0.057438407,-0.27830234,0.06924298,-0.121257216,0.42248714,-0.120985776,0.4535477
1,273,-0.2720622,0.06036835,-0.27152142,0.07192103,-0.1167792,0.4301965,-0.116414644,0.46059427
1,274,-0.26531947,0.06309673,-0.2646398,0.07440274,-0.1122338,0.43737552,-0.11177563,0.46712422
1,275,-0.2584849,0.0656227,-0.25766516,0.07668757,-0.10762651,0.44402194,-0.10707391,0.47313613
1,276,-0.25156662,0.06794567,-0.25060517,0.07877516,-0.102962784,0.4501342,-0.10231465,0.47862908
1,277,-0.24457277,0.07006531,-0.24346755,0.080665365,-0.09824812,0.45571145,-0.09750307,0.48360267
1,278,-0.23751141,0.071981594,-0.23626001,0.082358226,-0.09348793,0.46075365,-0.09264435,0.488057
1,279,-0.23039053,0.07369469,-0.22899024,0.08385398,-0.088687636,0.46526122,-0.08774368,0.49199265
1,280,-0.22321816,0.07520507,-0.22166593,0.08515306,-0.08385262,0.46923536,-0.08280624,0.49541083
1,281,-0.21600212,0.07651346,-0.21429473,0.086256064,-0.07898817,0.47267804,-0.07783719,0.49831307
1,282,-0.2087503,0.07762076,-0.20688431,0.08716381,-0.07409959,0.4755916,-0.072841704,0.50070155
1,283,-0.20147039,0.078528196,-0.19944224,0.087877296,-0.06919209,0.47797927,-0.06782488,0.5025789
1,284,-0.1941701,0.079237185,-0.1919761,0.08839768,-0.06427085,0.47984478,-0.06279183,0.5039482
1,285,-0.186857,0.07974933,-0.1844934,0.08872632,-0.059340965,0.48119238,-0.057747617,0.5048129
1,286,-0.17953852,0.08006652,-0.17700158,0.08886475,-0.054407455,0.48202696,-0.052697264,0.50517714
1,287,-0.17222206,0.080190815,-0.16950804,0.08881467,-0.049475312,0.482354,-0.047645744,0.50504535
1,288,-0.16491489,0.08012448,-0.1620201,0.08857796,-0.044549428,0.4821795,-0.042598,0.50442255
1,289,-0.1576241,0.07986997,-0.15454502,0.08815666,-0.039634585,0.4815098,-0.03755893,0.503314
1,290,-0.15035672,0.07942994,-0.14708994,0.087552994,-0.03473553,0.48035198,-0.032533336,0.5017256
1,291,-0.1431197,0.078807205,-0.13966195,0.08676932,-0.029856926,0.47871342,-0.027526008,0.49966356
1,292,-0.13591975,0.07800476,-0.13226803,0.08580817,-0.025003327,0.47660202,-0.02254164,0.4971346
1,293,-0.1287635,0.0770258,-0.12491504,0.08467223,-0.020179179,0.47402614,-0.017584872,0.49414566
1,294,-0.121657476,0.07587361,-0.11760975,0.08336431,-0.015388893,0.47099447,-0.012660252,0.4907042
1,295,-0.11460802,0.07455164,-0.11035881,0.0818874,-0.0106367385,0.46751603,-0.007772277,0.4868181
1,296,-0.10762134,0.07306351,-0.10316877,0.080244616,-0.0059269033,0.46360043,-0.0029253515,0.48249558
1,297,-0.10070351,0.071412936,-0.09604604,0.07843919,-0.0012634771,0.4592574,0.0018761999,0.4777451
1,298,-0.09386042,0.069603786,-0.08899689,0.076474525,0.0033495626,0.4544971,0.0066281483,0.47257558
1,299,-0.08709785,0.06764001,-0.08202747,0.07435411,0.007908318,0.44932994,0.011326346,0.4669963
1,300,-0.08042138,0.065525696,-0.07514381,0.07208157,0.012409039,0.44376668,0.015966738,0.4610167
1,301,-0.07383647,0.063265026,-0.06835175,0.06966066,0.016848037,0.43781835,0.020545373,0.45464674
1,302,-0.06734839,0.060862232,-0.06165702,0.067095235,0.021221757,0.43149602,0.025058404,0.4478965
1,303,-0.060962245,0.058321718,-0.055065177,0.064389236,0.025526762,0.42481133,0.029502073,0.44077638
1,304,-0.054683007,0.05564791,-0.048581634,0.06154673,0.0297597,0.41777596,0.033872735,0.4332971
1,305,-0.048515417,0.052845307,-0.042211637,0.05857188,0.033917375,0.41040164,0.038166855,0.42546958
1,306,-0.04246411,0.049918447,-0.03596027,0.055468913,0.03799666,0.4027004,0.042381007,0.41730496
1,307,-0.036533497,0.046871994,-0.029832445,0.052242167,0.041994583,0.39468446,0.046511877,0.40881464
1,308,-0.030727854,0.04371063,-0.023832915,0.048896044,0.045908265,0.38636622,0.050556257,0.40001023
1,309,-0.025051253,0.04043902,-0.017966246,0.045435026,0.049734954,0.37775785,0.054511074,0.39090347
1,310,-0.019507593,0.037061993,-0.0122368485,0.04186367,0.053472027,0.36887208,0.058373358,0.3815064
1,311,-0.014100593,0.03358433,-0.0066489275,0.03818657,0.057116974,0.35972154,0.062140267,0.3718311
1,312,-0.008833803,0.030010793,-0.0012065193,0.034408398,0.060667407,0.35031873,0.06580908,0.36188984
1,313,-0.0037106015,0.026346263,0.004086523,0.030533873,0.06412104,0.34067655,0.069377206,0.35169506
1,314,0.0012658834,0.02259558,0.009226531,0.026567753,0.06747577,0.33080763,0.07284217,0.34125933
1,315,0.006092597,0.018763598,0.014210022,0.022514846,0.07072954,0.32072476,0.076201625,0.3305952
1,316,0.010766733,0.014855165,0.019033706,0.018379992,0.07388045,0.31044078,0.07945335,0.3197154
1,317,0.015285652,0.010875177,0.023694474,0.014168058,0.07692672,0.2999685,0.08259525,0.30863282
1,318,0.019646924,0.006828416,0.028189419,0.009883938,0.07986673,0.28932053,0.08562537,0.29736033
1,319,0.023848247,0.0027197786,0.032515816,0.0055325474,0.08269891,0.27850977,0.08854186,0.28591082
1,320,0.027887534,-0.0014459789,0.036671136,0.0011188132,0.08542187,0.26754868,0.09134303,0.27429724
1,321,0.031762864,-0.0056640096,0.04065304,-0.0033523277,0.088034295,0.25645006,0.0940273,0.26253265
1,322,0.0354725,-0.009929564,0.044459388,-0.007875934,0.090535015,0.2452264,0.09659322,0.25063
1,323,0.03901488,-0.014237903,0.048088223,-0.012447066,0.09292299,0.23389018,0.09903948,0.23860228
1,324,0.042388592,-0.018584345,0.05153779,-0.017060788,0.09519727,0.22245367,0.10136489,0.22646251
1,325,0.04559244,-0.022964217,0.054806523,-0.021712177,0.097357035,0.21092921,0.1035684,0.21422362
1,326,0.048625384,-0.027372897,0.05789305,-0.026396321,0.099401586,0.19932896,0.10564908,0.20189856
1,327,0.051486496,-0.031805757,0.06079618,-0.031108333,0.10133031,0.18766508,0.10760612,0.18950015
1,328,0.05417512,-0.036258344,0.063514926,-0.035843346,0.10314276,0.17594929,0.109438874,0.17704123
1,329,0.05669066,-0.04072615,0.06604848,-0.040596526,0.10483853,0.16419345,0.111146785,0.16453452
1,330,0.05903275,-0.04520477,0.06839623,-0.045363065,0.10641737,0.15240917,0.11272944,0.15199266
1,331,0.061201166,-0.04968981,0.07055776,-0.0501382,0.10787914,0.14060798,0.11418656,0.13942817
1,332,0.063195825,-0.054176938,0.0725328,-0.054917205,0.10922377,0.12880132,0.115517974,0.12685351
1,333,0.06501682,-0.058661934,0.074321315,-0.0596954,0.110451326,0.11700025,0.11672364,0.11428096
1,334,0.06666438,-0.063140646,0.07592342,-0.06446815,0.11156198,0.10521573,0.11780364,0.10172275
1,335,0.06813887,-0.06760889,0.0773394,-0.06923089,0.11255595,0.093458734,0.11875818,0.08919088
1,336,0.06944084,-0.07206264,0.07856976,-0.07397909,0.11343364,0.08173989,0.119587585,0.076697275
1,337,0.070570916,-0.07649791,0.079615146,-0.07870828,0.114195436,0.07006966,0.1202923,0.064253666
1,338,0.071529955,-0.08091077,0.08047637,-0.0834141,0.11484194,0.058458403,0.12087287,0.051871568
1,339,0.07231891,-0.08529739,0.08115446,-0.08809219,0.11537379,0.046916194,0.12132997,0.03956242
1,340,0.072938845,-0.08965397,0.08165055,-0.09273831,0.11579169,0.035453025,0.12166439,0.027337413
1,341,0.07339096,-0.09397681,0.08196598,-0.09734826,0.116096474,0.024078626,0.12187704,0.015207568
1,342,0.0736766,-0.098262325,0.082102254,-0.10191793,0.11628903,0.012802446,0.1219689,0.0031837015
1,343,0.07379724,-0.102506906,0.082061015,-0.106443316,0.11637036,0.0016339697,0.1219411,-0.008723637
1,344,0.073754504,-0.106707126,0.08184407,-0.11092045,0.116341546,-0.0094177835,0.12179485,-0.020504018
1,345,0.07355009,-0.11085957,0.08145337,-0.11534549,0.11620375,-0.020343833,0.12153148,-0.03214733
1,346,0.0731858,-0.114960924,0.08089103,-0.11971467,0.11595818,-0.03113544,0.12115239,-0.043643646
1,347,0.07266362,-0.11900799,0.08015931,-0.1240243,0.11560616,-0.041784205,0.12065913,-0.054983284
1,348,0.07198562,-0.12299751,0.07926058,-0.1282708,0.11514911,-0.05228155,0.12005328,-0.06615682
1,349,0.07115395,-0.12692654,0.0781974,-0.13245068,0.11458847,-0.06261975,0.11933657,-0.07715505
1,350,0.07017094,-0.13079202,0.07697242,-0.13656056,0.11392581,-0.07279073,0.11851079,-0.08796909
1,351,0.06903896,-0.13459107,0.07558844,-0.14059713,0.11316272,-0.08278691,0.11757783,-0.09859025
1,352,0.0677605,-0.1383209,0.07404839,-0.14455724,0.11230089,-0.09260093,0.11653966,-0.1090102
1,353,0.06633815,-0.14197873,0.072355315,-0.14843777,0.11134206,-0.102225535,0.11539833,-0.11922077
1,354,0.06477463,-0.14556198,0.07051237,-0.15223575,0.11028807,-0.1116539,0.11415597,-0.12921414
1,355,0.063072726,-0.14906806,0.06852284,-0.15594833,0.10914078,-0.12087921,0.11281479,-0.13898279
1,356,0.061235342,-0.15249453,0.06639012,-0.15957274,0.10790217,-0.12989506,0.11137709,-0.14851946
1,357,0.059265476,-0.15583904,0.064117685,-0.16310634,0.10657425,-0.13869524,0.109845206,-0.15781718
1,358,0.057166148,-0.1590993,0.061709143,-0.16654658,0.10515906,-0.14727372,0.10822156,-0.16686927
1,359,0.054940563,-0.16227315,0.059168186,-0.16989106,0.10365876,-0.15562488,0.10650867,-0.17566936
1,360,0.052591953,-0.1653585,0.05649859,-0.17313747,0.10207552,-0.16374314,0.104709044,-0.18421142
1,361,0.050123658,-0.16835336,0.053704232,-0.17628361,0.1004116,-0.17162332,0.10282533,-0.19248964
1,362,0.047539074,-0.17125589,0.050789066,-0.17932743,0.09866929,-0.17926054,0.100860156,-0.20049863
1,363,0.044841673,-0.17406425,0.047757123,-0.18226697,0.09685093,-0.18664998,0.09881628,-0.20823324
1,364,0.04203507,-0.17677681,0.04461251,-0.18510038,0.09495895,-0.19378737,0.09669645,-0.21568859
1,365,0.03912284,-0.17939195,0.041359402,-0.18782596,0.09299576,-0.2006684,0.09450347,-0.22286025
1,366,0.036108714,-0.18190816,0.03800204,-0.19044214,0.0909639,-0.20728913,0.09224022,-0.22974402
1,367,0.032996457,-0.18432413,0.03454473,-0.19294742,0.088865876,-0.21364611,0.08990958,-0.23633598
1,368,0.029789884,-0.18663855,0.030991819,-0.19534047,0.08670427,-0.21973588,0.08751452,-0.24263266
1,369,0.02649292,-0.18885025,0.027347714,-0.19762003,0.08448174,-0.22555539,0.08505797,-0.24863072
1,370,0.0231095,-0.19095814,0.023616865,-0.19978504,0.08220091,-0.23110174,0.08254293,-0.25432736
1,371,0.019643594,-0.19296129,0.019803762,-0.20183447,0.07986449,-0.23637249,0.07997246,-0.25971988
1,372,0.016099293,-0.19485886,0.015912935,-0.2037675,0.07747521,-0.24136543,0.07734959,-0.2648061
1,373,0.012480695,-0.19665007,0.011948943,-0.20558333,0.075035855,-0.24607852,0.0746774,-0.269584
1,374,0.0087919235,-0.19833428,0.00791637,-0.2072814,0.0725492,-0.25051004,0.071958974,-0.274052
1,375,0.005037144,-0.19991098,0.0038198251,-0.20886117,0.07001804,-0.25465873,0.069197424,-0.27820876
1,376,0.0012206323,-0.2013797,-0.00033606729,-0.21032226,0.06744526,-0.25852326,0.066395864,-0.2820532
1,377,-0.0026534237,-0.20274016,-0.0045466693,-0.21166444,0.0648337,-0.26210296,0.06355743,-0.2855848
1,378,-0.006580714,-0.20399211,-0.008807336,-0.21288753,0.06218625,-0.26539713,0.060685247,-0.288803
1,379,-0.010556959,-0.20513543,-0.013113419,-0.21399152,0.059505798,-0.26840547,0.057782445,-0.2917079
1,380,-0.014577817,-0.20617016,-0.01746027,-0.2149765,0.05679527,-0.27112806,0.05485216,-0.2942996
1,381,-0.018638987,-0.20709634,-0.021843247,-0.2158427,0.05405757,-0.27356505,0.051897526,-0.29657876
1,382,-0.022736097,-0.2079142,-0.02625772,-0.21659039,0.051295638,-0.27571705,0.048921656,-0.2985461
1,383,-0.026864786,-0.20862404,-0.030699072,-0.21722004,0.04851242,-0.2775848,0.045927666,-0.30020288
1,384,-0.03102074,-0.20922622,-0.035162706,-0.21773218,0.045710824,-0.2791693,0.042918656,-0.30155042
1,385,-0.035199583,-0.2097213,-0.039644048,-0.21812747,0.0428938,-0.28047195,0.03989771,-0.30259055
1,386,-0.03939698,-0.21010984,-0.04413855,-0.21840669,0.040064264,-0.2814943,0.03686789,-0.30332524
1,387,-0.04360858,-0.21039252,-0.0486417,-0.21857068,0.037225153,-0.2822381,0.033832245,-0.3037567
1,388,-0.047830082,-0.2105702,-0.05314902,-0.21862043,0.03437937,-0.2827056,0.030793788,-0.30388764
1,389,-0.052057214,-0.21064371,-0.057656065,-0.21855702,0.03152979,-0.28289902,0.027755514,-0.30372077
1,390,-0.056285694,-0.21061403,-0.062158447,-0.21838161,0.028679302,-0.2828209,0.024720384,-0.30325925
1,391,-0.06051127,-0.21048225,-0.06665181,-0.21809551,0.025830774,-0.2824742,0.02169133,-0.30250645
1,392,-0.06472976,-0.21024951,-0.071131885,-0.21770006,0.02298702,-0.2818618,0.01867124,-0.30146593
1,393,-0.068936996,-0.20991705,-0.0755944,-0.21719673,0.020150851,-0.28098702,0.015662983,-0.30014154
1,394,-0.07312888,-0.20948619,-0.0800352,-0.21658711,0.017325034,-0.2798533,0.012669368,-0.2985375
1,395,-0.07730132,-0.20895836,-0.08445016,-0.21587281,0.01451232,-0.27846447,0.00969317,-0.296658
1,396,-0.08145031,-0.208335,-0.088835225,-0.21505558,0.011715418,-0.27682427,0.006737128,-0.29450768
1,397,-0.08557189,-0.20761772,-0.09318641,-0.21413724,0.008936994,-0.27493694,0.0038039233,-0.2920913
1,398,-0.08966218,-0.2068081,-0.09749981,-0.2131197,0.006179664,-0.27280664,0.0008961881,-0.28941393
1,399,-0.09371734,-0.20590794,-0.10177159,-0.21200491,0.0034460158,-0.2704381,-0.0019834912,-0.28648067
1,400,-0.0977336,-0.20491895,-0.105998,-0.21079496,0.0007385852,-0.26783586,-0.004832583,-0.28329697
1,401,-0.101707295,-0.20384297,-0.110175356,-0.20949197,-0.0019401464,-0.2650047,-0.007648607,-0.2798685
1,402,-0.10563484,-0.202682,-0.11430007,-0.20809811,-0.0045877686,-0.26194993,-0.010429146,-0.27620098
1,403,-0.10951266,-0.20143789,-0.11836865,-0.20661569,-0.00720187,-0.25867638,-0.0131718395,-0.27230036
1,404,-0.11333735,-0.20011279,-0.12237767,-0.20504701,-0.009780161,-0.25518975,-0.015874388,-0.2681728
1,405,-0.11710553,-0.19870871,-0.12632382,-0.20339449,-0.01232035,-0.25149527,-0.018534552,-0.26382464
1,406,-0.120813996,-0.1972278,-0.13020387,-0.20166054,-0.014820289,-0.24759868,-0.02115016,-0.25926223
1,407,-0.124459535,-0.1956723,-0.13401471,-0.19984771,-0.017277807,-0.24350578,-0.023719108,-0.25449225
1,408,-0.12803908,-0.19404441,-0.13775328,-0.19795856,-0.019690836,-0.23922242,-0.026239337,-0.24952145
1,409,-0.1315497,-0.19234648,-0.14141665,-0.19599566,-0.022057405,-0.23475479,-0.02870888,-0.2443566
1,410,-0.1349885,-0.19058082,-0.14500204,-0.19396168,-0.024375556,-0.2301089,-0.031125845,-0.23900473
1,411,-0.1383527,-0.18874979,-0.14850667,-0.19185933,-0.026643423,-0.22529104,-0.033488378,-0.23347297
1,412,-0.1416397,-0.1868558,-0.15192796,-0.18969136,-0.028859235,-0.2203075,-0.035794728,-0.22776854
1,413,-0.14484692,-0.18490133,-0.1552634,-0.18746051,-0.031021276,-0.21516484,-0.038043197,-0.22189866
1,414,-0.14797193,-0.18288887,-0.15851057,-0.18516962,-0.0331279,-0.2098696,-0.040232167,-0.2158708
1,415,-0.1510124,-0.18082094,-0.16166718,-0.18282151,-0.035177536,-0.2044284,-0.042360093,-0.20969237
1,416,-0.15396614,-0.17870009,-0.16473109,-0.18041906,-0.037168697,-0.19884795,-0.04442552,-0.20337096
1,417,-0.15683106,-0.17652884,-0.16770022,-0.17796513,-0.039099984,-0.1931349,-0.04642706,-0.19691412
1,418,-0.15960515,-0.17430985,-0.1705726,-0.17546266,-0.040970042,-0.18729621,-0.048363376,-0.19032954
1,419,-0.16228653,-0.1720457,-0.1733464,-0.17291458,-0.04277761,-0.1813387,-0.050233245,-0.18362494
1,420,-0.1648735,-0.16973905,-0.17601989,-0.17032382,-0.04452152,-0.1752694,-0.052035492,-0.17680804
1,421,-0.1673644,-0.16739254,-0.17859149,-0.16769335,-0.04620068,-0.16909516,-0.05376905,-0.16988666
1,422,-0.16975775,-0.1650088,-0.18105969,-0.16502611,-0.04781408,-0.16282299,-0.0554329,-0.16286856
1,423,-0.17205215,-0.16259061,-0.1834231,-0.1623251,-0.049360767,-0.15646018,-0.057026118,-0.15576155
1,424,-0.17424625,-0.16014054,-0.1856805,-0.15959327,-0.05083985,-0.15001349,-0.058547862,-0.14857349
1,425,-0.17633899,-0.15766138,-0.18783069,-0.15683362,-0.052250598,-0.14349023,-0.059997343,-0.1413122
1,426,-0.17832927,-0.15515575,-0.18987268,-0.1540491,-0.053592283,-0.13689734,-0.061373886,-0.13398549
1,427,-0.18021621,-0.1526264,-0.19180554,-0.15124267,-0.054864295,-0.13024202,-0.062676854,-0.12660113
1,428,-0.18199898,-0.150076,-0.19362849,-0.14841731,-0.056066096,-0.12353135,-0.06390574,-0.11916694
1,429,-0.18367688,-0.14750725,-0.19534083,-0.14557594,-0.057197195,-0.11677237,-0.06506005,-0.11169064
1,430,-0.18524937,-0.14492282,-0.196942,-0.14272149,-0.058257237,-0.109972134,-0.06613943,-0.10417992
1,431,-0.18671596,-0.14232543,-0.19843155,-0.13985689,-0.05924589,-0.1031378,-0.06714356,-0.096642494
1,432,-0.18807632,-0.1397177,-0.19980915,-0.13698503,-0.060162924,-0.096276246,-0.06807222,-0.089085974
1,433,-0.1893302,-0.13710234,-0.20107454,-0.13410877,-0.061008193,-0.08939462,-0.06892524,-0.08151785
1,434,-0.19047752,-0.13448194,-0.20222764,-0.13123097,-0.061781615,-0.08249974,-0.069702566,-0.073945686
1,435,-0.19151823,-0.13185915,-0.20326841,-0.12835443,-0.062483177,-0.0755986,-0.070404164,-0.06637686
1,436,-0.19245246,-0.12923661,-0.20419699,-0.12548196,-0.06311296,-0.06869807,-0.07103014,-0.05881873
1,437,-0.1932804,-0.12661684,-0.20501357,-0.122616306,-0.06367108,-0.061804842,-0.07158061,-0.05127852
1,438,-0.19400236,-0.12400243,-0.20571847,-0.119760185,-0.06415777,-0.05492573,-0.072055794,-0.043763407
1,439,-0.19461878,-0.121395886,-0.20631212,-0.1169163,-0.0645733,-0.048067313,-0.07245598,-0.036280483
1,440,-0.19513018,-0.11879973,-0.20679505,-0.11408728,-0.064918056,-0.04123623,-0.07278153,-0.02883669
1,441,-0.19553716,-0.11621645,-0.2071679,-0.11127575,-0.06519241,-0.034439024,-0.07303287,-0.021438885
1,442,-0.1958405,-0.113648444,-0.20743138,-0.10848425,-0.06539688,-0.027682,-0.07321049,-0.014093816
1,443,-0.19604094,-0.111098155,-0.20758632,-0.10571533,-0.065532014,-0.0209716,-0.073314935,-0.0068081305
1,444,-0.19613947,-0.10856791,-0.20763369,-0.10297143,-0.06559843,-0.0143139325,-0.073346876,0.00041170634
1,445,-0.19613709,-0.10606003,-0.20757447,-0.10025498,-0.06559682,-0.007715119,-0.073306955,0.007559301
1,446,-0.19603486,-0.103576824,-0.2074098,-0.09756837,-0.065527916,-0.0011812333,-0.07319594,0.014628401
1,447,-0.19583401,-0.1011205,-0.2071409,-0.0949139,-0.06539252,0.0052819196,-0.07301467,0.021612927
1,448,-0.19553584,-0.09869327,-0.20676903,-0.092293836,-0.065191515,0.011668539,-0.072763994,0.028506922
1,449,-0.19514172,-0.09629728,-0.20629561,-0.089710385,-0.06492583,0.017972937,-0.07244485,0.035304584
1,450,-0.19465302,-0.093934596,-0.20572211,-0.087165706,-0.06459639,0.024189703,-0.072058246,0.042000223
1,451,-0.19407134,-0.09160729,-0.20505007,-0.084661886,-0.06420427,0.030313391,-0.07160521,0.048588354
1,452,-0.19339827,-0.08931734,-0.20428112,-0.08220096,-0.06375054,0.036338784,-0.071086854,0.055063624
1,453,-0.19263549,-0.08706665,-0.203417,-0.07978489,-0.06323634,0.042260863,-0.07050434,0.061420854
1,454,-0.19178478,-0.08485712,-0.20245948,-0.077415586,-0.06266286,0.048074644,-0.06985886,0.06765505
1,455,-0.19084795,-0.08269058,-0.20141041,-0.0750949,-0.06203133,0.053775314,-0.06915166,0.07376131
1,456,-0.18982688,-0.080568716,-0.20027176,-0.0728246,-0.061343007,0.059358433,-0.06838407,0.079735
1,457,-0.18872352,-0.0784933,-0.1990455,-0.07060639,-0.060599215,0.06481934,-0.06755743,0.085571624
1,458,-0.1875399,-0.076465935,-0.19773369,-0.06844192,-0.05980132,0.0701538,-0.066673115,0.09126684
1,459,-0.18627813,-0.07448815,-0.19633847,-0.06633277,-0.05895074,0.07535782,-0.06573258,0.0968165
1,460,-0.1849403,-0.07256146,-0.19486205,-0.06428045,-0.05804888,0.080427386,-0.064737305,0.10221664
1,461,-0.18352862,-0.07068731,-0.19330664,-0.06228638,-0.057097245,0.08535871,-0.06368877,0.107463494
1,462,-0.18204533,-0.06886704,-0.19167456,-0.060351934,-0.056097336,0.09014825,-0.06258856,0.11255347
1,463,-0.1804927,-0.067101955,-0.18996817,-0.058478408,-0.055050682,0.094792604,-0.061438255,0.117483154
1,464,-0.17887305,-0.065393284,-0.18818985,-0.05666702,-0.053958848,0.099288516,-0.06023946,0.122249335
1,465,-0.17718877,-0.063742176,-0.18634206,-0.05491892,-0.05282345,0.103632964,-0.058993835,0.126849
1,466,-0.1754423,-0.06214967,-0.1844273,-0.05323518,-0.05164612,0.107823215,-0.057703067,0.1312793
1,467,-0.17363599,-0.060616817,-0.18244809,-0.051616818,-0.05042846,0.111856505,-0.056368843,0.1355376
1,468,-0.17177242,-0.059144538,-0.18040702,-0.05006475,-0.0491722,0.11573041,-0.054992925,0.13962144
1,469,-0.169854,-0.05773368,-0.17830665,-0.048579838,-0.047878962,0.1194427,-0.053577036,0.14352858
1,470,-0.16788332,-0.056385037,-0.17614967,-0.047162868,-0.046550494,0.1229913,-0.052122973,0.14725696
1,471,-0.16586295,-0.05509932,-0.17393872,-0.045814544,-0.045188528,0.12637432,-0.05063254,0.15080471
1,472,-0.16379541,-0.053877186,-0.17167649,-0.0445355,-0.043794766,0.12959003,-0.04910753,0.15417019
1,473,-0.16168335,-0.052719187,-0.16936569,-0.043326303,-0.042370994,0.132637,-0.047549784,0.15735185
1,474,-0.15952933,-0.0516258,-0.16700906,-0.042187437,-0.04091893,0.13551396,-0.045961138,0.16034847
1,475,-0.15733597,-0.05059744,-0.16460936,-0.041119322,-0.039440352,0.1382198,-0.04434346,0.16315894
1,476,-0.15510593,-0.04963449,-0.16216935,-0.040122293,-0.03793705,0.14075355,-0.042698614,0.16578235
1,477,-0.1528418,-0.048737165,-0.15969183,-0.03919662,-0.036410764,0.14311463,-0.041028474,0.16821799
1,478,-0.15054627,-0.047905695,-0.15717956,-0.03834251,-0.034863304,0.14530241,-0.03933492,0.17046537
1,479,-0.14822194,-0.04714023,-0.15463537,-0.03756008,-0.033296436,0.14731653,-0.037619833,0.17252411
1,480,-0.14587143,-0.046440776,-0.15206203,-0.03684938,-0.031711917,0.14915696,-0.035885103,0.17439415
1,481,-0.14349738,-0.045807336,-0.14946234,-0.036210403,-0.03011153,0.15082368,-0.03413261,0.17607543
1,482,-0.1411024,-0.045239832,-0.14683913,-0.035643056,-0.028497038,0.15231691,-0.03236426,0.17756826
1,483,-0.13868913,-0.044738118,-0.14419514,-0.035147186,-0.026870212,0.15363704,-0.030581903,0.178873
1,484,-0.13626014,-0.04430196,-0.14153321,-0.03472257,-0.025232786,0.15478468,-0.028787453,0.17999026
1,485,-0.13381802,-0.043931063,-0.13885608,-0.034368914,-0.023586513,0.15576059,-0.026982756,0.18092081
1,486,-0.13136533,-0.043625105,-0.13616653,-0.034085862,-0.021933116,0.15656564,-0.025169684,0.1816656
1,487,-0.12890461,-0.04338364,-0.1334673,-0.033872996,-0.020274306,0.15720099,-0.023350092,0.18222569
1,488,-0.12643836,-0.04320619,-0.13076113,-0.033729818,-0.018611768,0.1576679,-0.021525817,0.18260242
1,489,-0.12396911,-0.043092247,-0.12805071,-0.033655785,-0.016947202,0.1579677,-0.01969868,0.18279722
1,490,-0.1214993,-0.043041166,-0.12533876,-0.03365028,-0.015282264,0.15810211,-0.017870508,0.18281172
1,491,-0.119031385,-0.043052305,-0.122627914,-0.03371263,-0.0136186015,0.15807281,-0.016043082,0.18264765
1,492,-0.116567746,-0.043124948,-0.119920805,-0.0338421,-0.011957821,0.15788166,-0.014218174,0.18230699
1,493,-0.11411078,-0.04325832,-0.11722005,-0.034037903,-0.0103015425,0.15753073,-0.012397552,0.18179178
1,494,-0.11166282,-0.043451604,-0.11452822,-0.034299184,-0.00865133,0.15702216,-0.010582942,0.18110429
1,495,-0.10922615,-0.04370391,-0.11184785,-0.034625042,-0.0070087328,0.15635829,-0.00877606,0.18024687
1,496,-0.10680306,-0.044014324,-0.109181434,-0.035014514,-0.005375286,0.15554151,-0.0069785872,0.17922209
1,497,-0.10439574,-0.04438184,-0.10653145,-0.03546659,-0.0037524716,0.1545745,-0.005192188,0.17803258
1,498,-0.10200637,-0.04480545,-0.10390031,-0.035980202,-0.002141757,0.15345988,-0.0034184966,0.17668115
1,499,-0.099637106,-0.04528411,-0.101290405,-0.036554247,-0.0005445983,0.1522004,-0.0016591141,0.1751707
1,500,-0.097290024,-0.04581667,-0.09870406,-0.037187554,0.0010376083,0.15079911,8.438179e-05,0.17350432
1,501,-0.094967164,-0.046401974,-0.09614358,-0.037878923,0.0026034866,0.14925905,0.0018104445,0.17168517
1,502,-0.09267053,-0.047038857,-0.09361119,-0.038627096,0.004151685,0.14758326,0.0035175723,0.16971655
1,503,-0.09040205,-0.04772606,-0.09110909,-0.039430775,0.005680904,0.14577506,0.005204278,0.1676019
1,504,-0.08816364,-0.048462342,-0.08863942,-0.04028863,0.0071898564,0.14383775,0.0068691205,0.16534467
1,505,-0.085957125,-0.049246375,-0.086204275,-0.04119928,0.008677302,0.14177477,0.008510694,0.16294853
1,506,-0.0837843,-0.050076824,-0.08380568,-0.042161312,0.010142041,0.13958967,0.010127626,0.16041721
1,507,-0.081646875,-0.05095234,-0.081445605,-0.043173276,0.011582913,0.13728598,0.011718593,0.15775451
1,508,-0.079546556,-0.051871534,-0.079125986,-0.04423368,0.012998772,0.13486737,0.013282286,0.15496433
1,509,-0.077484965,-0.052832957,-0.07684868,-0.04534101,0.014388524,0.13233764,0.014817456,0.15205069
1,510,-0.07546368,-0.05383518,-0.07461548,-0.04649372,0.015751105,0.12970056,0.016322892,0.14901765
1,511,-0.07348419,-0.05487674,-0.07242814,-0.04769023,0.017085513,0.12695998,0.017797416,0.14586934
1,512,-0.07154794,-0.055956136,-0.070288315,-0.048928935,0.018390771,0.12411983,0.019239904,0.14261003
1,513,-0.06965634,-0.057071883,-0.06819765,-0.050208203,0.019665929,0.12118404,0.020649254,0.13924398
1,514,-0.06781072,-0.058222424,-0.06615768,-0.051526383,0.020910092,0.11815671,0.022024436,0.13577554
1,515,-0.06601235,-0.059406254,-0.06416989,-0.0528818,0.022122402,0.11504178,0.023364436,0.13220912
1,516,-0.06426245,-0.060621787,-0.062235706,-0.05427276,0.023302041,0.11184343,0.024668302,0.12854919
1,517,-0.06256216,-0.061867487,-0.060356483,-0.055697545,0.024448233,0.1085657,0.025935117,0.12480025
1,518,-0.06091258,-0.0631417,-0.0585335,-0.057154432,0.025560243,0.10521294,0.02716402,0.120966844
1,519,-0.05931474,-0.06444296,-0.056767985,-0.058641676,0.026637373,0.10178903,0.028354183,0.11705356
1,520,-0.05776961,-0.0657696,-0.055061083,-0.060157526,0.02767897,0.09829834,0.029504832,0.113065004
1,521,-0.056278102,-0.06712003,-0.053413875,-0.061700214,0.02868442,0.09474504,0.030615242,0.10900584
1,522,-0.054841038,-0.06849265,-0.05182738,-0.06326797,0.02965317,0.091133356,0.031684726,0.10488071
1,523,-0.053459227,-0.06988585,-0.050302535,-0.06485901,0.03058467,0.08746753,0.03271265,0.10069431
1,524,-0.052133396,-0.07129805,-0.04884022,-0.06647155,0.031478435,0.08375171,0.033698417,0.09645135
1,525,-0.050864194,-0.07272762,-0.047441237,-0.068103805,0.032334026,0.07999017,0.034641497,0.0921565
1,526,-0.04965222,-0.074173,-0.046106316,-0.069753975,0.033151038,0.07618704,0.03554139,0.087814525
1,527,-0.048498023,-0.07563257,-0.044836126,-0.07142029,0.0339291,0.07234657,0.036397643,0.08343007
1,528,-0.047402065,-0.07710473,-0.043631267,-0.07310095,0.0346679,0.068472974,0.03720986,0.079007864
1,529,-0.046364788,-0.07858792,-0.04249225,-0.074794166,0.03536715,0.06457037,0.037977688,0.07455261
1,530,-0.04538653,-0.080080554,-0.041419547,-0.07649817,0.03602661,0.0606429,0.038700815,0.07006898
1,531,-0.044467602,-0.0815811,-0.040413532,-0.078211196,0.03664607,0.056694616,0.03937899,0.065561615
1,532,-0.043608245,-0.083087936,-0.039474532,-0.079931475,0.03722538,0.05272978,0.040011983,0.06103516
1,533,-0.04280862,-0.084599614,-0.038602788,-0.08165726,0.037764423,0.048752207,0.04059964,0.05649422
1,534,-0.042068858,-0.086114496,-0.037798483,-0.083386816,0.038263105,0.044766203,0.041141838,0.051943358
1,535,-0.041389026,-0.087631166,-0.037061736,-0.08511841,0.038721394,0.04077549,0.04163849,0.047387127
1,536,-0.04076913,-0.08914812,-0.036392584,-0.08685034,0.039139275,0.036784034,0.042089574,0.04283003
1,537,-0.040209137,-0.09066385,-0.035791017,-0.08858091,0.039516773,0.032795794,0.042495105,0.0382765
1,538,-0.03970892,-0.092176855,-0.03525694,-0.09030844,0.03985398,0.028814727,0.042855132,0.033730954
1,539,-0.039268322,-0.09368576,-0.034790207,-0.09203129,0.040150993,0.024844445,0.043169763,0.029197736
1,540,-0.03888711,-0.09518917,-0.034390606,-0.09374782,0.040407974,0.02088863,0.043439146,0.024681162
1,541,-0.038565055,-0.09668563,-0.034057852,-0.095456414,0.040625077,0.016951088,0.043663457,0.020185448
1,542,-0.038301796,-0.09817384,-0.033791605,-0.09715548,0.040802546,0.013035266,0.043842938,0.015714807
1,543,-0.038096994,-0.09965238,-0.03359147,-0.09884348,0.040940605,0.009144889,0.043977853,0.011273298
1,544,-0.03795019,-0.101119936,-0.033456977,-0.100518845,0.041039567,0.0052834097,0.044068515,0.006865018
1,545,-0.037860945,-0.10257523,-0.03338761,-0.10218009,0.04109973,0.0014541992,0.044115283,0.0024938886
1,546,-0.03782869,-0.10401696,-0.03338278,-0.10382573,0.04112147,-0.0023393321,0.044118535,-0.0018361706
1,547,-0.03785289,-0.10544397,-0.03344186,-0.10545432,0.04110516,-0.0060941256,0.044078708,-0.006121356
1,548,-0.03793291,-0.106854916,-0.033564147,-0.107064426,0.041051216,-0.009806653,0.04399627,-0.010357922
1,549,-0.038068105,-0.10824868,-0.0337489,-0.108654685,0.04096008,-0.013473971,0.043871727,-0.014542263
1,550,-0.03825772,-0.10962412,-0.03399531,-0.110223725,0.040832255,-0.017093064,0.043705616,-0.018670771
1,551,-0.038501054,-0.11098005,-0.034302533,-0.11177023,0.040668223,-0.020660834,0.043498516,-0.022739979
1,552,-0.038797267,-0.112315446,-0.034669656,-0.113292925,0.04046854,-0.024174575,0.04325103,-0.026746549
1,553,-0.039145544,-0.11362919,-0.035095725,-0.11479055,0.04023376,-0.027631344,0.04296381,-0.03068715
1,554,-0.039545,-0.11492024,-0.035579745,-0.11626191,0.039964482,-0.0310284,0.042637523,-0.034558628
1,555,-0.039994717,-0.11618768,-0.03612066,-0.11770582,0.039661318,-0.03436331,0.042272888,-0.038357902
1,556,-0.04049372,-0.11743043,-0.03671738,-0.11912114,0.03932493,-0.037633292,0.041870624,-0.042081933
1,557,-0.041041013,-0.118647665,-0.03736877,-0.12050679,0.038955994,-0.04083611,0.041431513,-0.045727905
1,558,-0.041635588,-0.11983837,-0.038073644,-0.1218617,0.03855518,-0.043969132,0.040956344,-0.04929299
1,559,-0.04227637,-0.12100178,-0.03883079,-0.12318486,0.038123216,-0.04703033,0.04044594,-0.05277452
1,560,-0.042962257,-0.12213707,-0.039638944,-0.12447529,0.037660852,-0.05001754,0.039901152,-0.056169946
1,561,-0.043692153,-0.12324336,-0.04049681,-0.12573206,0.037168816,-0.05292845,0.03932285,-0.059476804
1,562,-0.044464823,-0.12431997,-0.04140306,-0.1269543,0.036647946,-0.05576126,0.03871193,-0.06269279
1,563,-0.04527914,-0.12536615,-0.042356327,-0.12814112,0.036099,-0.058514003,0.03806932,-0.06581559
1,564,-0.04613385,-0.12638122,-0.04335521,-0.12929174,0.03552283,-0.06118488,0.037395954,-0.06884314
1,565,-0.047027726,-0.12736458,-0.044398293,-0.1304054,0.034920253,-0.06377232,0.036692794,-0.071773425
1,566,-0.047959514,-0.12831555,-0.045484103,-0.13148136,0.034292117,-0.06627456,0.035960834,-0.07460454
1,567,-0.048927873,-0.12923361,-0.046611164,-0.13251896,0.03363933,-0.06869019,0.03520106,-0.0773347
1,568,-0.04993153,-0.13011819,-0.047777966,-0.13351758,0.03296275,-0.07101772,0.034414504,-0.0799623
1,569,-0.05096913,-0.1309688,-0.048982974,-0.13447662,0.032263286,-0.07325585,0.033602186,-0.08248575
1,570,-0.052039303,-0.13178499,-0.050224636,-0.13539553,0.031541865,-0.07540345,0.03276516,-0.08490361
1,571,-0.053140696,-0.13256635,-0.051501367,-0.13627382,0.030799398,-0.07745939,0.031904496,-0.0872146
1,572,-0.054271907,-0.13331246,-0.052811585,-0.13711104,0.03003683,-0.07942259,0.031021256,-0.08941752
1,573,-0.055431526,-0.13402304,-0.05415367,-0.13790677,0.02925511,-0.08129229,0.030116536,-0.09151129
1,574,-0.05661814,-0.13469769,-0.055526,-0.13866065,0.028455196,-0.08306745,0.029191425,-0.09349492
1,575,-0.05783032,-0.13533622,-0.056926932,-0.13937238,0.027638046,-0.08474757,0.028247034,-0.09536763
1,576,-0.0590666,-0.13593835,-0.05835482,-0.14004166,0.026804646,-0.0863319,0.02728447,-0.097128674
1,577,-0.060325556,-0.13650388,-0.059807997,-0.14066827,0.025955966,-0.087819934,0.02630486,-0.09877743
1,578,-0.0616057,-0.13703269,-0.061284795,-0.14125201,0.025092999,-0.08921136,0.025309326,-0.10031338
1,579,-0.06290558,-0.13752463,-0.06278354,-0.14179274,0.024216728,-0.090505786,0.024298998,-0.10173617
1,580,-0.0642237,-0.13797958,-0.06430255,-0.14229038,0.023328163,-0.09170286,0.023275008,-0.10304558
1,581,-0.06555863,-0.13839757,-0.06584014,-0.14274485,0.022428265,-0.092802696,0.022238493,-0.10424139
1,582,-0.066908844,-0.13877848,-0.06739463,-0.14315614,0.021518063,-0.09380494,0.021190586,-0.10532359
1,583,-0.06827289,-0.13912244,-0.06896433,-0.14352427,0.020598536,-0.09470999,0.020132424,-0.10629223
1,584,-0.069649264,-0.13942946,-0.07054756,-0.14384934,0.019670699,-0.09551784,0.019065145,-0.10714757
1,585,-0.0710365,-0.13969961,-0.07214263,-0.14413142,0.01873554,-0.09622865,0.01798988,-0.10788978
1,586,-0.072433166,-0.13993303,-0.07374789,-0.14437069,0.017794026,-0.09684285,0.01690775,-0.108519346
1,587,-0.07383775,-0.14012988,-0.07536164,-0.14456733,0.016847173,-0.09736079,0.015819894,-0.10903674
1,588,-0.07524879,-0.14029035,-0.076982245,-0.14472157,0.015895965,-0.09778303,0.014727416,-0.10944259
1,589,-0.07666486,-0.14041469,-0.07860804,-0.14483367,0.014941373,-0.098110184,0.013631439,-0.10973755
1,590,-0.078084484,-0.14050312,-0.08023741,-0.14490397,0.013984379,-0.09834288,0.012533056,-0.109922536
1,591,-0.07950626,-0.14055596,-0.0818687,-0.14493279,0.013025934,-0.098481916,0.011433376,-0.10999837
1,592,-0.08092874,-0.1405735,-0.08350032,-0.14492054,0.012067017,-0.098528065,0.010333476,-0.10996614
1,593,-0.08235054,-0.14055614,-0.08513066,-0.14486761,0.011108562,-0.098482385,0.009234435,-0.10982687
1,594,-0.08377023,-0.14050423,-0.08675815,-0.14477448,0.010151524,-0.09834579,0.008137316,-0.10958182
1,595,-0.08518648,-0.14041819,-0.08838123,-0.14464162,0.009196806,-0.09811939,0.007043172,-0.10923223
1,596,-0.08659792,-0.14029846,-0.08999836,-0.14446957,0.008245332,-0.09780435,0.005953041,-0.108779535
1,597,-0.08800317,-0.14014545,-0.09160802,-0.14425889,0.007298027,-0.09740177,0.0048679425,-0.10822517
1,598,-0.08940093,-0.13995975,-0.0932087,-0.14401014,0.006355775,-0.09691315,0.003788896,-0.10757066
1,599,-0.0907899,-0.13974185,-0.09479895,-0.14372398,0.0054194494,-0.09633981,0.0027168808,-0.1068177
1,600,-0.09216882,-0.13949229,-0.09637731,-0.14340104,0.0044898945,-0.09568314,0.0016528819,-0.105967976
1,601,-0.09353639,-0.13921162,-0.09794236,-0.14304201,0.0035679936,-0.09494465,0.0005978581,-0.10502329
1,602,-0.094891384,-0.13890047,-0.09949271,-0.1426476,0.002654571,-0.09412594,-0.0004472561,-0.10398548
1,603,-0.09623261,-0.13855943,-0.101026975,-0.14221853,0.00175043,-0.09322858,-0.0014815315,-0.10285652
1,604,-0.097558886,-0.13818917,-0.10254384,-0.14175558,0.0008563642,-0.092254326,-0.0025040745,-0.10163839
1,605,-0.098869026,-0.13779034,-0.10404198,-0.14125955,-2.6822692e-05,-0.09120491,-0.0035139956,-0.10033322
1,606,-0.100161955,-0.13736366,-0.10552013,-0.14073122,-0.0008984074,-0.09008222,-0.0045104413,-0.09894305
1,607,-0.10143653,-0.13690977,-0.10697704,-0.14017145,-0.0017576216,-0.08888793,-0.0054925676,-0.09747019
1,608,-0.102691695,-0.13642944,-0.108411506,-0.1395811,-0.0026037472,-0.08762409,-0.006459566,-0.09591682
1,609,-0.10392639,-0.13592342,-0.10982234,-0.13896103,-0.0034360755,-0.08629261,-0.007410633,-0.09428529
1,610,-0.10513962,-0.13539244,-0.11120841,-0.13831218,-0.004253934,-0.0848955,-0.008345004,-0.092577994
1,611,-0.106330395,-0.13483728,-0.11256861,-0.13763542,-0.0050566546,-0.083434746,-0.009261938,-0.090797305
1,612,-0.1074978,-0.13425876,-0.11390186,-0.13693173,-0.0058436194,-0.081912525,-0.010160705,-0.088945724
1,613,-0.108640894,-0.1336577,-0.11520714,-0.13620205,-0.006614201,-0.080330975,-0.011040617,-0.08702577
1,614,-0.10975881,-0.13303486,-0.11648345,-0.13544735,-0.0073678056,-0.07869214,-0.011900997,-0.08503998
1,615,-0.11085071,-0.13239111,-0.11772982,-0.13466862,-0.008103872,-0.07699829,-0.012741195,-0.08299095
1,616,-0.11191577,-0.13172731,-0.11894535,-0.13386686,-0.008821846,-0.075251676,-0.013560606,-0.08088134
1,617,-0.112953216,-0.13104427,-0.12012915,-0.13304307,-0.009521208,-0.07345445,-0.014358625,-0.078713745
1,618,-0.11396232,-0.1303429,-0.12128039,-0.13219829,-0.010201463,-0.07160898,-0.015134691,-0.07649094
1,619,-0.11494239,-0.1296241,-0.12239825,-0.13133353,-0.010862141,-0.069717646,-0.01588826,-0.07421556
1,620,-0.11589274,-0.1288887,-0.12348199,-0.13044986,-0.011502788,-0.06778263,-0.016618827,-0.07189042
1,621,-0.116812736,-0.12813759,-0.12453089,-0.12954833,-0.012122974,-0.06580629,-0.017325908,-0.069518276
1,622,-0.117701784,-0.12737171,-0.12554426,-0.12862997,-0.012722296,-0.0637911,-0.01800904,-0.06710186
1,623,-0.11855936,-0.12659194,-0.12652148,-0.12769586,-0.013300402,-0.061739326,-0.0186678,-0.064644
1,624,-0.119384915,-0.12579921,-0.12746195,-0.12674707,-0.013856921,-0.059653476,-0.019301787,-0.062147524
1,625,-0.120177984,-0.12499438,-0.12836513,-0.12578468,-0.014391543,-0.05753579,-0.019910632,-0.059615247
1,626,-0.12093815,-0.12417841,-0.12923048,-0.12480976,-0.014903985,-0.05538878,-0.020493982,-0.05705
1,627,-0.121664956,-0.123352244,-0.13005756,-0.12382337,-0.015393935,-0.053214945,-0.021051526,-0.05445458
1,628,-0.122358054,-0.12251672,-0.13084592,-0.122826606,-0.015861165,-0.05101649,-0.021582974,-0.05183187
1,629,-0.12301713,-0.12167281,-0.13159521,-0.12182054,-0.01630546,-0.04879596,-0.022088083,-0.049184676
1,630,-0.12364191,-0.12082142,-0.13230504,-0.12080624,-0.016726632,-0.04655575,-0.022566592,-0.04651582
1,631,-0.12423207,-0.11996347,-0.13297516,-0.11978479,-0.017124468,-0.044298287,-0.02301833,-0.04382814
1,632,-0.12478745,-0.11909984,-0.13360529,-0.11875724,-0.01749886,-0.042025886,-0.023443108,-0.041124426
1,633,-0.12530786,-0.118231475,-0.1341952,-0.11772467,-0.017849676,-0.039741017,-0.023840776,-0.0384075
1,634,-0.12579316,-0.11735922,-0.13474472,-0.11668813,-0.018176826,-0.037445914,-0.024211219,-0.035680126
1,635,-0.12624323,-0.116484076,-0.13525373,-0.11564867,-0.018480228,-0.035143204,-0.02455435,-0.032945063
1,636,-0.12665802,-0.11560686,-0.13572212,-0.11460734,-0.018759843,-0.032835044,-0.024870098,-0.030205082
1,637,-0.12703748,-0.114728495,-0.13614985,-0.11356517,-0.019015642,-0.030523866,-0.025158443,-0.027462885
1,638,-0.12738162,-0.11384983,-0.13653691,-0.11252318,-0.019247634,-0.028211903,-0.025419366,-0.02472118
1,639,-0.1276905,-0.11297172,-0.1368833,-0.1114824,-0.01945585,-0.02590139,-0.025652874,-0.021982629
1,640,-0.12796414,-0.11209509,-0.13718912,-0.110443816,-0.019640319,-0.02359476,-0.02585903,-0.019249879
1,641,-0.12820268,-0.11122072,-0.13745447,-0.10940844,-0.019801121,-0.021294089,-0.026037904,-0.016525561
1,642,-0.12840627,-0.11034948,-0.13767947,-0.108377226,-0.019938366,-0.019001652,-0.026189584,-0.013812202
1,643,-0.12857507,-0.1094822,-0.13786432,-0.107351154,-0.020052157,-0.016719643,-0.026314195,-0.01111237
1,644,-0.1287093,-0.10861969,-0.13800924,-0.10633117,-0.020142645,-0.014450182,-0.026411884,-0.008428555
1,645,-0.1288092,-0.10776274,-0.13811448,-0.10531821,-0.020209987,-0.012195346,-0.026482832,-0.005763226
1,646,-0.12887503,-0.106912166,-0.13818033,-0.104313195,-0.020254366,-0.009957291,-0.02652722,-0.003118795
1,647,-0.1289071,-0.1060687,-0.13820712,-0.10331702,-0.020275984,-0.0077379383,-0.026545282,-0.0004976347
1,648,-0.12890573,-0.10523316,-0.13819523,-0.10233058,-0.02027506,-0.0055394443,-0.026537266,0.0020979228
1,649,-0.1288713,-0.10440625,-0.13814503,-0.101354726,-0.020251855,-0.0033636517,-0.026503425,0.0046656225
1,650,-0.1288042,-0.1035887,-0.13805696,-0.100390315,-0.02020662,-0.0012124825,-0.026444057,0.00720321
1,651,-0.12870488,-0.102781236,-0.1379315,-0.09943817,-0.02013966,0.0009121428,-0.026359478,0.009708529
1,652,-0.12857372,-0.1019845,-0.1377691,-0.0984991,-0.020051245,0.0030085382,-0.026250007,0.012179444
1,653,-0.12841123,-0.10119927,-0.13757034,-0.097573884,-0.019941712,0.0050746645,-0.026116014,0.014613894
1,654,-0.12821795,-0.10042611,-0.13733573,-0.0966633,-0.019811416,0.0071090315,-0.025957864,0.017009841
1,655,-0.12799437,-0.09966569,-0.13706589,-0.09576808,-0.0196607,0.009109876,-0.025775956,0.019365385
1,656,-0.12774102,-0.09891863,-0.13676141,-0.094888955,-0.019489912,0.011075551,-0.025570706,0.021678561
1,657,-0.12745851,-0.09818554,-0.13642295,-0.09402661,-0.019299468,0.013004487,-0.02534254,0.023947591
1,658,-0.12714744,-0.097466975,-0.13605116,-0.09318173,-0.019089766,0.014895195,-0.025091914,0.02617067
1,659,-0.1268084,-0.09676352,-0.13564675,-0.09235495,-0.01886122,0.016746145,-0.02481929,0.028346108
1,660,-0.12644207,-0.096075684,-0.13521044,-0.09154692,-0.01861427,0.018556006,-0.02452517,0.030472225
1,661,-0.12604906,-0.095404014,-0.13474296,-0.09075823,-0.018349329,0.020323325,-0.024210034,0.032547466
1,662,-0.1256301,-0.094748974,-0.13424508,-0.089989446,-0.018066902,0.022046886,-0.023874406,0.034570307
1,663,-0.12518586,-0.094111055,-0.1337176,-0.08924114,-0.017767437,0.023725398,-0.02351882,0.036539275
1,664,-0.12471707,-0.09349069,-0.1331613,-0.08851383,-0.017451417,0.025357721,-0.023143815,0.038452998
1,665,-0.12422444,-0.092888355,-0.13257705,-0.08780801,-0.017119326,0.026942605,-0.022749955,0.040310163
1,666,-0.123708755,-0.09230441,-0.13196567,-0.08712417,-0.016771693,0.028479103,-0.022337815,0.042109516
1,667,-0.12317073,-0.09173924,-0.13132803,-0.08646274,-0.016409004,0.0299662,-0.021907974,0.04384988
1,668,-0.12261118,-0.09119326,-0.13066503,-0.08582416,-0.0160318,0.031402797,-0.021461036,0.045530137
1,669,-0.122030884,-0.09066674,-0.12997755,-0.08520882,-0.015640613,0.032788187,-0.020997595,0.04714925
1,670,-0.121430635,-0.09016001,-0.12926652,-0.08461708,-0.015235975,0.034121506,-0.020518271,0.048706252
1,671,-0.12081124,-0.0896734,-0.12853284,-0.0840493,-0.01481843,0.035401896,-0.02002369,0.050200213
1,672,-0.12017354,-0.0892071,-0.12777749,-0.08350578,-0.014388549,0.036628846,-0.019514494,0.051630337
1,673,-0.11951837,-0.08876145,-0.12700139,-0.08298682,-0.013946886,0.037801452,-0.018991314,0.05299585
1,674,-0.118846536,-0.0883366,-0.12620552,-0.082492664,-0.013493991,0.038919322,-0.018454803,0.05429608
1,675,-0.11815891,-0.087932765,-0.12539084,-0.082023576,-0.01303045,0.03998191,-0.017905617,0.055530358
1,676,-0.11745633,-0.08755016,-0.12455836,-0.081579745,-0.012556832,0.040988624,-0.017344426,0.05669818
1,677,-0.11673969,-0.087188885,-0.123709045,-0.08116136,-0.012073732,0.041939236,-0.01677189,0.057799056
1,678,-0.11600979,-0.08684908,-0.1228439,-0.08076858,-0.011581693,0.042833343,-0.01618868,0.058832552
1,679,-0.115267515,-0.08653088,-0.121963926,-0.08040152,-0.011081315,0.0436706,-0.015595475,0.05979837
1,680,-0.11451377,-0.08623433,-0.121070124,-0.08006029,-0.010573203,0.044450887,-0.01499295,0.060696226
1,681,-0.113749385,-0.08595954,-0.120163515,-0.07974497,-0.010057919,0.04517393,-0.01438179,0.061525892
1,682,-0.11297524,-0.08570644,-0.119245104,-0.07945561,-0.009536054,0.045839883,-0.013762673,0.062287282
1,683,-0.11219223,-0.08547516,-0.118315905,-0.07919223,-0.009008214,0.04644844,-0.013136285,0.062980294
1,684,-0.11140117,-0.085265666,-0.11737693,-0.07895483,-0.008474948,0.046999667,-0.012503307,0.063604936
1,685,-0.110602975,-0.0850779,-0.116429195,-0.07874338,-0.007936872,0.047493733,-0.011864422,0.06416131
1,686,-0.109798476,-0.08491181,-0.11547372,-0.078557834,-0.0073945457,0.04793075,-0.011220319,0.06464953
1,687,-0.10898857,-0.08476737,-0.1145115,-0.078398116,-0.006848573,0.048310798,-0.010571671,0.06506979
1,688,-0.1081741,-0.08464445,-0.11354355,-0.078264125,-0.0062995274,0.048634227,-0.00991916,0.06542235
1,689,-0.10735591,-0.08454296,-0.11257087,-0.078155726,-0.0057479697,0.048901275,-0.00926346,0.06570757
1,690,-0.106534824,-0.08446272,-0.11159445,-0.07807278,-0.0051944633,0.049112413,-0.008605244,0.06592582
1,691,-0.10571171,-0.084403664,-0.11061529,-0.07801511,-0.004639591,0.049267795,-0.007945173,0.06607756
1,692,-0.10488742,-0.08436553,-0.10963437,-0.07798253,-0.0040839203,0.049368132,-0.0072839186,0.06616329
1,693,-0.10406272,-0.08434817,-0.108652666,-0.07797482,-0.0035279784,0.049413808,-0.006622136,0.06618358
1,694,-0.10323848,-0.084351376,-0.10767114,-0.077991724,-0.0029723425,0.049405377,-0.0059604743,0.066139095
1,695,-0.10241547,-0.084374905,-0.10669075,-0.078033,-0.0024175406,0.04934347,-0.005299576,0.06603049
1,696,-0.101594485,-0.084418535,-0.10571245,-0.07809836,-0.0018640999,0.04922867,-0.0046400884,0.06585852
1,697,-0.100776315,-0.08448197,-0.10473716,-0.07818749,-0.0013125576,0.049061757,-0.0039826306,0.065624
1,698,-0.09996174,-0.084564954,-0.10376581,-0.078300074,-0.0007634412,0.048843406,-0.0033278244,0.065327756
1,699,-0.09915152,-0.08466719,-0.102799304,-0.07843578,-0.00021725803,0.048574395,-0.002676288,0.06497069
1,700,-0.099595964,0.40374777,-0.08705533,0.677544,-0.0005168638,1.3337073,0.0079369815,2.0541286
1,701,-0.074300826,0.5998892,-0.056746457,0.6691015,0.016535005,1.849801,0.028368695,2.0319145
1,702,-0.04272697,0.6852443,-0.02678023,0.6599896,0.03781946,2.07439,0.048569422,2.007939
1,703,-0.009972189,0.7106405,0.0028175346,0.65022445,0.0599,2.1412132,0.06852177,1.9822446
1,704,0.022408742,0.7043829,0.032021668,0.6398229,0.08172852,2.124748,0.08820876,1.9548757
1,705,0.053975765,0.6827979,0.060807668,0.62880254,0.10300837,2.0679529,0.10761386,1.9258786
1,706,0.08460401,0.655268,0.08915174,0.6171816,0.12365538,1.9955155,0.12672107,1.8953012
1,707,0.11426373,0.6269041,0.1170308,0.6049789,0.14364947,1.9208833,0.14551482,1.8631932
1,708,0.14295758,0.6001667,0.14442253,0.5922138,0.16299248,1.850531,0.16398002,1.8296052
1,709,0.17070411,0.5759432,0.17130534,0.5789061,0.18169686,1.7867934,0.18210216,1.7945895
1,710,0.19753443,0.55426437,0.19765848,0.56507623,0.19978362,1.7297515,0.19986726,1.7581999
1,711,0.22349064,0.53475773,0.22346194,0.5507448,0.21728113,1.678425,0.21726179,1.7204906
1,712,0.24862199,0.5169132,0.24869655,0.53593266,0.23422259,1.6314718,0.23427285,1.6815164
1,713,0.27297977,0.5002251,0.27334398,0.52066123,0.25064257,1.5875616,0.2508881,1.6413338
1,714,0.29661173,0.48425663,0.29738674,0.504952,0.26657328,1.5455449,0.2670957,1.5999992
1,715,0.31955817,0.4686602,0.3208081,0.4888266,0.28204185,1.504507,0.28288445,1.5575694
1,716,0.34184957,0.4531746,0.34359232,0.47230688,0.29706883,1.4637607,0.29824367,1.5141022
1,717,0.36350563,0.43761268,0.36572435,0.45541465,0.31166756,1.4228138,0.31316322,1.4696549
1,718,0.38453624,0.42184666,0.38719013,0.4381719,0.32584465,1.3813297,0.32763368,1.4242852
1,719,0.404942,0.40579313,0.40797642,0.42060044,0.3396005,1.3390892,0.34164605,1.3780506
1,720,0.4247168,0.38940182,0.42807078,0.4027222,0.35293102,1.2959598,0.35519198,1.3310088
1,721,0.44384882,0.37264624,0.4474617,0.38455892,0.36582822,1.2518721,0.36826372,1.2832171
1,722,0.46232238,0.35551673,0.46613842,0.36613226,0.37828156,1.2068003,0.38085398,1.2347323
1,723,0.48011956,0.33801603,0.48409113,0.34746376,0.39027894,1.1607519,0.39295623,1.1856111
1,724,0.49722138,0.32015538,0.5013108,0.32857472,0.40180755,1.1137564,0.4045643,1.1359097
1,725,0.51360863,0.30195257,0.51778924,0.30948627,0.41285443,1.0658606,0.41567266,1.0856835
1,726,0.5292629,0.28343016,0.533519,0.2902193,0.42340723,1.0171238,0.42627636,1.0349877
1,727,0.5441673,0.26461446,0.5484937,0.27079445,0.4334545,0.96761537,0.43637103,0.98387635
1,728,0.5583066,0.24553439,0.56270736,0.25123212,0.44298607,0.91741127,0.4459527,0.9324033
1,729,0.571668,0.22622094,0.5761551,0.23155236,0.45199323,0.8665931,0.45501807,0.8806213
1,730,0.58424115,0.2067064,0.58883274,0.21177499,0.46046898,0.81524587,0.46356425,0.82858247
1,731,0.59601843,0.18702397,0.60073686,0.19191946,0.46840826,0.7634568,0.471589,0.7763379
1,732,0.6069945,0.16720682,0.61186475,0.17200495,0.4758074,0.7113133,0.4790905,0.7239383
1,733,0.61716723,0.14728804,0.62221444,0.15205027,0.482665,0.65890235,0.4860674,0.67143285
1,734,0.6265367,0.12729988,0.63178486,0.1320739,0.48898113,0.6063089,0.492519,0.61887044
1,735,0.6351054,0.1072734,0.64057535,0.11209401,0.49475738,0.55361456,0.4984448,0.56629866
1,736,0.64287806,0.08723815,0.6485862,0.0921284,0.49999708,0.50089717,0.50384504,0.51376456
1,737,0.64986134,0.067221895,0.65581834,0.072194554,0.50470465,0.4482298,0.50872034,0.461314
1,738,0.65606344,0.04725037,0.66227335,0.052309584,0.50888556,0.3956801,0.5130718,0.40899205
1,739,0.66149414,0.027347315,0.6679534,0.032490283,0.5125465,0.3433105,0.5169008,0.35684288
1,740,0.66616416,0.0075342096,0.6728614,0.012753105,0.5156946,0.29117763,0.5202094,0.30490977
1,741,0.67008483,-0.012169611,0.6770009,-0.006885835,0.5183376,0.23933232,0.5229998,0.25323516
1,742,0.6732684,-0.03174674,0.680376,-0.026410751,0.52048373,0.18782036,0.52527505,0.20186059
1,743,0.675727,-0.05118184,0.68299145,-0.04580618,0.5221411,0.13668211,0.52703816,0.15082672
1,744,0.6774732,-0.07046121,0.68485266,-0.06505698,0.52331823,0.085953616,0.52829283,0.10017341
1,745,0.678519,-0.08957282,0.68596554,-0.084148325,0.52402323,0.035666555,0.5290431,0.04993965
1,746,0.6788765,-0.108505785,0.6863366,-0.10306571,0.5242642,-0.014150472,0.5292932,0.00016363473
1,747,0.67855716,-0.12725039,0.68597287,-0.12179491,0.524049,-0.06347187,0.529048,-0.049117237
1,748,0.6775719,-0.14579798,0.684882,-0.14032203,0.52338475,-0.112274885,0.5283126,-0.097866386
1,749,0.6759312,-0.16414024,0.6830721,-0.15863346,0.5222788,-0.16053762,0.5270926,-0.146048
1,750,0.6736449,-0.18226942,0.68055195,-0.17671585,0.5207375,-0.2082397,0.52539366,-0.19362697
1,751,0.67072225,-0.20017792,0.6773306,-0.19455618,0.5187673,-0.2553611,0.52322215,-0.240569
1,752,0.6671717,-0.21785823,0.6734179,-0.2121417,0.5163739,-0.3018821,0.5205845,-0.28684056
1,753,0.6630014,-0.23530257,0.66882396,-0.2294599,0.51356256,-0.3477822,0.51748765,-0.3324088
1,754,0.65821886,-0.25250295,0.6635595,-0.24649863,0.5103386,-0.3930404,0.5139388,-0.37724164
1,755,0.6528312,-0.26945078,0.65763557,-0.26324597,0.50670666,-0.43763405,0.5099454,-0.42130777
1,756,0.6468451,-0.28613704,0.65106386,-0.27969024,0.50267136,-0.4815395,0.5055153,-0.46457642
1,757,0.64026713,-0.30255193,0.6438564,-0.29582012,0.498237,-0.52473086,0.5006566,-0.5070179
1,758,0.6331035,-0.31868497,0.63602567,-0.3116245,0.4934079,-0.56718063,0.49537778,-0.5486029
1,759,0.62536067,-0.334525,0.6275845,-0.32709256,0.48818833,-0.60885936,0.48968747,-0.58930296
1,760,0.6170448,-0.35005993,0.6185464,-0.3422138,0.48258248,-0.6497354,0.48359475,-0.6290904
1,761,0.60816264,-0.365277,0.60892504,-0.35697797,0.47659487,-0.68977505,0.4771088,-0.66793835
1,762,0.5987207,-0.3801626,0.5987345,-0.37137514,0.4702299,-0.7289425,0.4702392,-0.7058207
1,763,0.58872634,-0.3947027,0.5879893,-0.38539562,0.4634925,-0.7672009,0.46299565,-0.7427118
1,764,0.578187,-0.40888232,0.5767044,-0.39903012,0.4563878,-0.8045108,0.45538834,-0.77858734
1,765,0.56711096,-0.42268625,0.5648949,-0.41226953,0.44892123,-0.8408321,0.44742736,-0.8134233
1,766,0.55550694,-0.43609875,0.5525766,-0.42510515,0.44109878,-0.8761235,0.4391234,-0.8471968
1,767,0.54338443,-0.44910392,0.53976524,-0.43752864,0.4329268,-0.9103431,0.43048704,-0.87988585
1,768,0.53075373,-0.4616858,0.52647716,-0.44953185,0.42441222,-0.94344896,0.42152932,-0.9114691
1,769,0.5176257,-0.4738285,0.5127289,-0.46110713,0.4155624,-0.9753992,0.41226143,-0.94192636
1,770,0.5040121,-0.48551625,0.4985373,-0.4722471,0.40638527,-1.0061524,0.4026946,-0.97123814
1,771,0.4899256,-0.49673384,0.4839195,-0.48294476,0.39688933,-1.0356685,0.3928405,-0.9993862
1,772,0.47537944,-0.50746673,0.46889287,-0.49319348,0.38708353,-1.0639092,0.3827108,-1.026353
1,773,0.46038774,-0.5177011,0.4534751,-0.502987,0.37697738,-1.0908382,0.37231743,-1.052122
1,774,0.4449654,-0.5274238,0.43768403,-0.5123196,0.36658093,-1.1164209,0.36167243,-1.0766783
1,775,0.42912778,-0.5366233,0.4215378,-0.5211858,0.35590452,-1.1406269,0.350788,-1.1000073
1,776,0.41289112,-0.54528886,0.40505463,-0.52958053,0.34495914,-1.163428,0.3396764,-1.1220957
1,777,0.39627206,-0.5534111,0.3882531,-0.5374993,0.33375594,-1.1847996,0.32835022,-1.1429318
1,778,0.3792878,-0.5609823,0.37115183,-0.5449379,0.32230657,-1.204721,0.316822,-1.1625046
1,779,0.36195603,-0.56799585,0.35376966,-0.5518928,0.31062293,-1.2231753,0.30510437,-1.1808045
1,780,0.34429476,-0.5744469,0.33612552,-0.5583607,0.2987172,-1.2401496,0.29321018,-1.197823
1,781,0.32632247,-0.58033204,0.31823847,-0.56433886,0.28660178,-1.2556347,0.28115222,-1.213553
1,782,0.30805787,-0.58564943,0.30012766,-0.56982505,0.2742893,-1.269626,0.26894343,-1.2279884
1,783,0.28951997,-0.59039867,0.28181234,-0.57481754,0.2617926,-1.2821224,0.25659677,-1.2411247
1,784,0.27072805,-0.59458053,0.2633118,-0.579315,0.24912466,-1.2931257,0.24412525,-1.2529587
1,785,0.25170174,-0.59819764,0.24464542,-0.58331674,0.23629871,-1.3026432,0.23154193,-1.2634882
1,786,0.2324609,-0.6012537,0.22583249,-0.5868225,0.22332813,-1.3106844,0.21885982,-1.2727126
1,787,0.21302561,-0.6037533,0.20689242,-0.58983254,0.21022649,-1.3172616,0.206092,-1.2806327
1,788,0.1934164,-0.60570264,0.18784451,-0.5923476,0.1970076,-1.3223907,0.1932515,-1.2872505
1,789,0.17365408,-0.60710853,0.16870809,-0.5943691,0.1836855,-1.3260899,0.18035132,-1.2925695
1,790,0.15375988,-0.60797894,0.14950235,-0.59589875,0.17027448,-1.3283801,0.16740441,-1.2965943
1,791,0.13375548,-0.60832244,0.13024648,-0.59693897,0.15678918,-1.329284,0.15442371,-1.2993314
1,792,0.11366291,-0.6081486,0.11095949,-0.5974926,0.14324446,-1.3288264,0.14142203,-1.300788
1,793,0.09350479,-0.60746723,0.09166035,-0.597563,0.12965554,-1.3270336,0.12841217,-1.3009734
1,794,0.07330415,-0.60628915,0.07236783,-0.59715414,0.11603795,-1.3239338,0.11540677,-1.2998976
1,795,0.05308449,-0.6046252,0.05310055,-0.5962704,0.10240755,-1.3195558,0.10241837,-1.2975721
1,796,0.032869887,-0.602487,0.033876956,-0.5949166,0.08878055,-1.3139296,0.089459434,-1.29401
1,797,0.01268464,-0.59988624,0.014715287,-0.5930982,0.07517334,-1.3070863,0.076542236,-1.2892255
1,798,-0.0074464567,-0.5968351,-0.004366433,-0.5908211,0.061602637,-1.299058,0.063678935,-1.2832338
1,799,-0.027498405,-0.5933455,-0.023350421,-0.5880916,0.048085287,-1.2898762,0.050881512,-1.2760519
1,800,-0.047446005,-0.58943033,-0.042219155,-0.58491653,0.034638282,-1.2795744,0.038161788,-1.2676976
1,801,-0.06726398,-0.5851021,-0.06095538,-0.5813032,0.021278657,-1.2681857,0.02553139,-1.25819
1,802,-0.08692724,-0.58037335,-0.07954214,-0.57725924,0.00802333,-1.2557434,0.01300175,-1.2475494
1,803,-0.10641079,-0.5752569,-0.097962774,-0.57279277,-0.0051108478,-1.2422808,0.0005840963,-1.2357972
1,804,-0.12569009,-0.56976545,-0.11620097,-0.5679124,-0.018107343,-1.2278316,-0.011710571,-1.2229557
1,805,-0.14474113,-0.5639116,-0.13424075,-0.56262696,-0.030949967,-1.2124288,-0.023871483,-1.2090485
1,806,-0.16354066,-0.557708,-0.15206645,-0.55694574,-0.043623034,-1.1961057,-0.035888087,-1.1940999
1,807,-0.18206613,-0.5511671,-0.16966285,-0.5508784,-0.056111358,-1.1788949,-0.047750104,-1.1781354
1,808,-0.20029606,-0.5443012,-0.18701504,-0.5444349,-0.06840046,-1.1608292,-0.0594475,-1.161181
1,809,-0.21821012,-0.53712237,-0.20410857,-0.53762555,-0.08047662,-1.14194,-0.07097053,-1.143264
1,810,-0.23578915,-0.5296424,-0.22092932,-0.53046095,-0.09232693,-1.1222585,-0.08230968,-1.1244123
1,811,-0.25301528,-0.52187294,-0.2374637,-0.522952,-0.10393935,-1.1018152,-0.09345577,-1.1046546
1,812,-0.269872,-0.51382524,-0.2536984,-0.5151098,-0.11530275,-1.0806398,-0.10439986,-1.0840198
1,813,-0.2863443,-0.5055103,-0.26962072,-0.50694567,-0.12640698,-1.0587612,-0.115133345,-1.0625381
1,814,-0.3024185,-0.49693877,-0.28521827,-0.49847123,-0.13724287,-1.0362077,-0.12564792,-1.0402399
1,815,-0.31808236,-0.4881208,-0.30047917,-0.48969832,-0.14780214,-1.0130055,-0.13593554,-1.0171564
1,816,-0.33332512,-0.47906655,-0.31539205,-0.48063886,-0.15807754,-0.98918176,-0.14598855,-0.99331886
1,817,-0.34813735,-0.46978575,-0.32994586,-0.47130504,-0.1680627,-0.9647618,-0.15579952,-0.9687594
1,818,-0.36251077,-0.46028754,-0.34413022,-0.46170908,-0.17775206,-0.9397698,-0.16536143,-0.94351023
1,819,-0.3764386,-0.45058107,-0.3579351,-0.45186338,-0.18714103,-0.9142298,-0.17466754,-0.91760385
1,820,-0.3899149,-0.44067514,-0.371351,-0.44178048,-0.19622564,-0.88816506,-0.18371141,-0.8910734
1,821,-0.402935,-0.43057817,-0.38436893,-0.4314729,-0.2050027,-0.8615976,-0.192487,-0.8639518
1,822,-0.41549513,-0.42029855,-0.39698035,-0.42095333,-0.2134697,-0.8345495,-0.20098858,-0.83627236
1,823,-0.42759228,-0.40984443,-0.40917724,-0.41023445,-0.22162458,-0.8070423,-0.20921071,-0.8080685
1,824,-0.4392242,-0.3992237,-0.42095208,-0.39932904,-0.22946586,-0.77909666,-0.21714832,-0.7793738
1,825,-0.45038936,-0.3884444,-0.4322978,-0.3882498,-0.23699246,-0.75073385,-0.22479665,-0.75022185
1,826,-0.46108666,-0.37751433,-0.4432079,-0.37700954,-0.2442037,-0.7219743,-0.23215133,-0.7206461
1,827,-0.47131547,-0.36644134,-0.4536763,-0.36562097,-0.2510991,-0.69283867,-0.23920827,-0.6906801
1,828,-0.48107553,-0.35523322,-0.46369755,-0.3540968,-0.2576785,-0.66334754,-0.24596374,-0.66035736
1,829,-0.49036685,-0.34389794,-0.4732665,-0.3424497,-0.26394194,-0.6335218,-0.25241435,-0.6297111
1,830,-0.4991896,-0.33244357,-0.48237866,-0.33069232,-0.2698895,-0.60338265,-0.258557,-0.59877473
1,831,-0.5075441,-0.3208782,-0.49102995,-0.31883717,-0.27552143,-0.57295156,-0.26438895,-0.56758106
1,832,-0.51543075,-0.30921024,-0.4992168,-0.30689678,-0.28083795,-0.5422504,-0.26990786,-0.53616315
1,833,-0.5228499,-0.29744816,-0.50693613,-0.2948835,-0.28583932,-0.51130164,-0.2751116,-0.50455344
1,834,-0.5298022,-0.2856006,-0.5141853,-0.28280962,-0.29052597,-0.480128,-0.27999836,-0.47278425
1,835,-0.53628784,-0.27367663,-0.5209623,-0.27068734,-0.29489806,-0.44875327,-0.28456685,-0.44088775
1,836,-0.5423071,-0.26168543,-0.5272653,-0.2585287,-0.2989557,-0.4172016,-0.28881583,-0.40889555
1,837,-0.5478603,-0.24963641,-0.5330933,-0.24634567,-0.30269924,-0.38549787,-0.29274455,-0.37683916
1,838,-0.55294776,-0.23753929,-0.5384454,-0.23414999,-0.30612877,-0.35366753,-0.2963525,-0.3447495
1,839,-0.5575694,-0.22540396,-0.54332143,-0.22195336,-0.3092443,-0.32173666,-0.29963952,-0.31265733
1,840,-0.5617253,-0.21324074,-0.5477216,-0.20976728,-0.31204587,-0.28973243,-0.30260575,-0.28059295
1,841,-0.5654157,-0.20106,-0.5516465,-0.19760309,-0.31453362,-0.25768206,-0.30525157,-0.24858613
1,842,-0.5686404,-0.1888724,-0.5550972,-0.18547198,-0.31670746,-0.22561365,-0.30757776,-0.21666637
1,843,-0.5713995,-0.17668879,-0.55807525,-0.173385,-0.3185674,-0.19355576,-0.3095853,-0.1848627
1,844,-0.5736933,-0.16452031,-0.5605825,-0.16135295,-0.32011366,-0.16153766,-0.31127548,-0.1532036
1,845,-0.57552177,-0.15237811,-0.5626214,-0.14938651,-0.32134628,-0.12958874,-0.31264994,-0.12171713
1,846,-0.57688546,-0.14027366,-0.5641947,-0.1374962,-0.32226557,-0.097739115,-0.3137105,-0.09043098
1,847,-0.57778484,-0.12821835,-0.5653055,-0.12569228,-0.32287186,-0.066018805,-0.31445932,-0.059372116
1,848,-0.5782207,-0.11622386,-0.5659574,-0.11398487,-0.32316568,-0.034458507,-0.31489882,-0.02856721
1,849,-0.57819426,-0.104301766,-0.5661544,-0.10238386,-0.32314786,-0.0030887222,-0.31503162,0.0019577332
1,850,-0.5777067,-0.09246378,-0.5659008,-0.090898976,-0.32281917,0.02805977,-0.31486064,0.032177124
1,851,-0.5767601,-0.08072154,-0.5652014,-0.079539716,-0.32218108,0.05895631,-0.31438917,0.06206597
1,852,-0.5753566,-0.069086775,-0.56406116,-0.06831538,-0.32123494,0.08957008,-0.3136205,0.0915998
1,853,-0.57349896,-0.057571072,-0.56248564,-0.057235047,-0.31998268,0.119870566,-0.3125584,0.120754726
1,854,-0.5711904,-0.046185967,-0.56048054,-0.04630759,-0.31842646,0.14982742,-0.31120676,0.1495074
1,855,-0.56843483,-0.03494289,-0.55805206,-0.035541657,-0.31656888,0.17941055,-0.30956966,0.17783505
1,856,-0.5652365,-0.023853172,-0.55520666,-0.024945682,-0.31441283,0.20859016,-0.30765155,0.20571552
1,857,-0.5616006,-0.012927979,-0.5519511,-0.014527865,-0.31196183,0.23733689,-0.3054569,0.23312722
1,858,-0.55753285,-0.0021783598,-0.5482926,-0.004296182,-0.30921966,0.26562163,-0.30299065,0.26004913
1,859,-0.55303943,0.008384943,-0.5442384,0.0057416223,-0.30619058,0.2934161,-0.30025765,0.28646094
1,860,-0.5481274,0.01875126,-0.5397963,0.01557804,-0.3028793,0.3206923,-0.29726315,0.31234282
1,861,-0.5428045,0.028910235,-0.53497434,0.025205802,-0.299291,0.34742293,-0.2940126,0.33767572
1,862,-0.537079,0.03885169,-0.5297808,0.03461788,-0.29543138,0.3735812,-0.29051155,0.36244103
1,863,-0.53095996,0.048565786,-0.52422416,0.04380749,-0.29130644,0.39914125,-0.28676572,0.38662106
1,864,-0.52445704,0.058042865,-0.5183133,0.052768108,-0.28692272,0.42407763,-0.2827811,0.41019854
1,865,-0.5175805,0.06727368,-0.51205724,0.06149344,-0.28228712,0.44836605,-0.2785638,0.4331569
1,866,-0.51034135,0.07624921,-0.5054653,0.06997748,-0.27740708,0.47198275,-0.2741201,0.45548037
1,867,-0.50275075,0.08496086,-0.49854708,0.07821444,-0.27229014,0.4949051,-0.2694564,0.47715372
1,868,-0.49482092,0.09340034,-0.4913122,0.08619883,-0.26694453,0.5171113,-0.26457924,0.49816248
1,869,-0.48656416,0.10155973,-0.4837707,0.09392541,-0.2613785,0.5385806,-0.25949538,0.5184929
1,870,-0.47799328,0.10943155,-0.47593272,0.10138922,-0.25560072,0.55929315,-0.25421166,0.5381319
1,871,-0.46912158,0.117008746,-0.46780863,0.10858556,-0.24962017,0.57923055,-0.24873509,0.55706716
1,872,-0.45996258,0.124284714,-0.45940894,0.11551001,-0.24344593,0.59837526,-0.24307272,0.575287
1,873,-0.45053017,0.13125327,-0.45074433,0.12215844,-0.2370874,0.6167112,-0.23723176,0.5927806
1,874,-0.44083843,0.13790876,-0.4418257,0.12852697,-0.23055403,0.6342233,-0.23121956,0.60953766
1,875,-0.4309016,0.14424601,-0.43266398,0.13461205,-0.22385544,0.6508981,-0.22504349,0.6255489
1,876,-0.42073402,0.15026034,-0.42327037,0.14041041,-0.21700132,0.66672313,-0.21871111,0.6408057
1,877,-0.41035017,0.15594764,-0.41365606,0.14591901,-0.2100014,0.6816878,-0.21222994,0.65530014
1,878,-0.39976454,0.1613043,-0.40383244,0.15113519,-0.20286544,0.69578236,-0.20560768,0.66902506
1,879,-0.38899162,0.16632728,-0.39381096,0.15605651,-0.19560325,0.708999,-0.19885203,0.68197423
1,880,-0.37804583,0.17101403,-0.3836032,0.16068089,-0.18822451,0.7213309,-0.19197081,0.69414204
1,881,-0.36694154,0.17536262,-0.3732207,0.16500649,-0.18073893,0.73277307,-0.18497181,0.7055237
1,882,-0.355693,0.17937163,-0.36267528,0.16903181,-0.1731561,0.7433217,-0.17786296,0.71611524
1,883,-0.34431434,0.18304014,-0.3519786,0.17275563,-0.16548555,0.75297445,-0.17065215,0.7259135
1,884,-0.33281946,0.18636781,-0.34114248,0.17617704,-0.15773666,0.7617303,-0.16334735,0.734916
1,885,-0.32122216,0.18935476,-0.33017874,0.17929542,-0.14991874,0.7695896,-0.1559565,0.7431212
1,886,-0.30953595,0.19200167,-0.31909916,0.18211046,-0.14204086,0.7765543,-0.14848758,0.7505282
1,887,-0.29777426,0.19430968,-0.30791566,0.18462215,-0.13411212,0.7826272,-0.1409486,0.75713706
1,888,-0.2859502,0.19628039,-0.29664,0.18683079,-0.12614132,0.7878126,-0.1333475,0.7629485
1,889,-0.27407667,0.19791585,-0.28528407,0.18873696,-0.11813718,0.79211587,-0.12569228,0.76796407
1,890,-0.26216635,0.19921851,-0.27385962,0.19034153,-0.11010824,0.7955435,-0.11799087,0.7721861
1,891,-0.25023168,0.2001913,-0.26237842,0.19164571,-0.10206288,0.7981031,-0.1102512,0.77561766
1,892,-0.23828487,0.20083748,-0.25085214,0.19265093,-0.09400934,0.7998033,-0.10248114,0.7782626
1,893,-0.22633788,0.20116065,-0.23929241,0.19335899,-0.08595567,0.80065364,-0.09468854,0.78012574
1,894,-0.21440242,0.20116484,-0.22771084,0.19377191,-0.07790979,0.8006647,-0.08688121,0.78121215
1,895,-0.20249002,0.2008543,-0.21611886,0.19389205,-0.069879435,0.7998476,-0.079066865,0.7815283
1,896,-0.19061193,0.20023367,-0.20452787,0.19372198,-0.06187222,0.7982146,-0.07125319,0.78108084
1,897,-0.1787792,0.19930783,-0.19294913,0.19326462,-0.053895585,0.7957785,-0.063447766,0.77987736
1,898,-0.16700263,0.19808194,-0.1813938,0.19252309,-0.04595681,0.7925529,-0.05565813,0.77792627
1,899,-0.15529282,0.19656143,-0.1698729,0.19150083,-0.038063034,0.78855205,-0.0478917,0.7752364
1,900,-0.14366017,0.19475192,-0.15839733,0.1902015,-0.030221274,0.7837908,-0.040155835,0.7718176
1,901,-0.1321148,0.19265927,-0.14697781,0.18862905,-0.022438345,0.77828455,-0.03245775,0.7676801
1,902,-0.12066664,0.19028959,-0.13562495,0.18678762,-0.014720952,0.7720494,-0.024804594,0.7628349
1,903,-0.10932545,0.1876491,-0.124349125,0.18468164,-0.0070756734,0.7651017,-0.017203378,0.7572936
1,904,-0.0981007,0.18474433,-0.113160595,0.18231574,0.00049111864,0.75745857,-0.009661006,0.75106835
1,905,-0.08700168,0.18158183,-0.1020694,0.17969479,0.007973149,0.7491373,-0.0021842478,0.744172
1,906,-0.076037444,0.17816842,-0.091085404,0.17682388,0.015364322,0.7401558,0.0052202446,0.73661804
1,907,-0.06521684,0.17451108,-0.080218256,0.1737083,0.02265867,0.73053247,0.012545968,0.7284202
1,908,-0.054548495,0.17061685,-0.0694774,0.17035355,0.029850377,0.72028583,0.019786555,0.71959305
1,909,-0.044040754,0.16649294,-0.058872063,0.1667653,0.036933817,0.7094349,0.026935788,0.71015155
1,910,-0.033701777,0.16214675,-0.048411246,0.16294941,0.043903496,0.69799906,0.033987597,0.7001111
1,911,-0.023539457,0.15758574,-0.03810372,0.15891196,0.05075408,0.685998,0.04093607,0.6894876
1,912,-0.013561469,0.15281749,-0.027958002,0.15465914,0.057480406,0.6734516,0.047775466,0.6782974
1,913,-0.0037751943,0.14784965,-0.017982382,0.1501973,0.0640775,0.66038007,0.054500196,0.6665573
1,914,0.005812239,0.14268997,-0.008184892,0.14553298,0.07054054,0.6468038,0.061104845,0.6542844
1,915,0.015193943,0.13734637,0.0014266954,0.14067282,0.076864906,0.63274354,0.06758417,0.6414962
1,916,0.024363328,0.13182673,0.010844868,0.1356236,0.08304614,0.6182201,0.07393312,0.62821054
1,917,0.033314053,0.12613901,0.020062365,0.13039224,0.08907997,0.6032544,0.08014679,0.6144456
1,918,0.042040106,0.12029131,0.029072229,0.124985754,0.09496235,0.58786774,0.08622049,0.6002199
1,919,0.05053572,0.11429165,0.037867762,0.11941124,0.10068938,0.5720812,0.0921497,0.58555204
1,920,0.058795486,0.10814816,0.04644255,0.11367591,0.106257424,0.55591625,0.09793011,0.57046103
1,921,0.06681423,0.10186896,0.054790452,0.10778705,0.11166299,0.53939426,0.103557564,0.5549661
1,922,0.07458709,0.09546217,0.062905625,0.10175203,0.116902806,0.5225365,0.10902814,0.5390866
1,923,0.082109585,0.08893596,0.070782505,0.095578276,0.12197384,0.50536454,0.11433807,0.522842
1,924,0.08937745,0.08229846,0.078415826,0.08927328,0.12687322,0.48789972,0.11948382,0.50625205
1,925,0.096386805,0.07555769,0.0858006,0.08284456,0.13159835,0.47016317,0.124462016,0.48933664
1,926,0.10313402,0.06872174,0.09293217,0.076299705,0.13614677,0.4521762,0.12926953,0.47211558
1,927,0.10961585,0.061798636,0.09980613,0.0696463,0.14051627,0.43395993,0.13390337,0.45460895
1,928,0.115829274,0.054796312,0.1064184,0.062891975,0.14470483,0.41553518,0.13836081,0.43683675
1,929,0.12177168,0.047722634,0.112765186,0.056044362,0.14871071,0.3969227,0.14263928,0.4188191
1,930,0.12744068,0.04058547,0.118843,0.0491111,0.15253228,0.3781432,0.14673644,0.40057608
1,931,0.13283418,0.033392485,0.12464864,0.042099837,0.15616813,0.35921678,0.15065011,0.38212782
1,932,0.13795051,0.02615134,0.13017923,0.035018194,0.15961713,0.34016365,0.15437838,0.36349437
1,933,0.14278816,0.01886956,0.13543214,0.027873782,0.16287827,0.3210036,0.15791945,0.34469578
1,934,0.14734596,0.011554588,0.14040509,0.020674188,0.16595076,0.30175617,0.1612718,0.32575196
1,935,0.15162301,0.004213728,0.14509608,0.01342696,0.16883399,0.2824407,0.16443408,0.30668285
1,936,0.15561877,-0.0031458065,0.14950338,0.0061396174,0.1715276,0.26307607,0.16740511,0.28750816
1,937,0.1593328,-0.010516953,0.15362558,-0.0011803741,0.17403127,0.24368085,0.17018396,0.26824757
1,938,0.16276503,-0.017892733,0.15746154,-0.008525598,0.176345,0.22427347,0.17276983,0.24892057
1,939,0.16591567,-0.0252663,0.16101043,-0.015888697,0.1784689,0.2048719,0.1751622,0.22954655
1,940,0.16878508,-0.03263097,0.1642717,-0.023262378,0.18040322,0.18549375,0.17736067,0.21014468
1,941,0.17137395,-0.039980125,0.16724506,-0.030639417,0.18214841,0.16615641,0.17936507,0.19073398
1,942,0.17368314,-0.04730737,0.16993053,-0.038012672,0.18370508,0.14687675,0.18117538,0.17133324
1,943,0.17571373,-0.05460636,0.1723284,-0.045375075,0.18507393,0.1276714,0.18279181,0.15196106
1,944,0.17746703,-0.06187086,0.1744392,-0.052719653,0.18625586,0.10855682,0.18421476,0.13263577
1,945,0.17894463,-0.06909484,0.17626381,-0.06003952,0.18725194,0.08954887,0.18544476,0.11337551
1,946,0.18014815,-0.07627237,0.1778033,-0.06732789,0.18806326,0.07066312,0.18648253,0.09419812
1,947,0.18107955,-0.08339755,0.17905903,-0.07457807,0.18869112,0.05191511,0.18732905,0.07512122
1,948,0.18174094,-0.09046477,0.18003261,-0.0817835,0.18913698,0.03331962,0.18798536,0.056162048
1,949,0.18213458,-0.097468436,0.18072593,-0.08893771,0.18940233,0.0148913525,0.18845275,0.037337676
1,950,0.18226296,-0.10440311,0.18114111,-0.09603433,0.18948889,-0.0033553788,0.18873262,0.018664809
1,951,0.18212864,-0.11126338,0.18128052,-0.10306714,0.18939833,-0.021406343,0.1888266,0.00015987072
1,952,0.18173438,-0.11804406,0.18114676,-0.11003003,0.18913256,-0.039247893,0.18873642,-0.01816112
1,953,0.18108325,-0.12474011,0.1807427,-0.11691702,0.18869361,-0.05686674,0.18846403,-0.036282387
1,954,0.18017821,-0.13134646,0.18007138,-0.12372227,0.18808351,-0.07424959,0.18801151,-0.05418857
1,955,0.17902265,-0.13785827,0.17913613,-0.13044006,0.18730453,-0.091383666,0.18738103,-0.07186462
1,956,0.17761989,-0.14427078,0.17794047,-0.1370648,0.1863589,-0.10825645,0.18657501,-0.08929586
1,957,0.17597349,-0.1505793,0.17648815,-0.14359109,0.18524903,-0.12485565,0.18559597,-0.106468044
1,958,0.17408715,-0.15677933,0.17478308,-0.15001361,0.18397743,-0.14116937,0.18444657,-0.12336718
1,959,0.17196469,-0.16286644,0.17282943,-0.15632726,0.18254665,-0.15718596,0.18312958,-0.13997985
1,960,0.16961011,-0.16883631,0.17063157,-0.16252701,0.18095939,-0.17289406,0.18164796,-0.15629284
1,961,0.16702752,-0.17468475,0.16819401,-0.16860807,0.17921841,-0.18828265,0.18000476,-0.17229351
1,962,0.16422114,-0.18040773,0.16552149,-0.17456573,0.17732659,-0.20334116,0.17820317,-0.1879695
1,963,0.16119543,-0.18600123,0.1626189,-0.18039548,0.17528692,-0.21805894,0.17624651,-0.20330893
1,964,0.1579548,-0.19146143,0.15949133,-0.18609299,0.17310233,-0.232426,0.17413816,-0.21830039
1,965,0.15450399,-0.19678465,0.15614404,-0.19165406,0.17077608,-0.24643262,0.17188168,-0.23293285
1,966,0.15084775,-0.20196736,0.1525824,-0.19707465,0.16831137,-0.26006952,0.16948073,-0.24719569
1,967,0.14699095,-0.20700598,0.148812,-0.20235093,0.16571145,-0.27332732,0.16693904,-0.2610788
1,968,0.14293872,-0.21189734,0.14483853,-0.20747921,0.16297977,-0.28619763,0.16426046,-0.2745725
1,969,0.13869616,-0.2166382,0.14066783,-0.21245597,0.16011979,-0.29867193,0.16144891,-0.2876675
1,970,0.13426857,-0.22122559,0.13630588,-0.2172779,0.15713507,-0.3107424,0.15850846,-0.3003551
1,971,0.12966143,-0.22565654,0.13175881,-0.22194184,0.15402932,-0.32240126,0.1554432,-0.31262702
1,972,0.12488021,-0.22992834,0.12703283,-0.2264448,0.15080622,-0.33364138,0.15225734,-0.32447535
1,973,0.11993064,-0.23403853,0.12213427,-0.23078397,0.14746964,-0.34445623,0.14895514,-0.3358927
1,974,0.114818424,-0.23798463,0.11706959,-0.23495676,0.1440234,-0.35483932,0.14554095,-0.34687227
1,975,0.10954958,-0.2417643,0.111845315,-0.23896073,0.14047159,-0.36478454,0.14201918,-0.35740766
1,976,0.104130045,-0.24537557,0.106468104,-0.24279359,0.1368182,-0.3742866,0.13839431,-0.3674928
1,977,0.09856598,-0.24881646,0.10094466,-0.24645332,0.13306737,-0.3833404,0.13467087,-0.3771224
1,978,0.092863664,-0.25208524,0.09528177,-0.249938,0.12922335,-0.39194128,0.13085343,-0.38629138
1,979,0.08702935,-0.25518036,0.089486316,-0.25324595,0.12529033,-0.40008527,0.12694661,-0.3949954
1,980,0.0810696,-0.2581004,0.08356522,-0.25637564,0.12127277,-0.40776855,0.12295511,-0.40323034
1,981,0.0749909,-0.26084417,0.07752547,-0.25932574,0.11717502,-0.41498807,0.11888361,-0.41099274
1,982,0.06879993,-0.26341066,0.07137408,-0.26209512,0.113001585,-0.4217411,0.114736855,-0.41827962
1,983,0.0625034,-0.26579893,0.06511815,-0.2646828,0.10875699,-0.4280252,0.11051963,-0.4250884
1,984,0.056108166,-0.26800847,0.058764767,-0.267088,0.10444585,-0.433839,0.10623672,-0.43141702
1,985,0.0496211,-0.27003863,0.05232108,-0.26931018,0.10007282,-0.43918085,0.10189292,-0.43726408
1,986,0.043049183,-0.27188924,0.045794234,-0.27134886,0.09564258,-0.4440502,0.09749307,-0.44262835
1,987,0.036399473,-0.27356017,0.039191395,-0.27320385,0.0911599,-0.4484468,0.093041986,-0.44750926
1,988,0.029679056,-0.27505147,0.03251974,-0.2748751,0.08662956,-0.4523708,0.08854451,-0.4519067
1,989,0.02289508,-0.27636346,0.025786437,-0.27636275,0.082056366,-0.4558229,0.08400548,-0.45582104
1,990,0.01605476,-0.27749655,0.018998643,-0.2776671,0.077445194,-0.45880434,0.079429716,-0.4592531
1,991,0.009165343,-0.27845132,0.012163508,-0.2787887,0.07280093,-0.4613166,0.07482204,-0.46220425
1,992,0.0022340678,-0.27922863,0.005288152,-0.2797281,0.06812844,-0.46336183,0.07018725,-0.4646761
1,993,-0.0047317855,-0.27982944,-0.0016203315,-0.28048626,0.06343264,-0.46494272,0.06553012,-0.46667096
1,994,-0.0117248595,-0.2802549,-0.008554885,-0.28106412,0.0587185,-0.4660622,0.060855426,-0.46819144
1,995,-0.018737916,-0.28050637,-0.015508495,-0.2814629,0.05399088,-0.4667239,0.056167886,-0.46924075
1,996,-0.025763623,-0.28058532,-0.022474198,-0.28168392,0.049254734,-0.4669316,0.05147219,-0.4698223
1,997,-0.03279472,-0.28049332,-0.02944508,-0.28172868,0.044514958,-0.46668953,0.046773005,-0.46994007
1,998,-0.039823975,-0.2802323,-0.0364143,-0.2815989,0.03977642,-0.46600276,0.042074937,-0.46959856
2,0,-0.068069585,-0.35712078,-0.12096609,-0.667253,0.020735588,-0.66831416,-0.014922819,-1.4843439
2,1,-0.09655814,-0.55668825,-0.14286107,-0.6608116,0.0015309843,-1.1934224,-0.029682584,-1.4673951
2,2,-0.12742497,-0.6529167,-0.16449523,-0.6538902,-0.019276856,-1.4466219,-0.044266526,-1.4491832
2,3,-0.15759134,-0.6909035,-0.18585005,-0.64650065,-0.039612506,-1.5465738,-0.058662165,-1.4297396
2,4,-0.18607499,-0.6970369,-0.2069075,-0.63865525,-0.058813795,-1.5627123,-0.072857335,-1.4090966
2,5,-0.21271618,-0.6870031,-0.22765003,-0.63036656,-0.07677306,-1.5363109,-0.08684022,-1.3872871
2,6,-0.23769017,-0.66979307,-0.2480606,-0.62164766,-0.09360844,-1.4910274,-0.10059932,-1.3643457
2,7,-0.2612653,-0.65027905,-0.26812267,-0.61251205,-0.10950083,-1.4396815,-0.11412349,-1.3403078
2,8,-0.28369522,-0.6308753,-0.28782025,-0.60297334,-0.124621205,-1.3886257,-0.12740195,-1.3152093
2,9,-0.30517724,-0.6125952,-0.30713788,-0.59304565,-0.1391026,-1.3405266,-0.14042428,-1.2890872
2,10,-0.32584634,-0.5957044,-0.32606065,-0.5827433,-0.15303597,-1.2960829,-0.15318044,-1.2619792
2,11,-0.3457856,-0.5801082,-0.3445742,-0.5720808,-0.16647734,-1.2550458,-0.16566074,-1.2339238
2,12,-0.36504152,-0.5655698,-0.3626648,-0.561073,-0.17945808,-1.2167919,-0.1778559,-1.2049598
2,13,-0.38363865,-0.5518239,-0.38031924,-0.5497348,-0.19199471,-1.1806232,-0.18975705,-1.1751262
2,14,-0.4015898,-0.5386289,-0.3975249,-0.5380813,-0.20409589,-1.1459041,-0.20135567,-1.1444632
2,15,-0.41890255,-0.5257861,-0.41426978,-0.5261278,-0.21576668,-1.1121117,-0.21264367,-1.1130109
2,16,-0.4355828,-0.51314193,-0.43054247,-0.51388973,-0.22701111,-1.0788419,-0.22361335,-1.0808096
2,17,-0.45163664,-0.5005825,-0.44633222,-0.50138247,-0.23783328,-1.0457952,-0.23425749,-1.0479001
2,18,-0.46707073,-0.48802626,-0.46162874,-0.48862156,-0.24823765,-1.0127568,-0.24456912,-1.0143232
2,19,-0.48189226,-0.47541636,-0.47642252,-0.47562256,-0.2582291,-0.97957724,-0.25454184,-0.9801198
2,20,-0.49610892,-0.46271473,-0.49070448,-0.46240103,-0.2678128,-0.9461563,-0.26416954,-0.9453309
2,21,-0.50972867,-0.4498968,-0.5044663,-0.44897258,-0.27699408,-0.9124294,-0.27344662,-0.9099975
2,22,-0.52275974,-0.43694767,-0.5177002,-0.4353527,-0.28577852,-0.87835723,-0.28236783,-0.87416047
2,23,-0.53520983,-0.4238596,-0.530399,-0.42155695,-0.29417136,-0.84391946,-0.2909283,-0.83786064
2,24,-0.5470866,-0.4106294,-0.54255617,-0.4076007,-0.30217767,-0.8091077,-0.29912364,-0.8011385
2,25,-0.5583975,-0.3972576,-0.55416566,-0.39349934,-0.30980253,-0.7739234,-0.3069498,-0.76403457
2,26,-0.5691493,-0.3837471,-0.5652222,-0.3792681,-0.31705052,-0.7383742,-0.31440318,-0.7265889
2,27,-0.5793483,-0.3701026,-0.57572097,-0.36492217,-0.32392582,-0.7024723,-0.32148057,-0.6888414
2,28,-0.5890003,-0.3563301,-0.5856578,-0.35047653,-0.3304324,-0.66623366,-0.32817915,-0.6508316
2,29,-0.5981103,-0.34243673,-0.595029,-0.3359461,-0.3365736,-0.629677,-0.33449644,-0.61259866
2,30,-0.6066828,-0.32843032,-0.6038317,-0.3213456,-0.34235245,-0.5928229,-0.3404305,-0.5741813
2,31,-0.6147213,-0.31431952,-0.61206335,-0.3066896,-0.34777135,-0.5556941,-0.3459796,-0.535618
2,32,-0.6222289,-0.3001137,-0.6197221,-0.29199252,-0.35283238,-0.5183153,-0.3511425,-0.49694657
2,33,-0.62920797,-0.28582275,-0.6268067,-0.27726856,-0.35753706,-0.4807125,-0.35591832,-0.45820445
2,34,-0.63566,-0.27145714,-0.63331616,-0.26253182,-0.36188647,-0.44291323,-0.36030647,-0.41942865
2,35,-0.64158595,-0.25702798,-0.63925046,-0.24779607,-0.36588126,-0.4049468,-0.36430687,-0.3806555
2,36,-0.6469861,-0.24254686,-0.64460987,-0.23307504,-0.36952162,-0.3668436,-0.36791974,-0.34192103
2,37,-0.6518603,-0.228026,-0.6493951,-0.21838212,-0.37280735,-0.32863587,-0.37114555,-0.30326056
2,38,-0.6562078,-0.21347794,-0.65360767,-0.20373057,-0.37573808,-0.29035655,-0.3739853,-0.26470894
2,39,-0.66002744,-0.1989159,-0.65724933,-0.18913339,-0.37831298,-0.25204045,-0.3764402,-0.22630039
2,40,-0.6633178,-0.18435332,-0.66032255,-0.17460339,-0.38053107,-0.21372291,-0.3785119,-0.18806858
2,41,-0.666077,-0.16980413,-0.66283005,-0.16015312,-0.3823911,-0.17544061,-0.38020226,-0.15004659
2,42,-0.66830325,-0.15528248,-0.6647754,-0.14579497,-0.38389182,-0.1372308,-0.38151363,-0.112266965
2,43,-0.66999465,-0.14080285,-0.66616225,-0.13154103,-0.38503203,-0.099131525,-0.38244855,-0.07476153
2,44,-0.67114925,-0.1263799,-0.6669949,-0.11740318,-0.38581038,-0.06118143,-0.38300988,-0.03756158
2,45,-0.67176515,-0.112028435,-0.6672783,-0.10339308,-0.38622555,-0.02341938,-0.38320088,-0.00069775444
2,46,-0.6718409,-0.097763225,-0.66701746,-0.08952214,-0.38627663,0.014115692,-0.38302505,0.035799902
2,47,-0.6713754,-0.08359921,-0.6662181,-0.07580153,-0.3859628,0.0513845,-0.3824862,0.07190201
2,48,-0.67036796,-0.06955123,-0.66488636,-0.062242184,-0.38528368,0.088347994,-0.38158846,0.10757979
2,49,-0.6688184,-0.055633966,-0.6630286,-0.048854798,-0.3842391,0.12496754,-0.3803361,0.1428051
2,50,-0.66672724,-0.041862022,-0.6606519,-0.035649806,-0.38282943,0.16120471,-0.37873393,0.1775505
2,51,-0.66409564,-0.028249767,-0.6577635,-0.022637403,-0.3810554,0.19702171,-0.3767868,0.21178915
2,52,-0.6609258,-0.014811348,-0.6543711,-0.009827527,-0.3789186,0.2323813,-0.37449992,0.2454949
2,53,-0.6572206,-0.0015606917,-0.6504828,0.002770132,-0.37642083,0.26724684,-0.37187874,0.27864227
2,54,-0.652984,0.011488639,-0.6461071,0.015146144,-0.3735649,0.30158266,-0.36892903,0.3112064
2,55,-0.64822096,0.02432331,-0.64125276,0.027291335,-0.37035403,0.33535367,-0.36565664,0.34316322
2,56,-0.6429374,0.036930356,-0.63592905,0.0391968,-0.36679232,0.3685257,-0.36206785,0.37448928
2,57,-0.6371404,0.049297117,-0.63014543,0.05085389,-0.36288443,0.40106553,-0.35816902,0.40516177
2,58,-0.63083804,0.061411306,-0.62391186,0.06225423,-0.3586359,0.43294078,-0.35396686,0.43515873
2,59,-0.62403965,0.07326095,-0.6172384,0.073389724,-0.35405302,0.46411994,-0.34946817,0.46445876
2,60,-0.6167554,0.08483443,-0.6101356,0.08425254,-0.34914258,0.49457243,-0.34468007,0.49304134
2,61,-0.60899675,0.09612052,-0.6026142,0.09483512,-0.34391233,0.52426875,-0.33960977,0.5208866
2,62,-0.600776,0.107108265,-0.59468544,0.105130225,-0.33837062,0.5531801,-0.33426484,0.54797536
2,63,-0.5921067,0.1177872,-0.58636045,0.115130864,-0.33252648,0.5812788,-0.32865283,0.5742894
2,64,-0.58300287,0.12814716,-0.577651,0.124830365,-0.32638943,0.60853827,-0.32278165,0.599811
2,65,-0.57347965,0.13817836,-0.568569,0.13422234,-0.31996965,0.6349327,-0.3166593,0.6245235
2,66,-0.5635529,0.14787158,-0.55912644,0.14330073,-0.3132779,0.6604378,-0.3102939,0.6484108
2,67,-0.5532392,0.15721788,-0.5493358,0.15205973,-0.30632526,0.68503004,-0.3036939,0.6714578
2,68,-0.5425557,0.16620891,-0.53920954,0.16049391,-0.29912332,0.70868754,-0.2968676,0.69365007
2,69,-0.5315199,0.1748367,-0.52876055,0.16859812,-0.29168388,0.7313893,-0.28982377,0.7149741
2,70,-0.5201498,0.18309392,-0.51800174,0.17636752,-0.28401914,0.7531159,-0.28257108,0.73541725
2,71,-0.5084639,0.19097379,-0.50694627,0.18379764,-0.2761415,0.7738497,-0.2751184,0.7549676
2,72,-0.4964806,0.19847009,-0.49560747,0.1908843,-0.26806334,0.7935742,-0.26747474,0.7736142
2,73,-0.48421857,0.2055773,-0.48399884,0.19762369,-0.2597973,0.8122749,-0.25964916,0.7913471
2,74,-0.47169656,0.21229038,-0.47213396,0.20401232,-0.251356,0.8299386,-0.25165087,0.808157
2,75,-0.45893314,0.2186051,-0.46002665,0.21004704,-0.24275197,0.8465541,-0.24348913,0.8240358
2,76,-0.44594696,0.22451794,-0.44769073,0.21572505,-0.23399778,0.86211216,-0.23517327,0.83897597
2,77,-0.4327564,0.23002598,-0.4351402,0.22104391,-0.22510579,0.87660503,-0.22671275,0.8529712
2,78,-0.41937956,0.23512703,-0.4223891,0.22600156,-0.21608825,0.8900271,-0.21811703,0.8660159
2,79,-0.40583438,0.23981962,-0.40945154,0.23059624,-0.20695722,0.9023744,-0.20939562,0.8781056
2,80,-0.39213842,0.24410301,-0.39634177,0.2348266,-0.19772455,0.913645,-0.2005581,0.88923657
2,81,-0.3783089,0.24797705,-0.38307402,0.23869161,-0.18840183,0.9238385,-0.19161409,0.8994063
2,82,-0.36436275,0.25144228,-0.36966252,0.24219064,-0.17900051,0.93295634,-0.18257318,0.9086131
2,83,-0.35031638,0.25449994,-0.3561216,0.24532343,-0.16953163,0.9410017,-0.17344502,0.91685617
2,84,-0.3361859,0.25715175,-0.34246555,0.24809004,-0.16000603,0.9479793,-0.16423926,0.92413574
2,85,-0.32198706,0.2594001,-0.32870868,0.25049093,-0.15043436,0.9538952,-0.15496552,0.9304531
2,86,-0.30773512,0.26124796,-0.31486517,0.25252694,-0.1408269,0.95875734,-0.14563338,0.9358103
2,87,-0.293445,0.26269868,-0.30094934,0.25419924,-0.13119368,0.96257454,-0.1362525,0.9402105
2,88,-0.2791313,0.26375616,-0.2869753,0.25550935,-0.121544585,0.965357,-0.12683235,0.9436577
2,89,-0.26480815,0.26442474,-0.27295715,0.2564592,-0.11188912,0.9671162,-0.11738249,0.94615704
2,90,-0.2504894,0.2647091,-0.25890893,0.25705105,-0.10223662,0.96786433,-0.107912354,0.94771427
2,91,-0.23618855,0.26461437,-0.24484454,0.25728753,-0.09259617,0.9676151,-0.09843132,0.94833654
2,92,-0.22191876,0.264146,-0.23077781,0.25717157,-0.08297668,0.96638274,-0.08894871,0.9480314
2,93,-0.20769294,0.2633097,-0.21672244,0.2567065,-0.07338681,0.9641822,-0.07947375,0.94680774
2,94,-0.19352369,0.26211146,-0.20269197,0.25589594,-0.06383509,0.9610294,-0.07001558,0.9446749
2,95,-0.1794233,0.26055765,-0.18869983,0.2547439,-0.054329786,0.95694095,-0.060583245,0.94164366
2,96,-0.16540389,0.25865468,-0.17475922,0.25325468,-0.044879068,0.9519338,-0.051185653,0.9377252
2,97,-0.15147722,0.25640932,-0.16088328,0.2514329,-0.03549087,0.9460257,-0.041831654,0.9329316
2,98,-0.13765496,0.25382853,-0.14708485,0.24928346,-0.02617306,0.9392351,-0.0325299,0.92727596
2,99,-0.123948425,0.25091943,-0.13337661,0.24681164,-0.016933259,0.9315806,-0.023288956,0.920772
2,100,-0.11036882,0.24768934,-0.11977107,0.24402297,-0.0077790227,0.92308146,-0.014117236,0.9134344
2,101,-0.09692705,0.24414572,-0.10628046,0.24092324,0.0012822973,0.9137574,-0.0050229933,0.90527827
2,102,-0.083633885,0.24029623,-0.09291682,0.23751856,0.010243436,0.9036284,0.0039856597,0.89631975
2,103,-0.07049987,0.23614872,-0.07969191,0.23381528,0.019097295,0.8927154,0.012900787,0.8865756
2,104,-0.05753533,0.23171115,-0.066617265,0.22982001,0.027836902,0.88103914,0.02171462,0.8760631
2,105,-0.044750392,0.22699165,-0.05370416,0.2255396,0.036455438,0.86862105,0.030419556,0.86480033
2,106,-0.032154944,0.22199848,-0.040963575,0.22098114,0.04494624,0.8554829,0.039008196,0.852806
2,107,-0.019758679,0.21674013,-0.028406225,0.21615194,0.05330277,0.8416469,0.047473315,0.8400992
2,108,-0.0075710677,0.21122514,-0.01604253,0.21105951,0.061518636,0.8271356,0.055807885,0.8266999
2,109,0.0043987073,0.20546225,-0.0038826172,0.20571159,0.069587655,0.8119722,0.06400508,0.8126282
2,110,0.016141664,0.19946031,0.008063696,0.20011605,0.07750378,0.79617965,0.07205829,0.7979051
2,111,0.027649123,0.19322833,0.019786902,0.19428098,0.085261144,0.77978194,0.0799611,0.7825517
2,112,0.038912658,0.18677548,0.03127781,0.18821461,0.09285408,0.76280296,0.0877073,0.76658964
2,113,0.049924124,0.18011098,0.042527538,0.18192537,0.10027709,0.7452671,0.09529094,0.7500412
2,114,0.06067573,0.17324421,0.05352757,0.17542173,0.107524924,0.7271991,0.10270623,0.7329286
2,115,0.07115996,0.1661846,0.06426971,0.16871238,0.11459252,0.7086236,0.10994769,0.71527475
2,116,0.08136965,0.15894176,0.074746095,0.16180605,0.12147504,0.68956596,0.11700999,0.6971026
2,117,0.091297925,0.15152529,0.08494921,0.15471163,0.12816785,0.6700516,0.12388808,0.67843556
2,118,0.100938365,0.14394496,0.094871886,0.14743808,0.13466664,0.65010595,0.13057712,0.65929717
2,119,0.110284805,0.13621046,0.10450731,0.13999441,0.14096722,0.62975466,0.13707252,0.63971114
2,120,0.1193316,0.1283316,0.11384903,0.13238974,0.14706582,0.6090236,0.14336993,0.6197015
2,121,0.12807332,0.120318204,0.12289092,0.12463322,0.15295875,0.5879385,0.14946522,0.5992923
2,122,0.13650508,0.112180024,0.13162725,0.116734065,0.15864274,0.56652504,0.15535451,0.5785078
2,123,0.14462228,0.10392691,0.14005262,0.10870149,0.16411468,0.54480916,0.1610342,0.5573722
2,124,0.15242077,0.09556855,0.14816199,0.100544766,0.16937177,0.5228164,0.16650087,0.53590995
2,125,0.15989684,0.08711469,0.15595073,0.09227315,0.1744115,0.5005723,0.17175137,0.51414543
2,126,0.16704707,0.07857491,0.16341452,0.08389594,0.17923158,0.4781022,0.17678283,0.49210304
2,127,0.17386855,0.069958776,0.17054941,0.07542238,0.18383007,0.45543116,0.18159257,0.46980715
2,128,0.18035875,0.061275695,0.17735183,0.06686172,0.18820521,0.43258396,0.1861782,0.44728208
2,129,0.18651547,0.052535,0.18381856,0.058223195,0.19235556,0.40958515,0.19053753,0.4245521
2,130,0.19233693,0.043745864,0.18994674,0.04951599,0.1962799,0.3864589,0.19466865,0.40164146
2,131,0.19782175,0.034917343,0.19573388,0.040749248,0.19997731,0.363229,0.19856985,0.37857413
2,132,0.20296888,0.026058342,0.2011778,0.03193207,0.20344707,0.33991894,0.20223969,0.35537407
2,133,0.20777766,0.017177578,0.20627673,0.023073483,0.20668876,0.31655157,0.20567696,0.33206508
2,134,0.21224774,0.008283589,0.21102923,0.0141824605,0.2097021,0.29314944,0.20888071,0.30867076
2,135,0.21637912,-0.000615187,0.21543421,0.0052678934,0.21248715,0.2697347,0.21185015,0.28521445
2,136,0.22017209,-0.009510588,0.21949092,-0.0036614062,0.21504404,0.24632883,0.21458486,0.26171938
2,137,0.22362728,-0.018394526,0.22319895,-0.012596715,0.21737325,0.22295313,0.21708451,0.23820852
2,138,0.22674559,-0.027259186,0.22655824,-0.021529404,0.21947534,0.19962816,0.21934906,0.21470454
2,139,0.22952826,-0.036096822,0.22956905,-0.03045095,0.22135119,0.17637429,0.2213787,0.1912299
2,140,0.23197667,-0.044900026,0.23223199,-0.039352927,0.2230017,0.15321103,0.22317381,0.16780671
2,141,0.23409258,-0.053661373,0.23454797,-0.04822703,0.22442807,0.13015789,0.22473507,0.14445691
2,142,0.23587792,-0.062373746,0.23651826,-0.057065077,0.2256316,0.107233614,0.22606328,0.121201955
2,143,0.23733489,-0.071030185,0.23814443,-0.065859,0.22661377,0.08445652,0.2271595,0.09806311
2,144,0.23846583,-0.07962377,0.23942833,-0.07460086,0.22737615,0.061844796,0.22802499,0.07506125
2,145,0.23927338,-0.08814791,0.24037217,-0.08328287,0.22792053,0.039415818,0.22866124,0.052216858
2,146,0.23976032,-0.09659605,0.2409784,-0.09189737,0.22824879,0.01718681,0.22906992,0.02955012
2,147,0.23992969,-0.10496177,0.24124984,-0.100436814,0.22836296,-0.004825341,0.2292529,0.0070808604
2,148,0.23978458,-0.11323887,0.24118955,-0.10889386,0.22826515,-0.026604319,0.22921225,-0.015171577
2,149,0.23932843,-0.12142128,0.24080089,-0.11726127,0.22795765,-0.048134126,0.22895026,-0.03718818
2,150,0.23856466,-0.12950292,0.2400875,-0.12553199,0.22744277,-0.069398805,0.22846934,-0.058950353
2,151,0.23749696,-0.137478,0.23905326,-0.1336991,0.22672302,-0.09038307,0.22777215,-0.08043993
2,152,0.23612921,-0.14534077,0.23770238,-0.1417559,0.225801,-0.111071855,0.2268615,-0.10163921
2,153,0.2344654,-0.15308563,0.2360393,-0.14969578,0.2246794,-0.13145038,0.22574039,-0.12253091
2,154,0.2325096,-0.1607071,0.23406869,-0.15751237,0.22336096,-0.15150423,0.22441198,-0.14309815
2,155,0.2302662,-0.16819973,0.23179547,-0.16519943,0.22184865,-0.17121908,0.22287956,-0.1633246
2,156,0.22773956,-0.1755583,0.22922486,-0.17275092,0.22014539,-0.19058117,0.22114667,-0.18319431
2,157,0.2249343,-0.18277767,0.22636221,-0.18016095,0.21825433,-0.20957702,0.21921691,-0.20269182
2,158,0.22185515,-0.18985274,0.22321321,-0.18742388,0.21617863,-0.22819318,0.21709411,-0.22180228
2,159,0.21850704,-0.19677861,0.21978366,-0.1945342,0.2139216,-0.24641673,0.21478221,-0.24051116
2,160,0.2148949,-0.20355049,0.21607965,-0.2014866,0.21148661,-0.2642351,0.21228527,-0.25880456
2,161,0.211024,-0.2101637,0.21210745,-0.20827597,0.20887716,-0.281636,0.20960754,-0.27666897
2,162,0.20689963,-0.21661365,0.2078735,-0.21489741,0.20609686,-0.29860732,0.20675336,-0.2940915
2,163,0.20252727,-0.22289595,0.20338444,-0.22134618,0.20314938,-0.3151375,0.20372722,-0.3110597
2,164,0.19791253,-0.22900629,0.19864713,-0.2276178,0.20003851,-0.33121523,0.2005337,-0.3275618
2,165,0.19306122,-0.2349405,0.19366854,-0.23370793,0.19676815,-0.3468295,0.19717757,-0.34358636
2,166,0.18797924,-0.2406947,0.18845586,-0.23961249,0.19334231,-0.36197016,0.19366361,-0.3591226
2,167,0.1826727,-0.24626493,0.18301639,-0.24532758,0.18976508,-0.37662673,0.18999678,-0.37416032
2,168,0.17714779,-0.25164756,0.17735761,-0.2508495,0.18604065,-0.39078966,0.18618211,-0.38868973
2,169,0.17141093,-0.25683913,0.17148714,-0.25617477,0.18217334,-0.40444988,0.18222472,-0.4027018
2,170,0.16546866,-0.26183626,0.16541268,-0.26130018,0.17816757,-0.4175985,0.17812982,-0.41618794
2,171,0.15932764,-0.26663584,0.15914214,-0.26622263,0.1740278,-0.43022728,0.17390275,-0.42914003
2,172,0.15299474,-0.27123493,0.15268345,-0.27093932,0.16975868,-0.44232857,0.16954884,-0.44155076
2,173,0.14647695,-0.2756307,0.14604473,-0.2754476,0.16536495,-0.45389488,0.16507357,-0.4534131
2,174,0.13978143,-0.2798208,0.13923416,-0.27974516,0.16085139,-0.46491998,0.16048245,-0.46472096
2,175,0.13291544,-0.2838027,0.13225998,-0.2838298,0.15622291,-0.47539726,0.15578105,-0.4754686
2,176,0.12588643,-0.28757435,0.12513055,-0.28769955,0.15148453,-0.48532137,0.15097499,-0.4856508
2,177,0.118701965,-0.29113385,0.117854305,-0.2913527,0.14664137,-0.49468723,0.14606994,-0.49526304
2,178,0.1113698,-0.29447964,0.110439725,-0.2947877,0.14169864,-0.5034908,0.14107165,-0.50430137
2,179,0.103897735,-0.29761016,0.10289534,-0.29800338,0.13666159,-0.5117279,0.13598587,-0.51276255
2,180,0.09629381,-0.3005243,0.09522974,-0.30099857,0.13153566,-0.51939565,0.13081835,-0.5206436
2,181,0.08856611,-0.30322108,0.08745155,-0.30377248,0.1263263,-0.5264915,0.12557495,-0.5279424
2,182,0.08072287,-0.30569974,0.07956941,-0.3063245,0.12103903,-0.53301346,0.12026146,-0.5346574
2,183,0.07277243,-0.30795985,0.071591996,-0.30865425,0.11567951,-0.53896034,0.11488376,-0.54078746
2,184,0.06472328,-0.31000116,0.06352799,-0.31076154,0.11025345,-0.5443315,0.10944768,-0.54633224
2,185,0.056583937,-0.3118236,0.05538607,-0.31264642,0.104766585,-0.5491268,0.103959076,-0.55129176
2,186,0.04836307,-0.31342754,0.047174916,-0.31430915,0.09922476,-0.5533471,0.09842381,-0.5556668
2,187,0.040069383,-0.31481332,0.03890319,-0.3157502,0.09363385,-0.5569934,0.092847705,-0.5594586
2,188,0.03171174,-0.3159818,0.030579533,-0.3169703,0.08799983,-0.56006795,0.08723659,-0.5626689
2,189,0.02329893,-0.3169338,0.022212552,-0.3179703,0.08232861,-0.5625729,0.08159626,-0.56530017
2,190,0.014839891,-0.31767064,0.0138108125,-0.3187514,0.076626234,-0.5645117,0.07593251,-0.5673554
2,191,0.006343648,-0.3181936,0.0053828373,-0.31931487,0.07089878,-0.56588775,0.07025108,-0.568838
2,192,-0.002180893,-0.31850433,-0.003062908,-0.3196622,0.06515224,-0.56670535,0.06455766,-0.569752
2,193,-0.010724679,-0.31860465,-0.011518023,-0.31979525,0.059392735,-0.5669693,0.05885793,-0.57010204
2,194,-0.019278718,-0.3184967,-0.019974178,-0.31971583,0.053626318,-0.56668526,0.053157493,-0.56989306
2,195,-0.027834013,-0.3181826,-0.02842312,-0.3194261,0.04785905,-0.5658587,0.047461923,-0.56913066
2,196,-0.03638163,-0.3176649,-0.036856685,-0.31892836,0.04209696,-0.5644966,0.041776717,-0.567821
2,197,-0.044912606,-0.31694615,-0.045266807,-0.31822518,0.03634609,-0.5626054,0.036107317,-0.5659708
2,198,-0.053418063,-0.31602916,-0.053645514,-0.31731915,0.03061242,-0.5601926,0.030459091,-0.56358683
2,199,-0.0618892,-0.31491697,-0.06198494,-0.3162132,0.024901886,-0.5572661,0.024837347,-0.5606768
2,200,-0.06985957,-0.62162083,-0.081364766,-0.882014,0.019528927,-1.3642751,0.011773087,-2.04943
2,201,-0.09582948,-0.77491385,-0.11161858,-0.87432116,0.0020221856,-1.7676245,-0.008621506,-2.0291882
2,202,-0.13101782,-0.84512943,-0.14155889,-0.8659522,-0.021698855,-1.952378,-0.02880476,-2.0071676
2,203,-0.16784729,-0.8707079,-0.17115958,-0.85692227,-0.046526205,-2.019681,-0.048759073,-1.9834077
2,204,-0.20396054,-0.87255174,-0.20039518,-0.8472474,-0.07087074,-2.0245326,-0.068467274,-1.957951
2,205,-0.23862417,-0.8623412,-0.22924083,-0.8369442,-0.094238065,-1.9976662,-0.087912604,-1.9308408
2,206,-0.27173224,-0.8464864,-0.25767234,-0.82603014,-0.11655676,-1.9559485,-0.10707875,-1.9021233
2,207,-0.30338565,-0.82837015,-0.28566623,-0.8145231,-0.13789484,-1.9082805,-0.12594989,-1.8718457
2,208,-0.33372387,-0.80967104,-0.31319967,-0.8024417,-0.15834634,-1.8590788,-0.14451064,-1.8400568
2,209,-0.36286417,-0.7911368,-0.34025067,-0.7898052,-0.17799029,-1.8103108,-0.16274616,-1.806807
2,210,-0.39088804,-0.7730303,-0.36679792,-0.77663296,-0.19688165,-1.7626685,-0.1806421,-1.7721479
2,211,-0.4178469,-0.75538033,-0.39282092,-0.7629452,-0.21505505,-1.7162273,-0.19818464,-1.7361321
2,212,-0.44377282,-0.73811734,-0.41829988,-0.7487622,-0.23253216,-1.6708044,-0.21536042,-1.6988134
2,213,-0.4686884,-0.72114074,-0.44321594,-0.73410475,-0.24932815,-1.626135,-0.23215675,-1.6602464
2,214,-0.49261335,-0.70435184,-0.46755096,-0.7189938,-0.26545635,-1.5819596,-0.24856138,-1.6204859
2,215,-0.51556855,-0.68766505,-0.49128768,-0.70345056,-0.28093085,-1.5380527,-0.2645627,-1.579588
2,216,-0.53757733,-0.6710109,-0.5144096,-0.6874965,-0.2957673,-1.4942318,-0.28014958,-1.5376092
2,217,-0.5586656,-0.6543348,-0.5369011,-0.67115295,-0.30998325,-1.450353,-0.29531148,-1.4946055
2,218,-0.5788616,-0.6375943,-0.5587475,-0.6544417,-0.32359773,-1.406305,-0.31003845,-1.4506345
2,219,-0.5981947,-0.6207568,-0.5799347,-0.63738424,-0.3366305,-1.3620017,-0.32432112,-1.4057523
2,220,-0.6166952,-0.60379684,-0.60044974,-0.6200022,-0.34910202,-1.317376,-0.33815065,-1.3600161
2,221,-0.63439304,-0.58669466,-0.6202803,-0.6023173,-0.3610324,-1.2723762,-0.35151878,-1.313483
2,222,-0.65131754,-0.569435,-0.6394151,-0.5843508,-0.37244147,-1.2269621,-0.36441785,-1.266209
2,223,-0.66749704,-0.55200607,-0.6578434,-0.56612426,-0.38334835,-1.1811025,-0.37684068,-1.2182508
2,224,-0.68295825,-0.534399,-0.6755556,-0.54765886,-0.393771,-1.1347742,-0.38878074,-1.169664
2,225,-0.69772613,-0.5166073,-0.69254273,-0.5289757,-0.40372628,-1.0879601,-0.40023208,-1.1205044
2,226,-0.7118237,-0.4986267,-0.7087967,-0.51009566,-0.41322967,-1.040649,-0.4111891,-1.0708265
2,227,-0.72527176,-0.48045516,-0.72431016,-0.49103928,-0.42229524,-0.99283546,-0.421647,-1.0206847
2,228,-0.73808885,-0.46209252,-0.7390768,-0.4718271,-0.43093544,-0.9445191,-0.43160143,-0.970133
2,229,-0.75029117,-0.4435404,-0.75309074,-0.45247918,-0.43916124,-0.89570415,-0.44104847,-0.9192242
2,230,-0.7618922,-0.42480266,-0.7663472,-0.4330154,-0.4469817,-0.84640086,-0.4499849,-0.8680105
2,231,-0.7729032,-0.40588474,-0.77884203,-0.41345537,-0.45440438,-0.7966234,-0.45840785,-0.8165435
2,232,-0.7833327,-0.38679457,-0.7905718,-0.39381832,-0.46143508,-0.7463927,-0.4663151,-0.76487386
2,233,-0.7931868,-0.3675417,-0.80153394,-0.3741232,-0.46807787,-0.695734,-0.47370484,-0.71305144
2,234,-0.8024692,-0.348138,-0.81172645,-0.35438868,-0.4743353,-0.64467835,-0.48057577,-0.66112536
2,235,-0.81118095,-0.32859725,-0.8211482,-0.33463302,-0.48020804,-0.59326214,-0.48692715,-0.6091436
2,236,-0.81932104,-0.30893534,-0.82979876,-0.31487423,-0.48569542,-0.5415271,-0.4927586,-0.5571537
2,237,-0.8268862,-0.28917027,-0.8376783,-0.29512995,-0.4907952,-0.48952058,-0.49807036,-0.50520194
2,238,-0.83387095,-0.26932168,-0.8447877,-0.2754175,-0.49550375,-0.43729436,-0.50286293,-0.45333388
2,239,-0.840268,-0.24941131,-0.85112864,-0.25575384,-0.49981612,-0.38490558,-0.5071374,-0.40159425
2,240,-0.8460685,-0.22946239,-0.8567033,-0.23615558,-0.5037263,-0.3324153,-0.5108954,-0.35002667
2,241,-0.8512621,-0.20949967,-0.8615145,-0.21663907,-0.5072274,-0.2798888,-0.5141387,-0.2986742
2,242,-0.855837,-0.18954912,-0.8655658,-0.19722028,-0.5103114,-0.22739427,-0.5168697,-0.24757887
2,243,-0.85978085,-0.16963764,-0.86886126,-0.17791486,-0.51297003,-0.17500253,-0.5190913,-0.19678183
2,244,-0.86308026,-0.149793,-0.87140566,-0.15873815,-0.51519424,-0.1227867,-0.5208065,-0.14632347
2,245,-0.8657218,-0.13004294,-0.8732043,-0.13970517,-0.5169749,-0.07081972,-0.522019,-0.09624328
2,246,-0.86769176,-0.11041579,-0.8742631,-0.12083062,-0.5183029,-0.019176127,-0.5227328,-0.04657996
2,247,-0.86897695,-0.09093925,-0.87458855,-0.10212889,-0.5191693,0.032071143,-0.52295214,0.0026286086
2,248,-0.8695645,-0.07164055,-0.8741876,-0.0836141,-0.51956534,0.0828505,-0.52268183,0.05134531
2,249,-0.8694424,-0.052546043,-0.8730678,-0.06530003,-0.51948303,0.13309258,-0.521927,0.09953388
2,250,-0.8686001,-0.033680897,-0.87123734,-0.04720019,-0.51891524,0.18273114,-0.52069306,0.14715876
2,251,-0.867028,-0.015069023,-0.8687048,-0.02932781,-0.51785547,0.23170331,-0.5189858,0.19418514
2,252,-0.86471844,0.0032673776,-0.8654793,-0.011695811,-0.51629853,0.27995062,-0.51681143,0.24057901
2,253,-0.86166555,0.02130767,-0.8615705,0.005683156,-0.51424056,0.3274188,-0.5141764,0.2863071
2,254,-0.8578654,0.039033096,-0.85698843,0.022796722,-0.5116788,0.37405854,-0.5110876,0.33133686
2,255,-0.85331607,0.05642659,-0.8517438,0.039632797,-0.50861204,0.4198248,-0.50755215,0.3756365
2,256,-0.84801817,0.07347281,-0.8458476,0.056179564,-0.50504065,0.4646774,-0.5035774,0.41917485
2,257,-0.8419745,0.09015821,-0.8393114,0.0724255,-0.5009665,0.50858057,-0.49917126,0.46192166
2,258,-0.83519024,0.106470734,-0.8321472,0.088359326,-0.4963931,0.5515026,-0.49434173,0.50384724
2,259,-0.827673,0.12239972,-0.8243672,0.10397008,-0.49132562,0.59341544,-0.48909712,0.54492277
2,260,-0.8194326,0.13793562,-0.8159845,0.119247064,-0.48577064,0.634294,-0.48344618,0.5851201
2,261,-0.8104814,0.15307006,-0.8070121,0.13417985,-0.47973648,0.6741162,-0.47739774,0.62441164
2,262,-0.80083406,0.16779526,-0.7974637,0.14875832,-0.47323304,0.71286154,-0.47096103,0.66277105
2,263,-0.79050726,0.1821041,-0.7873534,0.16297263,-0.46627158,0.75051147,-0.4641455,0.7001722
2,264,-0.7795198,0.1959899,-0.77669555,0.17681324,-0.45886475,0.7870483,-0.45696086,0.73659
2,265,-0.76789236,0.2094461,-0.7655049,0.19027095,-0.4510265,0.82245463,-0.44941705,0.7720003
2,266,-0.75564754,0.22246635,-0.7537966,0.20333679,-0.44277206,0.85671395,-0.4415243,0.80637956
2,267,-0.74280965,0.23504415,-0.741586,0.21600218,-0.43411782,0.889809,-0.43329296,0.83970517
2,268,-0.72940415,0.24717304,-0.7288891,0.22825883,-0.42508096,0.92172295,-0.42473376,0.8719553
2,269,-0.715458,0.2588464,-0.71572185,0.24009882,-0.4156796,0.9524383,-0.4158575,0.903109
2,270,-0.70099896,0.27005756,-0.70210075,0.25151452,-0.40593255,0.9819374,-0.40667528,0.9331464
2,271,-0.6860558,0.2807997,-0.68804246,0.26249874,-0.3958591,1.0102024,-0.39719835,0.9620484
2,272,-0.67065763,0.2910661,-0.67356396,0.27304456,-0.38547897,1.0372158,-0.38743815,0.98979694
2,273,-0.6548341,0.30085018,-0.65868247,0.2831455,-0.37481207,1.0629599,-0.3774063,1.0163748
2,274,-0.6386149,0.3101456,-0.6434155,0.29279542,-0.36387843,1.0874183,-0.3671146,1.041766
2,275,-0.6220297,0.31894645,-0.6277808,0.30198863,-0.3526981,1.1105754,-0.35657498,1.0659555
2,276,-0.6051079,0.32724714,-0.61179626,0.31071985,-0.3412908,1.1324165,-0.34579954,1.0889293
2,277,-0.58787847,0.3350429,-0.59548,0.31898415,-0.32967615,1.152929,-0.33480048,1.1106746
2,278,-0.5703696,0.34232965,-0.5788504,0.3267771,-0.31787312,1.1721021,-0.32359016,1.1311797
2,279,-0.55260897,0.34910405,-0.5619258,0.33409467,-0.3059004,1.1899271,-0.31218106,1.1504339
2,280,-0.5346234,0.35536376,-0.544725,0.34093332,-0.293776,1.2063978,-0.3005857,1.168428
2,281,-0.5164385,0.36110735,-0.5272666,0.34728992,-0.28151727,1.2215105,-0.2888167,1.1851537
2,282,-0.49807918,0.36633444,-0.5095696,0.35316187,-0.26914096,1.2352642,-0.27688682,1.2006041
2,283,-0.4795692,0.37104553,-0.49165288,0.358547,-0.25666308,1.2476602,-0.2648089,1.2147737
2,284,-0.46093133,0.3752421,-0.47353548,0.36344364,-0.24409899,1.2587024,-0.25259566,1.2276579
2,285,-0.4421872,0.37892663,-0.4552365,0.3678506,-0.23146325,1.2683972,-0.24026,1.2392536
2,286,-0.42335746,0.38210246,-0.4367751,0.37176725,-0.21876982,1.2767535,-0.22781487,1.2495592
2,287,-0.4044617,0.3847736,-0.41817036,0.3751934,-0.20603189,1.283782,-0.21527311,1.2585741
2,288,-0.38551873,0.3869449,-0.39944148,0.37812936,-0.19326212,1.2894951,-0.20264767,1.2662994
2,289,-0.36654624,0.38862178,-0.38060758,0.38057598,-0.18047245,1.2939074,-0.18995142,1.272737
2,290,-0.34756133,0.38981026,-0.36168766,0.38253468,-0.1676744,1.2970345,-0.17719719,1.2778908
2,291,-0.32858014,0.39051676,-0.3427008,0.38400728,-0.15487887,1.2988935,-0.16439785,1.2817656
2,292,-0.30961826,0.39074802,-0.32366592,0.38499618,-0.14209636,1.299502,-0.1515661,1.2843676
2,293,-0.2906906,0.39051136,-0.30460185,0.38550428,-0.12933691,1.2988793,-0.1387147,1.2857045
2,294,-0.27181157,0.3898139,-0.28552726,0.385535,-0.116610244,1.2970442,-0.1258562,1.2857853
2,295,-0.25299513,0.3886633,-0.26646072,0.38509223,-0.10392577,1.2940166,-0.11300314,1.2846203
2,296,-0.23425476,0.38706702,-0.24742062,0.3841804,-0.091292575,1.2898165,-0.1001679,1.2822211
2,297,-0.21560372,0.3850327,-0.2284252,0.3828044,-0.0787196,1.2844638,-0.08736277,1.2786005
2,298,-0.19705485,0.38256818,-0.20949246,0.3809696,-0.0662155,1.2779789,-0.0745999,1.2737727
2,299,-0.17862089,0.37968105,-0.1906402,0.37868193,-0.053788867,1.2703823,-0.06189128,1.2677534
2,300,-0.16031438,0.37637904,-0.17188595,0.37594762,-0.04144815,1.2616938,-0.049248733,1.2605587
2,301,-0.14214768,0.37266976,-0.15324706,0.37277353,-0.029201673,1.2519339,-0.03668395,1.2522069
2,302,-0.124133095,0.36856088,-0.13474052,0.36916682,-0.017057749,1.2411225,-0.024208385,1.2427169
2,303,-0.10628288,0.36406004,-0.11638306,0.3651352,-0.0050246255,1.2292798,-0.011833322,1.2321087
2,304,-0.08860928,0.3591749,-0.09819114,0.36068666,0.006889442,1.2164258,0.0004301498,1.2204036
2,305,-0.07112442,0.3539131,-0.08018086,0.35582972,0.018676274,1.2025808,0.0125711765,1.2076238
2,306,-0.05384052,0.34828243,-0.06236798,0.35057315,0.030327633,1.1877652,0.024579134,1.1937926
2,307,-0.036769778,0.34229064,-0.044767927,0.34492624,0.041835304,1.1719995,0.036443617,1.1789342
2,308,-0.019924365,0.33594573,-0.027395748,0.33889845,0.053191077,1.1553044,0.048154496,1.1630738
2,309,-0.0033164732,0.32925573,-0.01026612,0.33249974,0.064386725,1.1377015,0.059701856,1.1462373
2,310,0.013041709,0.32222897,0.006606678,0.32574028,0.07541405,1.1192125,0.07107609,1.1284516
2,311,0.029138032,0.31487393,0.023208767,0.31863052,0.08626484,1.0998597,0.08226783,1.1097442
2,312,0.044960413,0.3071993,0.039526686,0.31118128,0.09693097,1.0796659,0.09326801,1.0901434
2,313,0.06049682,0.29921415,0.055547398,0.3034035,0.10740432,1.0586551,0.10406784,1.0696783
2,314,0.075735345,0.2909278,0.07125829,0.2953085,0.11767686,1.0368519,0.11465881,1.0483785
2,315,0.09066419,0.28235003,0.08664722,0.2869077,0.12774065,1.0142817,0.12503274,1.0262741
2,316,0.105271816,0.27349073,0.10170247,0.2782128,0.13758789,0.9909709,0.13518173,1.0033957
2,317,0.11954686,0.26436034,0.11641278,0.26923558,0.14721093,0.9669467,0.1450982,0.9797746
2,318,0.13347818,0.25496966,0.13076736,0.2599881,0.15660226,0.9422377,0.15477484,0.95544237
2,319,0.14705504,0.24532983,0.14475591,0.25048247,0.16575465,0.91687304,0.16420476,0.9304308
2,320,0.16026698,0.23545232,0.15836859,0.2407309,0.17466103,0.890883,0.1733813,0.90477216
2,321,0.17310397,0.22534901,0.17159605,0.23074579,0.18331465,0.8642989,0.18229814,0.87849903
2,322,0.18555646,0.2150321,0.18442942,0.22053955,0.19170907,0.8371527,0.19094932,0.85164404
2,323,0.19761539,0.20451409,0.1968603,0.21012472,0.1998382,0.8094774,0.19932918,0.8242402
2,324,0.20927213,0.1938077,0.2088808,0.1995138,0.2076962,0.7813063,0.20743239,0.79632044
2,325,0.22051875,0.18292597,0.2204835,0.1887194,0.21527773,0.75267404,0.21525396,0.7679179
2,326,0.23134778,0.1718821,0.2316615,0.17775415,0.22257777,0.72361505,0.22278926,0.7390657
2,327,0.24175255,0.16068941,0.24240838,0.16663061,0.22959179,0.6941645,0.23003389,0.70979714
2,328,0.25172687,0.1493613,0.25271818,0.15536138,0.23631565,0.66435754,0.23698391,0.6801452
2,329,0.2612653,0.13791125,0.2625855,0.14395906,0.24274567,0.63422984,0.24363562,0.650143
2,330,0.27036306,0.12635271,0.27200535,0.13243614,0.24887861,0.6038167,0.24998571,0.6198236
2,331,0.27901608,0.11469905,0.28097332,0.12080509,0.25471175,0.5731532,0.25603116,0.58921957
2,332,0.2872208,0.1029636,0.28948534,0.10907833,0.2602427,0.5422745,0.26176926,0.5583638
2,333,0.29497454,0.09115942,0.297538,0.097268194,0.2654696,0.511215,0.2671977,0.52728856
2,334,0.3022752,0.079299405,0.30512825,0.08538691,0.2703911,0.4800085,0.2723144,0.49602613
2,335,0.30912122,0.06739628,0.31225356,0.073446624,0.27500612,0.44868863,0.2771177,0.46460846
2,336,0.3155118,0.05546243,0.31891188,0.061459374,0.27931413,0.41728792,0.28160617,0.43306726
2,337,0.32144657,0.043509927,0.32510155,0.049437083,0.28331485,0.38583812,0.28577873,0.4014338
2,338,0.32692584,0.03155056,0.33082148,0.03739154,0.28700852,0.35437024,0.28963464,0.3697392
2,339,0.33195034,0.019595739,0.33607098,0.025334414,0.29039562,0.32291433,0.2931734,0.33801413
2,340,0.33652145,0.007656615,0.34084985,0.01327722,0.29347706,0.2914997,0.2963949,0.30628884
2,341,0.34064075,-0.004256163,0.34515825,0.001231333,0.29625395,0.26015443,0.29929927,0.27459332
2,342,0.34431043,-0.01613219,0.3489969,-0.010792027,0.29872775,0.22890587,0.30188698,0.24295709
2,343,0.347533,-0.02796143,0.35236686,-0.022781804,0.30090013,0.19778039,0.30415872,0.2114092
2,344,0.3503113,-0.03973421,0.35526967,-0.0347271,0.30277306,0.16680346,0.30611557,0.17997834
2,345,0.35264853,-0.05144116,0.35770726,-0.046617202,0.3043486,0.13599978,0.30775878,0.14869273
2,346,0.3545481,-0.06307323,0.35968202,-0.05844156,0.30562913,0.105393104,0.30909,0.11758011
2,347,0.35601372,-0.07462171,0.36119667,-0.07018981,0.30661714,0.07500639,0.31011105,0.08666774
2,348,0.35704932,-0.08607799,0.36225444,-0.08185179,0.30731526,0.044862263,0.3108241,0.055982374
2,349,0.357659,-0.097433895,0.36285883,-0.0934175,0.30772626,0.0149822375,0.31123152,0.025550295
2,350,0.35784712,-0.10868138,0.36301386,-0.10487717,0.30785307,-0.014612504,0.31133604,-0.0046027354
2,351,0.35761818,-0.11981258,0.3627238,-0.116221175,0.30769873,-0.043901265,0.3111405,-0.03445145
2,352,0.3569768,-0.13081987,0.36199334,-0.12744014,0.30726635,-0.072864,0.31064808,-0.06397115
2,353,0.35592774,-0.14169575,0.3608276,-0.13852489,0.30655918,-0.10148097,0.30986226,-0.0931377
2,354,0.3544759,-0.15243286,0.35923195,-0.14946643,0.30558047,-0.12973279,0.3087866,-0.12192741
2,355,0.35262638,-0.16302392,0.3572122,-0.16025601,0.3043337,-0.15760031,0.30742505,-0.15031731
2,356,0.35038427,-0.17346184,0.35477436,-0.17088509,0.30282223,-0.18506491,0.30578166,-0.17828487
2,357,0.34775493,-0.18373948,0.35192493,-0.18134534,0.30104974,-0.21210776,0.3038608,-0.20580824
2,358,0.34474373,-0.19384994,0.34867063,-0.19162866,0.29901984,-0.23871072,0.30166703,-0.23286603
2,359,0.34135622,-0.20378621,0.34501857,-0.20172718,0.29673627,-0.26485536,0.29920512,-0.25943756
2,360,0.3375981,-0.21354152,0.34097603,-0.21163327,0.29420286,-0.29052383,0.29647997,-0.28550276
2,361,0.3334751,-0.2231091,0.3365507,-0.22133948,0.2914235,-0.31569836,0.2934968,-0.31104207
2,362,0.3289933,-0.23248214,0.33175057,-0.23083869,0.28840223,-0.34036097,0.29026094,-0.33603668
2,363,0.32415873,-0.24165398,0.3265838,-0.24012391,0.28514317,-0.36449423,0.28677794,-0.36046827
2,364,0.31897765,-0.2506181,0.3210589,-0.24918851,0.2816505,-0.3880809,0.28305352,-0.38431934
2,365,0.31345657,-0.25936788,0.3151846,-0.25802603,0.27792865,-0.4111036,0.27909353,-0.4075729
2,366,0.307602,-0.267897,0.30896986,-0.26663026,0.273982,-0.43354574,0.2749041,-0.43021262
2,367,0.3014208,-0.27619907,0.30242392,-0.2749953,0.26981515,-0.45539036,0.27049136,-0.45222297
2,368,0.29492,-0.28426793,0.29555628,-0.28311545,0.26543283,-0.47662142,0.26586178,-0.47358897
2,369,0.2881067,-0.2920975,0.28837654,-0.2909853,0.2608399,-0.49722284,0.2610218,-0.49429634
2,370,0.28098843,-0.29968193,0.28089458,-0.29859966,0.25604135,-0.51717925,0.25597808,-0.5143315
2,371,0.2735727,-0.30701542,0.2731205,-0.3059537,0.2510423,-0.5364753,0.25073743,-0.53368175
2,372,0.26586738,-0.3140924,0.2650645,-0.31304282,0.245848,-0.5550965,0.24530677,-0.5523348
2,373,0.25788054,-0.32090777,0.25673705,-0.31986263,0.24046394,-0.57302934,0.23969309,-0.5702793
2,374,0.24962045,-0.32745618,0.24814875,-0.3264091,0.23489566,-0.5902597,0.23390357,-0.5875046
2,375,0.24109565,-0.33373293,0.23931031,-0.3326784,0.22914895,-0.6067753,0.22794543,-0.60400057
2,376,0.23231487,-0.3397335,0.23023264,-0.3386671,0.22322969,-0.6225642,0.22182603,-0.61975825
2,377,0.22328715,-0.34545368,0.22092675,-0.3443719,0.21714395,-0.6376153,0.21555276,-0.6347689
2,378,0.21402176,-0.35088944,0.21140377,-0.34978998,0.210898,-0.65191805,0.20913318,-0.6490251
2,379,0.20452808,-0.3560372,0.20167495,-0.35491863,0.20449816,-0.665463,0.20257482,-0.66251975
2,380,0.19481587,-0.36089385,0.19175163,-0.3597555,0.197951,-0.67824197,0.19588535,-0.67524666
2,381,0.18489508,-0.36545643,0.18164524,-0.36429855,0.19126323,-0.6902472,0.18907247,-0.68720055
2,382,0.17477588,-0.36972234,0.1713673,-0.36854604,0.18444172,-0.70147175,0.18214393,-0.69837666
2,383,0.16446872,-0.3736896,0.16092935,-0.3724965,0.17749348,-0.71191055,0.17510755,-0.70877117
2,384,0.15398423,-0.3773564,0.15034303,-0.37614876,0.17042571,-0.72155875,0.16797113,-0.71838117
2,385,0.14333329,-0.38072145,0.13961999,-0.37950194,0.16324575,-0.73041296,0.16074255,-0.72720414
2,386,0.13252698,-0.38378376,0.1287719,-0.38255548,0.15596104,-0.7384706,0.15342967,-0.73523873
2,387,0.12157656,-0.38654286,0.11781049,-0.38530913,0.14857918,-0.74573046,0.14604041,-0.7424842
2,388,0.11049363,-0.3889986,0.10674744,-0.38776287,0.14110799,-0.7521921,0.13858262,-0.7489406
2,389,0.09928982,-0.3911512,0.09559447,-0.38991708,0.13355532,-0.757856,0.13106422,-0.7546088
2,390,0.0879771,-0.39300135,0.08436325,-0.3917723,0.12592924,-0.7627242,0.123493075,-0.7594903
2,391,0.076567516,-0.3945501,0.07306544,-0.39332953,0.118237846,-0.7667994,0.11587703,-0.7635878
2,392,0.0650733,-0.39579892,0.061712638,-0.39458987,0.1104894,-0.7700853,0.10822392,-0.766904
2,393,0.053506818,-0.39674956,0.050316416,-0.3955549,0.10269225,-0.77258664,0.10054154,-0.7694432
2,394,0.041880663,-0.39740428,0.03888826,-0.39622632,0.09485487,-0.7743094,0.09283764,-0.7712099
2,395,0.030207414,-0.3977654,0.027439594,-0.39660624,0.08698573,-0.77525955,0.0851199,-0.7722095
2,396,0.018499892,-0.39783597,0.015981752,-0.39669695,0.0790935,-0.7754452,0.077395976,-0.77244824
2,397,0.006770827,-0.39761907,0.0045259693,-0.3965011,0.07118674,-0.7748745,0.06967345,-0.7719329
2,398,-0.004966885,-0.39711818,-0.0069166217,-0.39602154,0.06327416,-0.7735566,0.061959807,-0.77067107
2,399,-0.016700316,-0.3963371,-0.018335009,-0.39526147,0.05536446,-0.77150136,0.05426248,-0.76867115
2,400,-0.02841663,-0.39527982,-0.029718308,-0.3942242,0.047466297,-0.76871943,0.046588816,-0.76594186
2,401,-0.040102907,-0.39395082,-0.04105577,-0.39291346,0.039588388,-0.7652225,0.038946047,-0.76249295
2,402,-0.05174636,-0.39235455,-0.052336793,-0.39133316,0.031739343,-0.7610223,0.03134132,-0.7583349
2,403,-0.06333423,-0.39049584,-0.06355094,-0.38948742,0.02392777,-0.75613165,0.02378168,-0.7534783
2,404,-0.07485396,-0.3883797,-0.074687935,-0.3873806,0.016162131,-0.75056356,0.016274048,-0.74793476
2,405,-0.08629303,-0.3860114,-0.085737675,-0.38501737,0.008450865,-0.744332,0.008825237,-0.7417165
2,406,-0.09763919,-0.38339627,-0.096690245,-0.3824025,0.0008022311,-0.737451,0.0014419294,-0.7348362
2,407,-0.108880386,-0.38053995,-0.10753593,-0.3795411,-0.0067756455,-0.7299354,-0.005869325,-0.7273072
2,408,-0.12000471,-0.3774481,-0.1182652,-0.37643838,-0.014274739,-0.7218001,-0.013102101,-0.7191432
2,409,-0.13100068,-0.37412658,-0.12886874,-0.3730998,-0.021687303,-0.7130604,-0.020250127,-0.7103587
2,410,-0.14185695,-0.37058142,-0.13933747,-0.36953098,-0.029005693,-0.7037322,-0.027307265,-0.70096827
2,411,-0.15256263,-0.36681864,-0.14966248,-0.36573777,-0.03622257,-0.69383144,-0.034267526,-0.6909874
2,412,-0.16310713,-0.36284447,-0.15983516,-0.36172614,-0.04333078,-0.68337446,-0.0411251,-0.6804319
2,413,-0.17348014,-0.35866517,-0.1698471,-0.35750222,-0.0503234,-0.67237777,-0.04787431,-0.6693178
2,414,-0.18367186,-0.35428703,-0.17969012,-0.35307235,-0.05719381,-0.6608579,-0.054509655,-0.6576618
2,415,-0.19367285,-0.34971645,-0.18935633,-0.34844294,-0.06393564,-0.64883167,-0.061025802,-0.64548075
2,416,-0.20347401,-0.34495988,-0.19883806,-0.34362063,-0.07054277,-0.636316,-0.06741759,-0.6327921
2,417,-0.21306677,-0.34002388,-0.20812789,-0.3386121,-0.0770094,-0.6233282,-0.07368002,-0.6196135
2,418,-0.22244297,-0.33491486,-0.2172187,-0.3334242,-0.08333005,-0.6098852,-0.07980829,-0.605963
2,419,-0.23159485,-0.32963943,-0.22610362,-0.32806388,-0.08949948,-0.59600437,-0.08579776,-0.5918587
2,420,-0.24051504,-0.3242041,-0.23477606,-0.32253814,-0.09551273,-0.5817027,-0.091644,-0.5773192
2,421,-0.2491967,-0.31861544,-0.24322972,-0.31685412,-0.10136518,-0.56699765,-0.097342744,-0.5623632
2,422,-0.25763345,-0.31288013,-0.25145853,-0.31101906,-0.107052535,-0.55190676,-0.10288992,-0.5470098
2,423,-0.26581922,-0.3070047,-0.25945678,-0.3050402,-0.112570696,-0.5364471,-0.10828167,-0.5312781
2,424,-0.27374846,-0.3009957,-0.26721895,-0.29892492,-0.11791593,-0.5206361,-0.113514274,-0.5151874
2,425,-0.28141597,-0.2948599,-0.2747399,-0.29268065,-0.123084724,-0.5044913,-0.11858427,-0.49875724
2,426,-0.28881696,-0.28860375,-0.28201473,-0.28631476,-0.12807386,-0.48802996,-0.12348836,-0.4820071
2,427,-0.29594707,-0.282234,-0.2890388,-0.27983478,-0.13288037,-0.4712697,-0.1282234,-0.46495676
2,428,-0.3028024,-0.27575722,-0.29580787,-0.27324826,-0.13750167,-0.45422778,-0.13278654,-0.44762608
2,429,-0.3093792,-0.2691801,-0.3023179,-0.26656264,-0.14193518,-0.4369218,-0.13717505,-0.4300347
2,430,-0.31567425,-0.26250917,-0.30856514,-0.25978556,-0.1461788,-0.41936907,-0.14138642,-0.41220263
2,431,-0.32168463,-0.25575116,-0.31454623,-0.25292453,-0.15023048,-0.4015872,-0.14541838,-0.39414966
2,432,-0.32740772,-0.24891278,-0.32025796,-0.24598709,-0.15408851,-0.38359383,-0.14926875,-0.37589565
2,433,-0.33284125,-0.24200064,-0.32569757,-0.2389808,-0.15775135,-0.36540636,-0.15293568,-0.35746047
2,434,-0.33798325,-0.2350215,-0.33086246,-0.23191318,-0.16121766,-0.34704265,-0.15641741,-0.33886394
2,435,-0.3428321,-0.22798198,-0.33575043,-0.2247917,-0.16448633,-0.32852003,-0.15971248,-0.32012567
2,436,-0.34738633,-0.22088885,-0.34035948,-0.21762386,-0.16755643,-0.30985636,-0.16281952,-0.30126542
2,437,-0.35164484,-0.21374884,-0.344688,-0.21041706,-0.17042716,-0.29106936,-0.16573744,-0.28230265
2,438,-0.35560685,-0.20656869,-0.34873456,-0.20317869,-0.17309803,-0.27217668,-0.16846529,-0.26325682
2,439,-0.35927173,-0.19935511,-0.3524981,-0.19591607,-0.17556858,-0.2531961,-0.17100237,-0.2441472
2,440,-0.36263916,-0.19211496,-0.3559778,-0.18863648,-0.17783861,-0.2341456,-0.17334808,-0.2249929
2,441,-0.3657091,-0.18485501,-0.35917318,-0.1813471,-0.17990811,-0.215043,-0.17550214,-0.20581286
2,442,-0.36848173,-0.17758206,-0.36208394,-0.17405508,-0.18177718,-0.19590615,-0.17746434,-0.18662587
2,443,-0.3709574,-0.17030284,-0.36471012,-0.16676748,-0.18344608,-0.17675284,-0.17923468,-0.16745049
2,444,-0.3731368,-0.16302423,-0.36705208,-0.15949127,-0.18491524,-0.15760113,-0.18081343,-0.1483051
2,445,-0.37502086,-0.15575306,-0.36911035,-0.15223335,-0.18618533,-0.13846901,-0.18220095,-0.12920782
2,446,-0.3766107,-0.14849609,-0.37088582,-0.1450005,-0.18725705,-0.11937424,-0.18339783,-0.11017653
2,447,-0.37790766,-0.1412601,-0.37237954,-0.13779944,-0.18813136,-0.100334674,-0.18440476,-0.09122887
2,448,-0.37891343,-0.13405189,-0.37359294,-0.13063677,-0.18880937,-0.08136819,-0.18522274,-0.07238221
2,449,-0.37962985,-0.1268782,-0.3745276,-0.123518966,-0.18929231,-0.062492557,-0.18585281,-0.05365363
2,450,-0.38005897,-0.11974576,-0.37518543,-0.11645242,-0.1895816,-0.043725453,-0.18629625,-0.035059907
2,451,-0.3802032,-0.11266124,-0.3755685,-0.10944341,-0.18967882,-0.025084445,-0.1865545,-0.016617583
2,452,-0.38006508,-0.10563131,-0.37567925,-0.102498084,-0.18958572,-0.0065870536,-0.18662916,0.0016571811
2,453,-0.37964746,-0.098662525,-0.37552026,-0.09562247,-0.18930419,0.011749426,-0.18652198,0.019748509
2,454,-0.3789534,-0.091761425,-0.37509432,-0.08882247,-0.1888363,0.029907819,-0.18623485,0.037640892
2,455,-0.37798625,-0.08493449,-0.37440455,-0.08210385,-0.18818434,0.047871076,-0.18576986,0.055319145
2,456,-0.3767496,-0.07818809,-0.3734542,-0.07547224,-0.18735069,0.06562241,-0.18512923,0.072768435
2,457,-0.37524724,-0.07152851,-0.37224683,-0.06893316,-0.18633793,0.08314531,-0.18431531,0.08997428
2,458,-0.3734832,-0.06496197,-0.3707861,-0.06249195,-0.18514876,0.1004234,-0.1833306,0.1069226
2,459,-0.37146187,-0.05849454,-0.36907595,-0.05615383,-0.18378615,0.1174407,-0.18217777,0.123599656
2,460,-0.36918774,-0.052132215,-0.36712047,-0.049923867,-0.18225312,0.13418145,-0.18085954,0.13999213
2,461,-0.36666563,-0.04588082,-0.36492404,-0.043806974,-0.18055293,0.15063033,-0.1793789,0.1560871
2,462,-0.36390048,-0.03974613,-0.36249116,-0.037807915,-0.1786889,0.1667721,-0.17773885,0.171872
2,463,-0.36089763,-0.033733692,-0.35982648,-0.0319313,-0.17666462,0.18259223,-0.17594254,0.18733473
2,464,-0.35766247,-0.02784891,-0.35693488,-0.026181577,-0.17448375,0.19807646,-0.17399326,0.2024636
2,465,-0.35420078,-0.022097062,-0.3538214,-0.020563032,-0.17215016,0.2132109,-0.17189442,0.21724728
2,466,-0.35051832,-0.01648324,-0.35049123,-0.015079794,-0.16966775,0.22798218,-0.1696495,0.23167495
2,467,-0.3466213,-0.011012323,-0.34694976,-0.00973582,-0.16704072,0.24237743,-0.16726212,0.2457362
2,468,-0.34251592,-0.005689066,-0.34320247,-0.0045349007,-0.1642732,0.25638413,-0.16473602,0.25942102
2,469,-0.33820865,-0.0005179681,-0.33925503,0.00051934086,-0.1613696,0.2699905,-0.16207498,0.27271992
2,470,-0.33370617,0.0044966303,-0.33511326,0.005423453,-0.1583344,0.28318506,-0.15928295,0.28562376
2,471,-0.3290152,0.00935065,-0.330783,0.01017416,-0.15517214,0.29595712,-0.15636386,0.298124
2,472,-0.3241427,0.014040209,-0.3262704,0.014768356,-0.1518875,0.30829644,-0.15332183,0.31021237
2,473,-0.3190957,0.018561635,-0.32158157,0.019203119,-0.14848526,0.32019335,-0.15016101,0.32188126
2,474,-0.3138815,0.022911515,-0.3167228,0.0234757,-0.14497027,0.3316389,-0.14688565,0.3331234
2,475,-0.30850723,0.027086671,-0.3117005,0.027583525,-0.1413474,0.34262472,-0.14350002,0.34393203
2,476,-0.30298045,0.031084139,-0.3065211,0.03152421,-0.1376217,0.35314298,-0.1400085,0.35430092
2,477,-0.29730856,0.034901235,-0.30119115,0.035295546,-0.13379818,0.36318663,-0.1364155,0.36422417
2,478,-0.2914991,0.038535487,-0.29571736,0.038895503,-0.12988193,0.3727492,-0.13272552,0.37369648
2,479,-0.28555974,0.04198474,-0.29010645,0.042322244,-0.12587811,0.38182497,-0.12894312,0.38271305
2,480,-0.27949813,0.045247007,-0.28436518,0.045574103,-0.12179188,0.39040875,-0.12507284,0.39126942
2,481,-0.27332196,0.04832064,-0.2785004,0.048649598,-0.11762842,0.39849618,-0.1211193,0.39936176
2,482,-0.26703897,0.05120419,-0.27251905,0.05154744,-0.11339295,0.4060835,-0.11708716,0.40698665
2,483,-0.26065686,0.05389647,-0.2664281,0.054266516,-0.10909067,0.4131675,-0.11298116,0.41414118
2,484,-0.25418338,0.056396574,-0.2602345,0.056805894,-0.104726784,0.41974586,-0.10880595,0.42082286
2,485,-0.24762629,0.058703836,-0.25394532,0.05916483,-0.10030654,0.4258168,-0.104566306,0.42702976
2,486,-0.24099328,0.06081786,-0.24756758,0.061342753,-0.09583512,0.43137926,-0.10026696,0.4327604
2,487,-0.23429208,0.06273843,-0.24110836,0.063339286,-0.09131773,0.43643275,-0.095912695,0.43801373
2,488,-0.22753027,0.06446566,-0.23457476,0.065154225,-0.086759485,0.44097748,-0.09150829,0.44278926
2,489,-0.22071551,0.06599985,-0.22797388,0.06678754,-0.08216554,0.4450143,-0.08705853,0.4470869
2,490,-0.2138553,0.06734155,-0.22131278,0.06823939,-0.07754096,0.44854462,-0.08256817,0.45090705
2,491,-0.20695713,0.06849155,-0.21459855,0.06951011,-0.072890796,0.45157054,-0.078042,0.45425057
2,492,-0.20002845,0.069450885,-0.20783824,0.0706002,-0.06822006,0.45409477,-0.07348476,0.45711887
2,493,-0.19307658,0.07022074,-0.2010389,0.07151033,-0.063533686,0.45612043,-0.06890121,0.45951366
2,494,-0.18610877,0.070802614,-0.19420753,0.07224136,-0.05883657,0.4576515,-0.06429608,0.46143714
2,495,-0.17913215,0.071198106,-0.18735111,0.0727943,-0.054133516,0.4586921,-0.05967405,0.4628921
2,496,-0.17215385,0.07140909,-0.18047656,0.07317035,-0.049429324,0.45924726,-0.055039804,0.46388155
2,497,-0.16518082,0.07143763,-0.17359078,0.073370844,-0.044728693,0.45932236,-0.050397985,0.46440908
2,498,-0.1582199,0.07128595,-0.16670056,0.07339729,-0.040036228,0.45892325,-0.045753174,0.4644787
2,499,-0.15127788,0.07095645,-0.15981267,0.07325136,-0.0353565,0.45805627,-0.041109942,0.46409467
2,500,-0.14436138,0.07045174,-0.15293382,0.07293488,-0.030693967,0.45672825,-0.036472794,0.46326196
2,501,-0.13747688,0.06977456,-0.14607063,0.07244982,-0.026053011,0.45494643,-0.031846203,0.46198565
2,502,-0.13063084,0.06892781,-0.13922961,0.07179831,-0.021437982,0.45271844,-0.027234558,0.4602714
2,503,-0.12382947,0.067914575,-0.13241725,0.070982605,-0.01685307,0.45005238,-0.02264223,0.45812508
2,504,-0.117078915,0.066738054,-0.12563989,0.07000513,-0.01230241,0.4469567,-0.018073501,0.45555308
2,505,-0.110385194,0.06540161,-0.11890378,0.06886842,-0.007790062,0.4434402,-0.01353258,0.45256215
2,506,-0.10375415,0.063908674,-0.11221511,0.067575164,-0.003319964,0.43951192,-0.0090236375,0.4491593
2,507,-0.0971915,0.06226286,-0.10557993,0.06612817,0.0011040266,0.4351814,-0.004550752,0.44535193
2,508,-0.0907028,0.060467854,-0.09900418,0.06453038,0.005478163,0.43045834,-0.000117931915,0.44114777
2,509,-0.084293485,0.058527496,-0.09249368,0.06278484,0.009798789,0.4253528,0.004270901,0.43655485
2,510,-0.077968836,0.05644569,-0.086054154,0.060894746,0.014062339,0.4198751,0.008611893,0.4315816
2,511,-0.07173396,0.054226425,-0.079691164,0.058863368,0.018265372,0.4140357,0.012901289,0.42623657
2,512,-0.06559381,0.051873792,-0.07341017,0.056694105,0.02240455,0.40784535,0.017135412,0.42052874
2,513,-0.0595532,0.049391974,-0.06721648,0.05439046,0.026476623,0.40131512,0.021310681,0.4144673
2,514,-0.053616777,0.046785206,-0.061115265,0.051956028,0.030478463,0.39445612,0.025423609,0.40806174
2,515,-0.047789015,0.044057798,-0.055111565,0.0493945,0.034407053,0.3872797,0.029470803,0.4013218
2,516,-0.042074215,0.041214097,-0.049210265,0.04670966,0.038259495,0.37979722,0.033448964,0.39425734
2,517,-0.036476552,0.038258556,-0.04341611,0.043905366,0.042032972,0.3720205,0.0373549,0.38687858
2,518,-0.03099999,0.035195608,-0.037733674,0.04098557,0.04572481,0.3639612,0.041185524,0.37919593
2,519,-0.025648355,0.03202976,-0.032167394,0.037954282,0.04933244,0.35563114,0.044937845,0.37121993
2,520,-0.020425275,0.028765563,-0.026721543,0.0348156,0.052853405,0.34704226,0.048608985,0.3629613
2,521,-0.0153342225,0.025407571,-0.02140024,0.03157367,0.056285363,0.3382066,0.052196164,0.35443103
2,522,-0.01037851,0.021960355,-0.016207421,0.02823271,0.059626095,0.32913616,0.055696726,0.3456402
2,523,-0.00556124,0.01842856,-0.011146871,0.02479698,0.0628735,0.3198432,0.059108127,0.3366
2,524,-0.00088539347,0.014816772,-0.0062222057,0.021270795,0.066025555,0.31033975,0.062427923,0.3273218
2,525,0.003646262,0.011129614,-0.0014368688,0.017658513,0.06908043,0.300638,0.0656538,0.31781703
2,526,0.008031111,0.007371731,0.003205864,0.013964539,0.07203632,0.29075015,0.068783544,0.30809733
2,527,0.012266707,0.0035477132,0.0077028903,0.010193304,0.074891604,0.28068826,0.07181506,0.29817435
2,528,0.016350824,-0.00033782795,0.012051282,0.0063492744,0.07764477,0.27046448,0.074746385,0.2880598
2,529,0.020281333,-0.004280284,0.016248286,0.0024369378,0.0802944,0.26009098,0.077575654,0.27776554
2,530,0.024056312,-0.008275095,0.020291321,-0.0015391951,0.08283917,0.2495797,0.080301136,0.26730344
2,531,0.027674023,-0.012317687,0.024177987,-0.0055745994,0.08527793,0.23894271,0.08292119,0.25668535
2,532,0.031132888,-0.016403537,0.027906062,-0.009664739,0.08760961,0.22819188,0.085434355,0.24592324
2,533,0.03443144,-0.020528141,0.03147349,-0.013805071,0.08983322,0.21733908,0.087839216,0.23502906
2,534,0.037568484,-0.024687033,0.034878414,-0.017991051,0.09194795,0.20639609,0.09013453,0.22401477
2,535,0.040542882,-0.028875794,0.038119126,-0.02221814,0.09395304,0.19537449,0.092319146,0.21289232
2,536,0.043353755,-0.033090036,0.041194122,-0.026481804,0.0958479,0.18428583,0.09439206,0.20167363
2,537,0.046000306,-0.03732538,0.044102054,-0.03077752,0.09763198,0.17314167,0.096352346,0.1903706
2,538,0.048481893,-0.041577544,0.046841763,-0.03510078,0.09930486,0.16195324,0.09819922,0.1789951
2,539,0.05079813,-0.04584231,0.04941226,-0.039447103,0.10086628,0.15073165,0.09993204,0.16755892
2,540,0.052948665,-0.050115433,0.051812734,-0.043812018,0.10231599,0.13948809,0.10155024,0.15607382
2,541,0.054933358,-0.054392796,0.054042544,-0.048191104,0.1036539,0.12823334,0.10305339,0.14455144
2,542,0.0567522,-0.058670256,0.056101225,-0.05257995,0.10488001,0.116978355,0.10444117,0.13300337
2,543,0.05840535,-0.06294383,0.05798848,-0.056974195,0.10599443,0.10573359,0.105713405,0.12144109
2,544,0.059893083,-0.06720954,0.05970418,-0.061369512,0.10699733,0.09450952,0.106869996,0.109875984
2,545,0.061215837,-0.071463466,0.061248373,-0.06576162,0.10788902,0.08331646,0.10791096,0.09831934
2,546,0.062374163,-0.07570176,0.062621266,-0.070146285,0.10866987,0.07216453,0.10883644,0.08678226
2,547,0.06336878,-0.07992062,0.06382322,-0.07451932,0.10934036,0.061063726,0.10964671,0.07527579
2,548,0.064200535,-0.084116355,0.064854786,-0.0788766,0.109901056,0.050023776,0.1103421,0.06381078
2,549,0.06487037,-0.08828533,0.06571665,-0.08321406,0.110352606,0.039054237,0.11092309,0.05239792
2,550,0.06537938,-0.0924239,0.06640966,-0.08752768,0.110695735,0.028164692,0.11139026,0.04104779
2,551,0.06572883,-0.09652862,0.06693484,-0.09181351,0.11093131,0.017364226,0.1117443,0.029770765
2,552,0.065919995,-0.10059604,0.06729333,-0.09606767,0.11106017,0.006661899,0.11198596,0.018577099
2,553,0.0659544,-0.104622826,0.06748645,-0.10028635,0.111083366,-0.0039335066,0.11211614,0.007476767
2,554,0.0658336,-0.10860559,0.067515664,-0.104465805,0.11100193,-0.01441309,0.112135835,-0.003520348
2,555,0.06555933,-0.11254124,0.06738257,-0.108602375,0.110817045,-0.024768699,0.112046115,-0.014404622
2,556,0.06513336,-0.11642659,0.0670889,-0.112692475,0.11052989,-0.03499194,0.11184815,-0.025166625
2,557,0.06455764,-0.12025854,0.06663656,-0.116732605,0.11014179,-0.045074694,0.11154322,-0.03579714
2,558,0.06383422,-0.124034196,0.06602755,-0.120719336,0.10965412,-0.05500932,0.11113268,-0.046287153
2,559,0.0629652,-0.12775059,0.06526403,-0.12464934,0.1090683,-0.06478801,0.11061798,-0.0566279
2,560,0.061952863,-0.13140498,0.064348266,-0.12851936,0.10838586,-0.07440356,0.11000065,-0.06681082
2,561,0.060799535,-0.13499455,0.063282676,-0.13232623,0.10760839,-0.08384855,0.10928231,-0.076827586
2,562,0.059507664,-0.13851674,0.062069774,-0.1360669,0.10673752,-0.093116246,0.10846467,-0.086670145
2,563,0.058079813,-0.14196892,0.060712207,-0.13973838,0.10577498,-0.10219973,0.10754952,-0.09633067
2,564,0.056518596,-0.14534864,0.05921273,-0.14333782,0.10472254,-0.11109256,0.1065387,-0.10580162
2,565,0.054826748,-0.1486535,0.057574213,-0.1468624,0.10358203,-0.11978843,0.10543414,-0.11507562
2,566,0.053007085,-0.15188125,0.055799626,-0.15030947,0.10235537,-0.12828137,0.10423786,-0.124145664
2,567,0.051062513,-0.15502958,0.053892046,-0.15367645,0.1010445,-0.13656536,0.10295194,-0.13300496
2,568,0.048996028,-0.15809646,0.05185465,-0.15696083,0.09965145,-0.14463504,0.1015785,-0.14164692
2,569,0.046810728,-0.16107984,0.049690712,-0.16016027,0.098178305,-0.152485,0.10011975,-0.1500654
2,570,0.044509728,-0.16397776,0.047403585,-0.16327249,0.09662715,-0.16011009,0.09857796,-0.15825436
2,571,0.042096283,-0.1667884,0.04499672,-0.16629532,0.09500022,-0.16750553,0.09695545,-0.16620813
2,572,0.039573703,-0.16950999,0.042473648,-0.1692267,0.0932997,-0.17466667,0.0952546,-0.17392129
2,573,0.036945354,-0.17214093,0.039837975,-0.1720647,0.091527894,-0.18158928,0.09347785,-0.18138872
2,574,0.034214694,-0.17467962,0.037093382,-0.17480747,0.0896871,-0.18826917,0.09162768,-0.18860558
2,575,0.031385247,-0.1771246,0.03424362,-0.1774533,0.08777973,-0.19470249,0.0897066,-0.19556735
2,576,0.028460588,-0.17947453,0.031292506,-0.18000053,0.08580817,-0.2008857,0.087717205,-0.20226972
2,577,0.025444325,-0.18172818,0.028243922,-0.18244767,0.08377486,-0.20681557,0.085662104,-0.20870872
2,578,0.022340205,-0.18388432,0.025101796,-0.18479332,0.08168232,-0.21248887,0.08354396,-0.21488066
2,579,0.019151974,-0.18594196,0.02187012,-0.18703622,0.07953308,-0.217903,0.08136542,-0.22078224
2,580,0.015883397,-0.18790007,0.018552925,-0.18917516,0.07732967,-0.22305523,0.07912925,-0.22641028
2,581,0.012538385,-0.18975788,0.015154288,-0.19120911,0.07507475,-0.22794357,0.07683817,-0.23176208
2,582,0.009120796,-0.19151455,0.011678327,-0.1931371,0.07277089,-0.23256578,0.074494965,-0.23683506
2,583,0.0056346096,-0.1931695,0.0081291925,-0.1949583,0.0704208,-0.23692034,0.072102435,-0.24162707
2,584,0.0020837523,-0.19472209,0.004511069,-0.19667198,0.06802711,-0.24100554,0.069663405,-0.24613616
2,585,-0.0015277267,-0.19617188,0.00082816475,-0.19827753,0.06559255,-0.24482028,0.06718069,-0.25036076
2,586,-0.0051957928,-0.19751859,-0.0029152895,-0.19977446,0.06311984,-0.24836378,0.064657174,-0.2542995
2,587,-0.008916352,-0.19876195,-0.0067150453,-0.20116234,0.060611755,-0.25163537,0.06209569,-0.25795135
2,588,-0.012685355,-0.19990176,-0.010566842,-0.20244093,0.05807101,-0.25463447,0.059499133,-0.2613156
2,589,-0.016498659,-0.20093797,-0.014466408,-0.20361003,0.0555004,-0.25736097,0.05687037,-0.26439178
2,590,-0.020352148,-0.20187066,-0.018409468,-0.20466958,0.052902702,-0.2598151,0.054212295,-0.2671797
2,591,-0.024241652,-0.20269997,-0.02239175,-0.20561963,0.05028072,-0.26199722,0.05152777,-0.26967952
2,592,-0.028163064,-0.20342612,-0.026408978,-0.20646033,0.04763723,-0.26390788,0.04881969,-0.27189156
2,593,-0.03211223,-0.20404951,-0.03045689,-0.20719193,0.044975035,-0.26554817,0.046090927,-0.2738166
2,594,-0.036084987,-0.20457053,-0.034531236,-0.20781478,0.042296935,-0.26691908,0.043344345,-0.27545547
2,595,-0.04007721,-0.20498967,-0.038627777,-0.20832936,0.03960571,-0.26802194,0.040582795,-0.27680945
2,596,-0.04408476,-0.20530763,-0.0427423,-0.20873623,0.036904152,-0.26885858,0.037809126,-0.27787998
2,597,-0.048103523,-0.20552504,-0.04687061,-0.20903604,0.03419504,-0.2694306,0.035026163,-0.27866885
2,598,-0.0521294,-0.2056428,-0.05100855,-0.20922956,0.03148113,-0.2697405,0.032236714,-0.27917805
2,599,-0.05615832,-0.20566174,-0.05515198,-0.20931765,0.028765168,-0.26979032,0.029443558,-0.27940986
2,600,-0.060186245,-0.20558283,-0.059296805,-0.20930128,0.026049877,-0.26958266,0.026649462,-0.27936676
2,601,-0.06420915,-0.20540717,-0.063438974,-0.20918147,0.023337971,-0.26912048,0.023857158,-0.27905154
2,602,-0.06822308,-0.2051359,-0.067574464,-0.20895937,0.020632112,-0.2684067,0.021069357,-0.27846715
2,603,-0.072224095,-0.20477024,-0.07169931,-0.20863622,0.017934963,-0.26744455,0.018288732,-0.27761686
2,604,-0.07620829,-0.20431146,-0.07580959,-0.20821331,0.01524915,-0.2662374,0.015517922,-0.2765041
2,605,-0.08017184,-0.20376095,-0.07990144,-0.20769206,0.012577259,-0.2647889,0.012759537,-0.27513254
2,606,-0.08411095,-0.20312022,-0.08397105,-0.20707396,0.009921837,-0.26310298,0.010016145,-0.27350616
2,607,-0.088021934,-0.2023907,-0.08801468,-0.20636053,0.0072853803,-0.26118344,0.007290272,-0.271629
2,608,-0.09190105,-0.20157409,-0.092028625,-0.20555347,0.0046704053,-0.25903475,0.004584404,-0.26950544
2,609,-0.095744774,-0.20067202,-0.09600927,-0.20465447,0.002079287,-0.25666118,0.0019009862,-0.26713994
2,610,-0.0995495,-0.1996862,-0.09995306,-0.20366532,-0.00048554307,-0.25406727,-0.00075758994,-0.26453725
2,611,-0.10331181,-0.19861843,-0.10385652,-0.20258787,-0.0030217746,-0.25125772,-0.003388974,-0.26170224
2,612,-0.107028306,-0.19747056,-0.107716225,-0.20142408,-0.005527128,-0.24823742,-0.0059908656,-0.25864002
2,613,-0.11069569,-0.19624454,-0.11152886,-0.20017593,-0.007999372,-0.24501146,-0.008561024,-0.25535586
2,614,-0.11431077,-0.19494233,-0.115291156,-0.19884546,-0.010436358,-0.24158505,-0.011097251,-0.2518551
2,615,-0.117870346,-0.19356588,-0.11899996,-0.19743484,-0.012835925,-0.23796329,-0.013597416,-0.24814343
2,616,-0.12137142,-0.19211735,-0.122652166,-0.1959462,-0.015196056,-0.23415187,-0.01605943,-0.24422647
2,617,-0.12481101,-0.19059882,-0.12624478,-0.1943818,-0.017514741,-0.23015626,-0.018481273,-0.24011017
2,618,-0.12818624,-0.18901245,-0.1297749,-0.19274391,-0.01979004,-0.22598217,-0.020860981,-0.2358005
2,619,-0.13149436,-0.18736047,-0.13323969,-0.19103487,-0.022020098,-0.22163542,-0.023196653,-0.23130362
2,620,-0.13473272,-0.1856451,-0.13663642,-0.18925706,-0.024203133,-0.2171219,-0.025486447,-0.22662579
2,621,-0.13789873,-0.18386868,-0.13996246,-0.18741289,-0.026337389,-0.2124477,-0.027728587,-0.22177334
2,622,-0.14098991,-0.18203348,-0.14321525,-0.18550485,-0.028421208,-0.20761888,-0.029921345,-0.21675287
2,623,-0.14400393,-0.1801419,-0.14639238,-0.18353543,-0.030453004,-0.20264168,-0.032063097,-0.21157084
2,624,-0.1469385,-0.1781963,-0.14949147,-0.18150716,-0.03243125,-0.19752236,-0.03415225,-0.206234
2,625,-0.14979146,-0.17619914,-0.15251029,-0.17942262,-0.034354478,-0.19226737,-0.03618728,-0.20074908
2,626,-0.15256082,-0.17415276,-0.15544668,-0.1772844,-0.036221344,-0.18688288,-0.03816675,-0.19512296
2,627,-0.15524459,-0.17205976,-0.15829861,-0.17509513,-0.03803052,-0.18137571,-0.040089287,-0.18936247
2,628,-0.15784097,-0.16992256,-0.16106413,-0.17285746,-0.03978078,-0.17575224,-0.04195357,-0.18347465
2,629,-0.16034825,-0.16774367,-0.16374141,-0.17057407,-0.041470982,-0.17001908,-0.043758363,-0.17746651
2,630,-0.16276482,-0.16552562,-0.16632871,-0.16824761,-0.043100026,-0.16418286,-0.045502506,-0.17134506
2,631,-0.16508916,-0.16327092,-0.16882442,-0.16588083,-0.044666905,-0.15825023,-0.047184903,-0.1651175
2,632,-0.16731994,-0.16098216,-0.17122701,-0.1634764,-0.046170708,-0.15222798,-0.04880453,-0.15879089
2,633,-0.16945587,-0.15866192,-0.17353505,-0.16103707,-0.047610577,-0.14612287,-0.050360415,-0.15237246
2,634,-0.1714958,-0.1563127,-0.17574723,-0.15856557,-0.048985723,-0.13994156,-0.051851686,-0.14586936
2,635,-0.17343864,-0.1539371,-0.17786238,-0.1560646,-0.050295424,-0.13369079,-0.05327754,-0.13928874
2,636,-0.17528352,-0.15153772,-0.17987937,-0.15353695,-0.05153909,-0.12737745,-0.054637227,-0.13263789
2,637,-0.17702961,-0.1491171,-0.18179722,-0.1509853,-0.05271616,-0.12100825,-0.05593008,-0.12592392
2,638,-0.17867619,-0.1466778,-0.18361506,-0.14841242,-0.053826142,-0.11458991,-0.057155516,-0.11915408
2,639,-0.18022265,-0.14422242,-0.18533209,-0.145821,-0.054868635,-0.108129226,-0.058312997,-0.112335466
2,640,-0.1816685,-0.14175354,-0.18694767,-0.14321378,-0.055843312,-0.10163302,-0.05940209,-0.10547525
2,641,-0.1830134,-0.13927364,-0.18846121,-0.14059344,-0.056749925,-0.09510784,-0.06042239,-0.098580524
2,642,-0.18425702,-0.1367853,-0.18987226,-0.13796267,-0.05758827,-0.088560425,-0.061373603,-0.09165836
2,643,-0.18539923,-0.13429107,-0.19118047,-0.13532414,-0.05835826,-0.08199753,-0.062255483,-0.08471577
2,644,-0.18643998,-0.1317934,-0.19238558,-0.13268049,-0.05905984,-0.075425565,-0.063067876,-0.07775972
2,645,-0.18737927,-0.12929483,-0.19348745,-0.13003437,-0.059693035,-0.06885126,-0.06381066,-0.070797175
2,646,-0.1882173,-0.1267978,-0.19448604,-0.12738837,-0.060257964,-0.06228099,-0.06448382,-0.063834935
2,647,-0.18895426,-0.12430476,-0.19538137,-0.12474508,-0.060754765,-0.055721227,-0.065087385,-0.056879815
2,648,-0.18959056,-0.121818155,-0.19617364,-0.122107014,-0.061183702,-0.049178403,-0.065621465,-0.049938455
2,649,-0.19012661,-0.11934036,-0.19686307,-0.11947672,-0.061545063,-0.04265875,-0.06608622,-0.043017544
2,650,-0.190563,-0.11687374,-0.19745004,-0.11685667,-0.061839234,-0.036168505,-0.06648191,-0.036123592
2,651,-0.19090034,-0.11442064,-0.19793497,-0.11424933,-0.062066644,-0.02971382,-0.066808805,-0.02926306
2,652,-0.19113937,-0.111983374,-0.19831842,-0.1116571,-0.062227778,-0.023300815,-0.067067295,-0.022442307
2,653,-0.19128092,-0.1095642,-0.19860102,-0.10908235,-0.062323198,-0.016935406,-0.0672578,-0.015667545
2,654,-0.19132595,-0.10716534,-0.19878352,-0.106527425,-0.062353555,-0.010623441,-0.06738082,-0.008944949
2,655,-0.19127539,-0.10478899,-0.1988667,-0.10399461,-0.062319472,-0.0043707197,-0.067436896,-0.0022805193
2,656,-0.19113038,-0.10243729,-0.1988515,-0.101486154,-0.062221725,0.0018171514,-0.06742665,0.0043198047
2,657,-0.19089213,-0.10011235,-0.19873889,-0.09900426,-0.062061112,0.007934604,-0.06735074,0.01085024
2,658,-0.19056185,-0.09781623,-0.19852996,-0.096551076,-0.061838463,0.013976228,-0.0672099,0.01730514
2,659,-0.1901409,-0.095550954,-0.19822587,-0.0941287,-0.061554696,0.01993669,-0.067004904,0.023678975
2,660,-0.18963072,-0.09331845,-0.19782788,-0.0917392,-0.06121077,0.025810933,-0.06673661,0.029966298
2,661,-0.18903276,-0.09112066,-0.19733727,-0.089384556,-0.060807683,0.03159382,-0.066405885,0.036161914
2,662,-0.1883486,-0.08895941,-0.19675548,-0.08706673,-0.06034648,0.037280567,-0.066013694,0.042260647
2,663,-0.1875799,-0.08683658,-0.19608398,-0.084787615,-0.05982828,0.04286624,-0.06556102,0.048257533
2,664,-0.18672836,-0.08475384,-0.19532429,-0.082549036,-0.059254244,0.0483464,-0.0650489,0.054147754
2,665,-0.18579572,-0.08271293,-0.19447805,-0.080352776,-0.05862554,0.0537165,-0.06447844,0.05992662
2,666,-0.18478383,-0.08071546,-0.19354695,-0.07820055,-0.057943407,0.05897231,-0.06385077,0.06558963
2,667,-0.1836946,-0.07876301,-0.19253272,-0.076094024,-0.057209138,0.06410967,-0.06316706,0.071132384
2,668,-0.18252994,-0.07685709,-0.19143718,-0.07403479,-0.05642402,0.06912458,-0.06242854,0.076550715
2,669,-0.1812919,-0.07499918,-0.19026221,-0.07202438,-0.055589434,0.074013166,-0.061636474,0.08184055
2,670,-0.1799825,-0.073190644,-0.18900977,-0.070064284,-0.05470675,0.07877185,-0.06079218,0.08699803
2,671,-0.17860387,-0.071432784,-0.18768181,-0.06815589,-0.053777393,0.08339719,-0.05989698,0.092019446
2,672,-0.17715813,-0.069726884,-0.1862804,-0.06630057,-0.052802797,0.087885804,-0.05895227,0.09690123
2,673,-0.17564751,-0.06807412,-0.18480763,-0.06449959,-0.051784463,0.092234604,-0.05795945,0.10164004
2,674,-0.17407423,-0.06647563,-0.18326564,-0.06275417,-0.050723888,0.096440606,-0.05691997,0.106232636
2,675,-0.17244054,-0.06493245,-0.18165663,-0.061065454,-0.04962259,0.10050107,-0.055835307,0.110676035
2,676,-0.17074879,-0.06344561,-0.17998283,-0.059434533,-0.04848215,0.104413286,-0.05470697,0.11496737
2,677,-0.1690013,-0.062015984,-0.17824651,-0.057862423,-0.04730414,0.10817497,-0.053536493,0.11910395
2,678,-0.16720045,-0.06064443,-0.17645001,-0.056350075,-0.046090156,0.11178385,-0.052325442,0.12308329
2,679,-0.16534859,-0.05933171,-0.17459565,-0.054898366,-0.04484179,0.115237914,-0.051075388,0.12690307
2,680,-0.16344821,-0.0580786,-0.17268583,-0.053508114,-0.043560717,0.118535146,-0.049787946,0.13056114
2,681,-0.1615017,-0.05688567,-0.17072296,-0.052180067,-0.042248543,0.121674016,-0.04846474,0.13405555
2,682,-0.15951154,-0.05575351,-0.16870947,-0.0509149,-0.04090694,0.12465299,-0.047107417,0.1373845
2,683,-0.1574802,-0.05468261,-0.16664785,-0.049713224,-0.03953758,0.12747078,-0.045717645,0.14054638
2,684,-0.15541016,-0.05367342,-0.16454056,-0.048575588,-0.03814213,0.1301262,-0.044297084,0.14353977
2,685,-0.1533039,-0.052726295,-0.16239013,-0.047502458,-0.036722273,0.1326183,-0.042847443,0.14636342
2,686,-0.15116398,-0.051841516,-0.16019908,-0.04649425,-0.035279714,0.13494636,-0.04137042,0.14901625
2,687,-0.14899284,-0.0510193,-0.15796995,-0.0455513,-0.03381611,0.1371098,-0.039867733,0.15149736
2,688,-0.14679301,-0.050259817,-0.15570529,-0.044673882,-0.03233317,0.13910817,-0.038341083,0.15380606
2,689,-0.14456701,-0.049563136,-0.15340766,-0.043862205,-0.030832589,0.1409413,-0.03679222,0.15594177
2,690,-0.14231732,-0.048929278,-0.15107964,-0.043116413,-0.029316038,0.14260913,-0.03522286,0.15790412
2,691,-0.14004646,-0.048358213,-0.1487238,-0.042436574,-0.027785212,0.14411174,-0.033634745,0.15969294
2,692,-0.1377569,-0.047849793,-0.14634271,-0.041822698,-0.02624178,0.1454495,-0.032029614,0.16130818
2,693,-0.13545112,-0.04740386,-0.14393893,-0.041274738,-0.024687417,0.14662285,-0.030409187,0.16274999
2,694,-0.1331316,-0.04702018,-0.14151506,-0.040792573,-0.023123784,0.1476324,-0.028775219,0.16401869
2,695,-0.13080075,-0.046698432,-0.13907366,-0.04037602,-0.021552527,0.148479,-0.027129427,0.16511473
2,696,-0.12846105,-0.046438273,-0.13661726,-0.040024832,-0.019975293,0.14916354,-0.025473528,0.1660388
2,697,-0.12611488,-0.046239223,-0.13414843,-0.03973871,-0.0183937,0.14968729,-0.023809254,0.16679163
2,698,-0.123764604,-0.04610085,-0.1316697,-0.039517287,-0.016809342,0.15005137,-0.022138298,0.16737425
2,699,-0.12141262,-0.046022613,-0.12918359,-0.039360136,-0.015223831,0.15025724,-0.020462371,0.16778776
2,700,-0.12028611,0.44217327,-0.11190935,0.71687144,-0.0144644305,1.4348137,-0.008817522,2.1576083
2,701,-0.09266882,0.6373071,-0.08006118,0.70863986,0.0041528405,1.9482561,0.012651854,2.1359491
2,702,-0.058936957,0.7217652,-0.048548233,0.699698,0.026892042,2.170485,0.033895254,2.112421
2,703,-0.02415352,0.7465347,-0.017397907,0.6900619,0.05034013,2.2356591,0.0548942,2.0870662
2,704,0.010144908,0.7399459,0.013363034,0.6797488,0.073461264,2.2183225,0.07563066,2.05993
2,705,0.043535274,0.71825534,0.043708503,0.66877633,0.095970266,2.1612496,0.09608704,2.031059
2,706,0.075910434,0.690747,0.07361312,0.6571632,0.11779489,2.0888689,0.11624624,2.000502
2,707,0.10725638,0.6624459,0.103052266,0.6449286,0.13892572,2.0144022,0.13609165,1.96831
2,708,0.13758807,0.6357575,0.13200206,0.6320923,0.1593728,1.9441787,0.15560718,1.9345348
2,709,0.16693282,0.6115454,0.1604394,0.6186748,0.17915459,1.880471,0.17477727,1.8992302
2,710,0.19532834,0.58983916,0.18834203,0.6046971,0.19829646,1.823357,0.19358689,1.8624517
2,711,0.22282176,0.5702754,0.2156885,0.5901805,0.21683022,1.7718803,0.21202159,1.8242551
2,712,0.2494667,0.5523558,0.24245818,0.57514685,0.23479202,1.7247295,0.23006746,1.7846981
2,713,0.27531835,0.5355837,0.26863134,0.5596182,0.25221905,1.6805981,0.24771123,1.7438385
2,714,0.30042797,0.5195268,0.29418907,0.5436169,0.26914588,1.6383488,0.2649401,1.7017354
2,715,0.32483885,0.5038378,0.31911337,0.52716565,0.28560165,1.5970675,0.281742,1.6584485
2,716,0.3485838,0.48825294,0.34338716,0.5102871,0.3016085,1.5560601,0.29810536,1.614037
2,717,0.37168428,0.47257972,0.36699414,0.49300426,0.31718093,1.5148202,0.3140192,1.5685619
2,718,0.39415076,0.4566838,0.389919,0.47533998,0.33232594,1.4729943,0.32947326,1.5220829
2,719,0.4159841,0.4404749,0.4121473,0.4573172,0.34704414,1.4303448,0.34445772,1.4746609
2,720,0.43717712,0.4238958,0.43366554,0.43895885,0.3613307,1.3867215,0.35896352,1.4263558
2,721,0.45771644,0.4069134,0.45446104,0.42028782,0.3751766,1.3420368,0.37298208,1.377228
2,722,0.4775842,0.38951242,0.474522,0.40132678,0.3885698,1.2962508,0.38650548,1.3273371
2,723,0.49675974,0.3716904,0.4938376,0.38209835,0.40149635,1.249357,0.39952645,1.2767427
2,724,0.51522064,0.3534546,0.5123978,0.36262494,0.41394112,1.2013743,0.4120382,1.2255037
2,725,0.5329444,0.3348199,0.5301935,0.3429287,0.425889,1.1523422,0.42403457,1.1736783
2,726,0.5499089,0.31580704,0.5472164,0.32303166,0.43732503,1.102315,0.43551,1.1213245
2,727,0.5660932,0.29644144,0.56345916,0.30295542,0.44823515,1.0513595,0.4464595,1.0684993
2,728,0.5814786,0.27675244,0.57891506,0.28272146,0.4586067,0.9995532,0.45687857,1.015259
2,729,0.5960487,0.2567724,0.5935785,0.2623508,0.46842867,0.9469811,0.46676347,0.96165913
2,730,0.60978967,0.23653604,0.6074445,0.24186426,0.47769165,0.8937345,0.47611076,0.90775436
2,731,0.6226909,0.21607973,0.62050897,0.22128227,0.4863886,0.8399092,0.48491773,0.85359836
2,732,0.6347447,0.19544074,0.6327685,0.20062493,0.49451426,0.7856033,0.4931821,0.79924405
2,733,0.64594674,0.17465688,0.6442206,0.17991197,0.5020657,0.7309161,0.5009021,0.74474347
2,734,0.6562954,0.15376529,0.6548634,0.15916277,0.50904197,0.6759455,0.5080766,0.6901475
2,735,0.66579235,0.1328025,0.664696,0.13839634,0.515444,0.62078756,0.5147049,0.6355062
2,736,0.6744418,0.11180335,0.6737179,0.11763133,0.52127475,0.56553394,0.52078676,0.5808687
2,737,0.6822504,0.090801105,0.6819297,0.096886024,0.5265386,0.51027215,0.5263224,0.52628297
2,738,0.68922687,0.06982644,0.6893324,0.07617831,0.5312416,0.45508295,0.53131276,0.47179618
2,739,0.695382,0.04890797,0.6959279,0.055525757,0.53539085,0.40004158,0.53575885,0.4174545
2,740,0.7007277,0.028071437,0.7017186,0.034945533,0.5389945,0.34521586,0.5396625,0.36330318
2,741,0.705277,0.0073402114,0.7067077,0.014454463,0.54206127,0.29066718,0.54302573,0.30938643
2,742,0.70904404,-0.013265174,0.710899,-0.005930984,0.54460067,0.23644964,0.5458511,0.25574762
2,743,0.71204305,-0.03372654,0.71429694,-0.02619468,0.54662234,0.18261105,0.5481417,0.20242912
2,744,0.71428835,-0.054028038,0.71690655,-0.046320844,0.54813594,0.12919311,0.5499009,0.14947252
2,745,0.71579456,-0.07415591,0.71873355,-0.06629403,0.5491513,0.07623201,0.5511325,0.09691844
2,746,0.71657544,-0.094098195,0.71978414,-0.0860991,0.5496777,0.023759235,0.5518407,0.044806704
2,747,0.7166447,-0.113844514,0.7200653,-0.10572127,0.5497244,-0.028197905,0.55203027,-0.0068237744
2,748,0.71601516,-0.13338573,0.7195843,-0.12514605,0.5493,-0.07961538,0.551706,-0.057934854
2,749,0.7146989,-0.15271375,0.7183492,-0.14435923,0.5484127,-0.13047186,0.55087346,-0.10848919
2,750,0.71270734,-0.1718211,0.7163685,-0.16334696,0.54707015,-0.18074775,0.5495382,-0.15845032
2,751,0.71005106,-0.19070077,0.7136513,-0.18209563,0.5452795,-0.23042452,0.5477065,-0.20778242
2,752,0.70673954,-0.209346,0.7102072,-0.20059194,0.5430472,-0.27948445,0.54538476,-0.25645047
2,753,0.7027819,-0.22774982,0.7060463,-0.21882288,0.5403793,-0.32790917,0.5425798,-0.30442032
2,754,0.6981862,-0.24590507,0.70117915,-0.23677571,0.5372812,-0.37567985,0.53929883,-0.35165837
2,755,0.69296014,-0.2638042,0.6956169,-0.25443795,0.5337582,-0.42277658,0.5355492,-0.39813182
2,756,0.6871104,-0.28143892,0.6893711,-0.27179745,0.52981484,-0.46917763,0.5313388,-0.44380867
2,757,0.6806438,-0.2988004,0.6824539,-0.28884226,0.5254556,-0.51485974,0.5266758,-0.48865753
2,758,0.67356646,-0.31587887,0.67487764,-0.3055608,0.52068466,-0.5597971,0.52156854,-0.5326479
2,759,0.66588426,-0.33266354,0.66665536,-0.3219416,0.51550597,-0.60396147,0.5160258,-0.5757496
2,760,0.65760314,-0.34914282,0.65780056,-0.3379737,0.5099235,-0.6473223,0.5100566,-0.61793375
2,761,0.64872915,-0.36530408,0.6483269,-0.3536462,0.5039414,-0.68984634,0.5036702,-0.6591717
2,762,0.6392684,-0.38113368,0.63824874,-0.36894858,0.49756375,-0.73149765,0.4968764,-0.69943583
2,763,0.6292274,-0.3966171,0.62758064,-0.38387063,0.49079496,-0.77223814,0.48968485,-0.7386992
2,764,0.61861306,-0.41173905,0.6163377,-0.39840236,0.48363966,-0.81202745,0.48210582,-0.7769356
2,765,0.60743284,-0.4264832,0.60453534,-0.41253415,0.4761029,-0.8508228,0.47414964,-0.8141196
2,766,0.595695,-0.44083315,0.5921894,-0.4262566,0.46819022,-0.8885808,0.46582702,-0.8502265
2,767,0.58340824,-0.4547713,0.57931584,-0.43956074,0.4599075,-0.9252553,0.45714876,-0.8852328
2,768,0.57058245,-0.46828043,0.5659314,-0.45243785,0.45126143,-0.96080095,0.44812608,-0.9191154
2,769,0.5572281,-0.48134273,0.55205274,-0.4648795,0.44225904,-0.9951709,0.43877023,-0.9518523
2,770,0.5433568,-0.4939406,0.53769714,-0.47687775,0.43290815,-1.0283188,0.42909288,-0.98342246
2,771,0.5289808,-0.5060567,0.522882,-0.48842487,0.42321706,-1.0601991,0.41910577,-1.0138056
2,772,0.5141136,-0.51767427,0.50762504,-0.49951357,0.41319486,-1.0907676,0.4088208,-1.0429826
2,773,0.49876937,-0.5287773,0.49194434,-0.5101369,0.40285107,-1.1199822,0.3982502,-1.070935
2,774,0.48296317,-0.5393505,0.47585818,-0.52028835,0.39219585,-1.1478028,0.38740626,-1.0976459
2,775,0.46671113,-0.5493799,0.4593851,-0.5299618,0.38124007,-1.1741924,0.37630147,-1.123099
2,776,0.45002976,-0.5588526,0.44254383,-0.53915155,0.3699949,-1.1991173,0.3649485,-1.1472793
2,777,0.43293652,-0.5677573,0.4253534,-0.5478523,0.35847205,-1.2225477,0.35336015,-1.1701729
2,778,0.41544938,-0.5760842,0.407833,-0.5560592,0.34668368,-1.2444576,0.34154937,-1.1917672
2,779,0.3975868,-0.5838252,0.39000198,-0.5637679,0.33464223,-1.2648259,0.32952917,-1.2120507
2,780,0.3793678,-0.59097356,0.37187985,-0.5709745,0.32236052,-1.283635,0.31731275,-1.231013
2,781,0.36081162,-0.5975248,0.3534863,-0.5776756,0.30985147,-1.3008729,0.30491337,-1.248645
2,782,0.34193796,-0.603476,0.33484107,-0.58386815,0.29712844,-1.3165318,0.2923443,-1.2649391
2,783,0.32276663,-0.6088256,0.31596413,-0.5895497,0.28420472,-1.3306079,0.27961904,-1.2798885
2,784,0.30331782,-0.6135743,0.29687542,-0.5947185,0.27109396,-1.3431028,0.26675102,-1.2934889
2,785,0.28361183,-0.61772424,0.27759498,-0.59937304,0.25780982,-1.3540223,0.25375378,-1.305736
2,786,0.26366922,-0.6212786,0.25814292,-0.60351235,0.24436618,-1.3633746,0.24064082,-1.3166275
2,787,0.24351074,-0.6242426,0.23853935,-0.6071362,0.23077701,-1.3711736,0.22742572,-1.3261626
2,788,0.22315733,-0.62662226,0.2188044,-0.61024475,0.21705644,-1.377435,0.21412206,-1.334342
2,789,0.20263039,-0.6284252,0.19895816,-0.6128387,0.20321889,-1.3821789,0.20074339,-1.3411672
2,790,0.18195143,-0.6296598,0.17902069,-0.6149193,0.18927887,-1.3854274,0.1873032,-1.3466418
2,791,0.16114251,-0.6303353,0.159012,-0.61648846,0.17525123,-1.3872048,0.17381503,-1.3507706
2,792,0.140226,-0.630462,0.138952,-0.61754847,0.16115108,-1.3875382,0.16029225,-1.3535597
2,793,0.11922486,-0.63005084,0.11886053,-0.6181023,0.14699386,-1.3864564,0.14674826,-1.3550171
2,794,0.09816244,-0.6291132,0.09875726,-0.6181534,0.13279533,-1.3839892,0.13319631,-1.3551514
2,795,0.07706277,-0.6276611,0.07866174,-0.61770576,0.1185717,-1.3801684,0.1196496,-1.3539736
2,796,0.055950295,-0.625707,0.058593348,-0.61676395,0.104339436,-1.3750267,0.10612116,-1.3514955
2,797,0.03485013,-0.6232636,0.038571287,-0.615333,0.09011547,-1.3685976,0.09262396,-1.3477304
2,798,0.013787735,-0.620344,0.01861453,-0.6134185,0.07591695,-1.3609154,0.07917078,-1.3426929
2,799,-0.007210862,-0.61696136,-0.0012581573,-0.6110266,0.061761454,-1.3520149,0.06577428,-1.3363992
2,800,-0.028119467,-0.61312926,-0.021028273,-0.6081638,0.047666624,-1.3419318,0.052446913,-1.3288665
2,801,-0.048911437,-0.608861,-0.04067757,-0.60483724,0.03365041,-1.3307011,0.039200995,-1.3201135
2,802,-0.06956029,-0.60417044,-0.0601881,-0.6010545,0.01973068,-1.318359,0.026048627,-1.3101603
2,803,-0.09003945,-0.59907115,-0.079542205,-0.5968236,0.0059253415,-1.3049417,0.0130017055,-1.2990278
2,804,-0.110322565,-0.5935766,-0.098722555,-0.59215295,-0.0077478425,-1.2904842,7.19158e-05,-1.2867383
2,805,-0.1303838,-0.58770055,-0.11771216,-0.58705145,-0.021271454,-1.275023,-0.012729292,-1.2733151
2,806,-0.15019786,-0.58145624,-0.1364944,-0.5815285,-0.03462844,-1.2585927,-0.025390707,-1.2587829
2,807,-0.16974017,-0.57485723,-0.15505297,-0.57559365,-0.04780223,-1.2412292,-0.03790135,-1.2431669
2,808,-0.18898727,-0.56791633,-0.17337205,-0.5692571,-0.060777012,-1.2229661,-0.050250534,-1.226494
2,809,-0.20791659,-0.5606467,-0.1914361,-0.5625292,-0.07353758,-1.203838,-0.062427808,-1.2087914
2,810,-0.226507,-0.55306077,-0.2092301,-0.55542076,-0.08606968,-1.1838777,-0.07442304,-1.1900873
2,811,-0.2447386,-0.54517096,-0.22673938,-0.54794276,-0.0983599,-1.1631178,-0.08622633,-1.170411
2,812,-0.26259315,-0.53698915,-0.24394976,-0.5401067,-0.11039595,-1.1415895,-0.097828135,-1.1497926
2,813,-0.28005373,-0.528527,-0.26084748,-0.5319241,-0.12216642,-1.1193237,-0.10921916,-1.1282623
2,814,-0.29710504,-0.51979584,-0.27741924,-0.5234069,-0.13366099,-1.09635,-0.12039046,-1.1058515
2,815,-0.31373355,-0.5108064,-0.2936522,-0.51456726,-0.14487053,-1.0726966,-0.13133337,-1.0825924
2,816,-0.32992712,-0.50156915,-0.30953407,-0.5054174,-0.15578689,-1.0483913,-0.1420396,-1.058517
2,817,-0.34567523,-0.49209422,-0.32505295,-0.49596992,-0.16640295,-1.0234605,-0.15250112,-1.0336584
2,818,-0.36096886,-0.48239118,-0.3401974,-0.48623747,-0.17671263,-0.9979296,-0.16271026,-1.0080501
2,819,-0.37580037,-0.4724694,-0.35495666,-0.47623286,-0.1867108,-0.9718231,-0.17265971,-0.98172563
2,820,-0.39016342,-0.46233782,-0.3693203,-0.4659691,-0.19639318,-0.94516456,-0.18234248,-0.95471925
2,821,-0.40405294,-0.45200515,-0.3832785,-0.45545915,-0.20575632,-0.9179769,-0.19175193,-0.9270652
2,822,-0.41746503,-0.4414797,-0.39682186,-0.4447162,-0.21479763,-0.89028203,-0.20088173,-0.8987979
2,823,-0.43039653,-0.43076977,-0.40994158,-0.43375343,-0.22351497,-0.86210173,-0.20972596,-0.8699524
2,824,-0.44284537,-0.41988313,-0.42262933,-0.42258412,-0.23190695,-0.83345646,-0.21827897,-0.84056336
2,825,-0.4548101,-0.40882772,-0.43487728,-0.41122153,-0.23997258,-0.80436707,-0.22653551,-0.8106658
2,826,-0.46628997,-0.3976112,-0.44667816,-0.399679,-0.24771133,-0.7748538,-0.2344907,-0.7802947
2,827,-0.4772847,-0.38624126,-0.45802525,-0.38796976,-0.25512305,-0.7449369,-0.24213995,-0.74948496
2,828,-0.48779437,-0.37472558,-0.46891224,-0.37610716,-0.2622078,-0.71463645,-0.24947906,-0.7182717
2,829,-0.49781945,-0.3630718,-0.47933343,-0.36410436,-0.26896587,-0.68397266,-0.25650415,-0.68668956
2,830,-0.5073605,-0.35128784,-0.4892836,-0.35197464,-0.27539766,-0.6529663,-0.2632117,-0.6547735
2,831,-0.51641846,-0.33938164,-0.49875808,-0.33973107,-0.28150377,-0.62163836,-0.26959863,-0.62255776
2,832,-0.5249941,-0.32736123,-0.5077526,-0.3273867,-0.28728473,-0.59000987,-0.27566198,-0.5900769
2,833,-0.53308815,-0.31523496,-0.5162636,-0.31495458,-0.2927411,-0.55810285,-0.28139937,-0.5573651
2,834,-0.5407015,-0.30301142,-0.5242878,-0.30244753,-0.29787338,-0.5259399,-0.28680864,-0.52445614
2,835,-0.5478349,-0.29069942,-0.53182256,-0.2898783,-0.3026821,-0.49354416,-0.29188794,-0.4913836
2,836,-0.5544887,-0.278308,-0.53886575,-0.2772596,-0.30716756,-0.46093947,-0.29663587,-0.45818084
2,837,-0.56066364,-0.26584658,-0.54541564,-0.2646039,-0.31133017,-0.42815056,-0.30105126,-0.42488083
2,838,-0.5663599,-0.25332484,-0.551471,-0.25192362,-0.3151701,-0.39520296,-0.30513325,-0.39151603
2,839,-0.57157755,-0.2407527,-0.55703115,-0.23923098,-0.31868744,-0.36212274,-0.30888146,-0.35811874
2,840,-0.57631683,-0.22814053,-0.5620958,-0.22653806,-0.32188225,-0.32893723,-0.31229565,-0.32472074
2,841,-0.5805775,-0.21549886,-0.5666653,-0.21385683,-0.32475445,-0.29567406,-0.31537598,-0.2913535
2,842,-0.5843594,-0.20283857,-0.57074016,-0.20119901,-0.3273039,-0.26236188,-0.31812292,-0.25804782
2,843,-0.58766246,-0.19017075,-0.5743216,-0.18857624,-0.32953054,-0.22902992,-0.32053724,-0.22483438
2,844,-0.59048617,-0.17750673,-0.57741123,-0.1759999,-0.33143404,-0.19570795,-0.32262,-0.19174312
2,845,-0.59283054,-0.16485819,-0.58001107,-0.16348124,-0.33301443,-0.16242671,-0.3243726,-0.15880363
2,846,-0.59469527,-0.1522368,-0.5821236,-0.1510313,-0.33427146,-0.12921692,-0.32579666,-0.12604496
2,847,-0.5960803,-0.13965455,-0.5837517,-0.13866095,-0.33520514,-0.09611008,-0.3268942,-0.093495704
2,848,-0.59698594,-0.1271235,-0.58489865,-0.12638085,-0.33581564,-0.06313801,-0.3276674,-0.0611839
2,849,-0.59741247,-0.11465582,-0.58556825,-0.114201434,-0.33610317,-0.030332647,-0.32811877,-0.029137045
2,850,-0.5973605,-0.10226376,-0.5857645,-0.10213297,-0.33606812,0.0022737333,-0.3282511,0.0026178851
2,851,-0.5968312,-0.08995953,-0.58549213,-0.0901855,-0.33571133,0.03464902,-0.32806748,0.034054443
2,852,-0.5958259,-0.077755466,-0.5847559,-0.07836887,-0.33503366,0.06676075,-0.32757115,0.06514673
2,853,-0.59434664,-0.065663785,-0.5835611,-0.06669271,-0.33403644,0.09857676,-0.32676575,0.09586942
2,854,-0.59239566,-0.05369666,-0.58191353,-0.0551664,-0.33272126,0.13006504,-0.32565507,0.12619781
2,855,-0.5899761,-0.04186621,-0.57981914,-0.043799136,-0.33109018,0.1611937,-0.32424322,0.15610772
2,856,-0.58709145,-0.030184377,-0.5772843,-0.03259987,-0.3291456,0.19193129,-0.3225344,0.18557557
2,857,-0.58374596,-0.018663019,-0.57431567,-0.021577327,-0.32689035,0.22224668,-0.32053325,0.21457845
2,858,-0.5799447,-0.0073137954,-0.57092047,-0.010740004,-0.32432783,0.2521091,-0.3182445,0.24309395
2,859,-0.57569313,0.00385179,-0.56710595,-9.61622e-05,-0.3214618,0.28148833,-0.31567305,0.27110037
2,860,-0.5709977,0.014822457,-0.5628799,0.010346175,-0.31829655,0.3103547,-0.31282422,0.2985766
2,861,-0.5658656,0.025587123,-0.55825037,0.020579228,-0.3148369,0.33867905,-0.30970335,0.32550213
2,862,-0.5603045,0.036135007,-0.5532256,0.030595459,-0.3110881,0.36643296,-0.30631605,0.35185713
2,863,-0.5543232,0.046455506,-0.5478142,0.040387582,-0.30705598,0.3935886,-0.30266815,0.3776225
2,864,-0.54793096,0.056538325,-0.5420251,0.04994856,-0.30274686,0.42011884,-0.29876563,0.40277964
2,865,-0.5411378,0.06637354,-0.53586745,0.05927161,-0.2981675,0.44599757,-0.29461467,0.42731073
2,866,-0.5339545,0.07595146,-0.52935064,0.06835022,-0.2933251,0.47119927,-0.29022157,0.45119864
2,867,-0.5263924,0.085262686,-0.5224843,0.07717811,-0.28822738,0.4956993,-0.28559285,0.4744269
2,868,-0.5184636,0.09429826,-0.51527846,0.08574931,-0.28288245,0.51947397,-0.28073528,0.4969797
2,869,-0.5101806,0.10304959,-0.5077431,0.09405809,-0.27729872,0.54250073,-0.2756556,0.518842
2,870,-0.5015565,0.11150846,-0.49988866,0.102099,-0.2714851,0.564758,-0.27036077,0.53999954
2,871,-0.492605,0.11966708,-0.49172568,0.109866865,-0.26545072,0.5862252,-0.26485798,0.5604386
2,872,-0.48333994,0.12751809,-0.48326492,0.11735679,-0.25920498,0.60688305,-0.25915444,0.5801463
2,873,-0.47377574,0.1350546,-0.47451732,0.12456418,-0.2527576,0.62671334,-0.2532575,0.5991106
2,874,-0.46392703,0.14227019,-0.46549398,0.13148469,-0.24611844,0.64569926,-0.24717474,0.61732006
2,875,-0.4538087,0.14915901,-0.45620617,0.13811432,-0.2392975,0.66382533,-0.24091367,0.6347642
2,876,-0.44343582,0.15571566,-0.44666535,0.14444932,-0.23230498,0.68107736,-0.23448205,0.65143305
2,877,-0.43282357,0.16193528,-0.43688303,0.15048625,-0.22515108,0.69744265,-0.22788763,0.66731757
2,878,-0.42198727,0.16781363,-0.42687097,0.15622197,-0.21784616,0.71290994,-0.22113834,0.6824096
2,879,-0.41094217,0.17334704,-0.41664097,0.16165365,-0.21040046,0.7274696,-0.21424212,0.6967016
2,880,-0.39970344,0.17853227,-0.4062049,0.16677877,-0.20282426,0.7411132,-0.20720701,0.710187
2,881,-0.3882864,0.18336684,-0.39557484,0.17159508,-0.19512784,0.75383407,-0.2000411,0.7228598
2,882,-0.37670615,0.18784872,-0.38476282,0.17610067,-0.18732141,0.7656269,-0.19275254,0.7347151
2,883,-0.36497757,0.19197653,-0.37378103,0.18029395,-0.17941497,0.7764881,-0.18534952,0.7457486
2,884,-0.35311547,0.19574942,-0.3626417,0.1841736,-0.17141853,0.78641546,-0.17784032,0.75595677
2,885,-0.34113446,0.19916709,-0.35135704,0.18773866,-0.16334194,0.7954081,-0.17023316,0.7653373
2,886,-0.32904887,0.20222978,-0.3399394,0.19098847,-0.15519485,0.8034668,-0.16253632,0.7738883
2,887,-0.3168729,0.20493829,-0.32840106,0.19392264,-0.14698683,0.81059355,-0.15475814,0.7816088
2,888,-0.30462041,0.20729394,-0.31675437,0.19654116,-0.13872722,0.8167918,-0.14690693,0.78849876
2,889,-0.2923051,0.20929843,-0.30501163,0.19884428,-0.13042527,0.82206607,-0.13899095,0.7945588
2,890,-0.27994037,0.21095407,-0.2931851,0.2008326,-0.12209,0.82642245,-0.1310185,0.7997905
2,891,-0.26753935,0.21226354,-0.28128716,0.202507,-0.11373027,0.8298679,-0.122997895,0.80419624
2,892,-0.2551149,0.2132299,-0.26932994,0.20386869,-0.10535475,0.8324107,-0.11493733,0.8077792
2,893,-0.24267967,0.21385671,-0.25732562,0.20491916,-0.096971944,0.83405995,-0.10684502,0.8105432
2,894,-0.23024604,0.2141478,-0.24528638,0.20566024,-0.08859023,0.83482593,-0.09872917,0.8124931
2,895,-0.2178261,0.21410748,-0.2332242,0.20609403,-0.08021774,0.83471984,-0.09059785,0.8136346
2,896,-0.20543171,0.21374021,-0.22115105,0.20622292,-0.07186248,0.8337534,-0.08245915,0.8139737
2,897,-0.1930745,0.21305092,-0.20907877,0.20604964,-0.06353228,0.8319397,-0.074321024,0.8135177
2,898,-0.18076585,0.21204472,-0.19701912,0.20557714,-0.05523482,0.8292922,-0.06619141,0.8122745
2,899,-0.16851693,0.21072704,-0.18498369,0.20480868,-0.046977624,0.8258251,-0.058078133,0.8102525
2,900,-0.15633865,0.20910358,-0.17298397,0.20374784,-0.038768042,0.8215534,-0.04998893,0.8074612
2,901,-0.14424165,0.20718023,-0.16103132,0.2023984,-0.030613255,0.8164926,-0.04193145,0.8039105
2,902,-0.13223645,0.20496312,-0.14913689,0.20076445,-0.022520354,0.8106589,-0.033913217,0.7996112
2,903,-0.1203333,0.20245858,-0.13731173,0.19885033,-0.014496244,0.8040688,-0.025941681,0.79457474
2,904,-0.10854219,0.19967316,-0.12556668,0.19666061,-0.006547662,0.7967397,-0.018024148,0.78881305
2,905,-0.096872956,0.19661354,-0.11391238,0.19420013,0.0013187611,0.78868914,-0.010167797,0.7823389
2,906,-0.085335195,0.19328663,-0.10235933,0.19147393,0.009096555,0.7799353,-0.0023796957,0.7751657
2,907,-0.073938236,0.1896995,-0.090917796,0.18848734,0.016779434,0.7704967,0.005333232,0.7673072
2,908,-0.06269124,0.18585931,-0.079597816,0.18524583,0.024361217,0.76039225,0.012964217,0.75877804
2,909,-0.051603124,0.18177345,-0.06840925,0.18175514,0.0318359,0.7496415,0.020506615,0.74959326
2,910,-0.04068257,0.17744943,-0.057361696,0.17802118,0.039197627,0.73826396,0.027953953,0.7397683
2,911,-0.02993802,0.17289487,-0.046464533,0.17405008,0.046440706,0.72627985,0.03529991,0.72931945
2,912,-0.019377667,0.16811746,-0.035726897,0.16984813,0.053559612,0.7137094,0.04253833,0.71826315
2,913,-0.009009454,0.16312514,-0.025157675,0.16542178,0.060548995,0.70057344,0.049663216,0.70661646
2,914,0.0011589192,0.15792586,-0.0147654945,0.1607777,0.06740366,0.6868929,0.05666875,0.69439673
2,915,0.011120018,0.15252765,-0.004558721,0.15592267,0.07411861,0.67268896,0.0635493,0.681622
2,916,0.02086671,0.14693868,0.005454545,0.1508636,0.08068901,0.6579831,0.07029942,0.66831046
2,917,0.030392092,0.14116721,0.015266477,0.14560759,0.08711023,0.64279705,0.0769138,0.6544807
2,918,0.039689627,0.13522151,0.02486951,0.14016183,0.09337785,0.62715256,0.08338737,0.6401517
2,919,0.048752982,0.12910995,0.034256402,0.13453363,0.0994876,0.6110716,0.08971522,0.62534255
2,920,0.057576176,0.12284094,0.04342017,0.12873039,0.10543547,0.59457636,0.09589267,0.6100729
2,921,0.06615354,0.11642289,0.05235413,0.12275963,0.11121761,0.577689,0.101915196,0.59436244
2,922,0.0744797,0.10986431,0.061051894,0.11662895,0.11683041,0.56043184,0.107778504,0.57823116
2,923,0.08254962,0.10317366,0.06950737,0.110346034,0.12227047,0.5428272,0.113478474,0.5616994
2,924,0.09035854,0.0963594,0.077714756,0.10391862,0.1275346,0.52489734,0.119011216,0.54478735
2,925,0.097902074,0.08942999,0.08566858,0.097354494,0.13261981,0.50666445,0.12437302,0.5275156
2,926,0.105176166,0.08239391,0.09336365,0.090661526,0.1375234,0.48815084,0.12956038,0.50990486
2,927,0.11217706,0.07525952,0.10079509,0.08384758,0.14224282,0.46937865,0.13457005,0.4919758
2,928,0.11890133,0.068035185,0.10795833,0.076920606,0.14677577,0.45036975,0.1393989,0.4737493
2,929,0.1253459,0.06072923,0.11484913,0.06988852,0.15112016,0.4311461,0.1440441,0.4552463
2,930,0.13150801,0.05334985,0.12146352,0.06275928,0.15527414,0.41172922,0.14850298,0.43648762
2,931,0.13738523,0.045905177,0.12779787,0.05554085,0.15923607,0.39214054,0.15277307,0.41749424
2,932,0.14297546,0.03840327,0.13384888,0.04824118,0.16300453,0.3724013,0.15685216,0.39828715
2,933,0.14827687,0.030852128,0.13961348,0.040868215,0.1665783,0.35253248,0.16073817,0.37888712
2,934,0.15328796,0.023259554,0.14508902,0.03342988,0.16995636,0.33255467,0.16442932,0.35931516
2,935,0.1580076,0.015633319,0.15027305,0.025934068,0.17313793,0.3124883,0.16792396,0.33959195
2,936,0.16243485,0.007981002,0.15516354,0.018388644,0.17612243,0.29235327,0.1712207,0.31973818
2,937,0.1665691,0.0003101565,0.15975866,0.010801426,0.17890938,0.27216947,0.17431836,0.29977447
2,938,0.17041008,-0.0073718913,0.16405694,0.0031801886,0.18149865,0.25195622,0.17721589,0.27972123
2,939,0.17395769,-0.01505791,0.1680572,-0.0044673528,0.18389015,0.23173253,0.17991255,0.25959876
2,940,0.17721222,-0.022740815,0.17175859,-0.0121335415,0.18608409,0.21151704,0.18240772,0.23942724
2,941,0.18017404,-0.030413639,0.1751605,-0.019810792,0.1880807,0.19132805,0.184701,0.2192266
2,942,0.18284395,-0.038069505,0.17826267,-0.02749159,0.18988054,0.17118369,0.18679221,0.19901665
2,943,0.18522288,-0.04570177,0.18106507,-0.035168502,0.1914842,0.15110146,0.18868135,0.17881691
2,944,0.18731202,-0.05330391,0.18356803,-0.042834185,0.19289252,0.13109846,0.19036865,0.15864673
2,945,0.18911275,-0.06086945,0.18577212,-0.050481375,0.19410644,0.111191764,0.19185446,0.1385252
2,946,0.19062671,-0.06839213,0.1876782,-0.05810292,0.19512703,0.09139786,0.19313937,0.118471146
2,947,0.19185576,-0.07586582,0.18928741,-0.065691754,0.19595554,0.07173284,0.19422416,0.098503165
2,948,0.19280186,-0.08328448,0.19060116,-0.073240936,0.19659333,0.052212622,0.19510978,0.07863952
2,949,0.19346727,-0.09064226,0.19162112,-0.08074363,0.19704188,0.032852605,0.19579737,0.058898184
2,950,0.19385436,-0.09793337,0.19234926,-0.0881931,0.19730283,0.013668011,0.19628823,0.0392969
2,951,0.19396575,-0.10515216,0.19278778,-0.095582746,0.19737792,-0.0053263074,0.19658382,0.019853039
2,952,0.19380413,-0.11229314,0.19293913,-0.102906086,0.19726896,-0.02411588,0.19668587,0.0005836352
2,953,0.1933724,-0.11935088,0.19280604,-0.11015677,0.19697794,-0.04268643,0.19659615,-0.018494587
2,954,0.19267368,-0.12632017,0.19239146,-0.11732858,0.19650692,-0.06102424,0.19631667,-0.037365284
2,955,0.1917112,-0.13319576,0.19169857,-0.12441543,0.19585809,-0.07911551,0.19584957,-0.056012426
2,956,0.19048831,-0.13997267,0.19073083,-0.13141139,0.19503373,-0.09694714,0.1951972,-0.07442042
2,957,0.1890086,-0.14664596,0.18949188,-0.13831066,0.19403623,-0.11450612,0.19436201,-0.09257399
2,958,0.18727571,-0.15321083,0.18798563,-0.14510757,0.19286805,-0.13177982,0.19334663,-0.11045824
2,959,0.1852935,-0.1596625,0.18621616,-0.15179665,0.19153182,-0.14875564,0.1921538,-0.12805878
2,960,0.1830659,-0.16599648,0.18418778,-0.15837255,0.19003016,-0.1654218,0.19078644,-0.14536148
2,961,0.18059711,-0.17220826,0.18190503,-0.16483007,0.18836589,-0.18176647,0.1892476,-0.16235273
2,962,0.17789133,-0.17829348,0.17937262,-0.17116418,0.18654189,-0.19777808,0.18754046,-0.17901924
2,963,0.17495297,-0.1842479,0.17659548,-0.17737004,0.18456109,-0.21344551,0.18566833,-0.1953483
2,964,0.17178655,-0.19006743,0.17357866,-0.18344292,0.18242656,-0.22875805,0.18363465,-0.21132745
2,965,0.16839676,-0.19574806,0.1703275,-0.1893783,0.18014143,-0.24370512,0.18144298,-0.22694482
2,966,0.16478841,-0.20128594,0.16684741,-0.19517183,0.177709,-0.25827658,0.17909701,-0.24218893
2,967,0.16096641,-0.20667736,0.16314402,-0.20081931,0.17513251,-0.27246264,0.17660049,-0.25704876
2,968,0.15693589,-0.2119187,0.15922312,-0.20631672,0.17241548,-0.2862538,0.17395733,-0.27151373
2,969,0.15270202,-0.21700647,0.15509063,-0.21166024,0.16956136,-0.29964092,0.17117156,-0.28557375
2,970,0.14827017,-0.22193748,0.15075263,-0.2168462,0.1665738,-0.31261554,0.16824725,-0.29921922
2,971,0.14364582,-0.22670841,0.14621535,-0.22187114,0.16345644,-0.32516897,0.1651886,-0.312441
2,972,0.13883455,-0.23131633,0.14148512,-0.22673176,0.16021308,-0.33729348,0.16199987,-0.32523042
2,973,0.13384213,-0.23575836,0.13656844,-0.23142494,0.1568476,-0.3489815,0.15868546,-0.33757925
2,974,0.12867437,-0.24003181,0.1314719,-0.23594779,0.15336393,-0.36022592,0.15524979,-0.3494799
2,975,0.12333731,-0.2441341,0.12620218,-0.24029756,0.14976613,-0.37102,0.15169738,-0.36092517
2,976,0.11783707,-0.24806291,0.12076611,-0.24447168,0.14605834,-0.3813576,0.14803284,-0.37190828
2,977,0.112179875,-0.25181606,0.11517058,-0.24846783,0.14224473,-0.39123303,0.14426081,-0.38242304
2,978,0.10637206,-0.25539148,0.10942258,-0.25228384,0.13832958,-0.4006408,0.14038599,-0.39246386
2,979,0.1004201,-0.25878736,0.103529185,-0.25591773,0.13431726,-0.40957615,0.13641314,-0.40202546
2,980,0.09433064,-0.26200205,0.09749753,-0.2593677,0.13021226,-0.41803473,0.1323471,-0.41110316
2,981,0.08811031,-0.26503408,0.09133483,-0.26263222,0.12601903,-0.4260127,0.12819272,-0.41969284
2,982,0.081765935,-0.26788214,0.08504835,-0.26570985,0.12174218,-0.4335066,0.123954915,-0.4277908
2,983,0.07530448,-0.27054518,0.078645416,-0.26859936,0.11738641,-0.4405137,0.119638585,-0.43539378
2,984,0.06873283,-0.27302235,0.07213338,-0.27129978,0.11295635,-0.4470317,0.11524872,-0.4424992
2,985,0.06205819,-0.27531284,0.06551964,-0.2738103,0.10845687,-0.45305848,0.11079028,-0.44910496
2,986,0.055287715,-0.27741623,0.05881163,-0.27613023,0.10389278,-0.458593,0.10626831,-0.45520923
2,987,0.048428643,-0.27933222,0.052016795,-0.2782592,0.099268965,-0.4636344,0.1016878,-0.46081102
2,988,0.04148831,-0.28106067,0.04514259,-0.28019693,0.094590366,-0.46818236,0.09705378,-0.4659097
2,989,0.034474146,-0.28260165,0.03819649,-0.28194338,0.08986201,-0.47223705,0.0923713,-0.47050497
2,990,0.027393606,-0.28395545,0.031185947,-0.28349864,0.0850889,-0.4757992,0.087645374,-0.47459725
2,991,0.020254191,-0.2851225,0.024118425,-0.28486308,0.0802761,-0.47887,0.08288105,-0.4781874
2,992,0.013063464,-0.28610355,0.017001364,-0.28603718,0.07542871,-0.48145133,0.078083314,-0.48127672
2,993,0.0058290325,-0.2868994,0.009842179,-0.2870216,0.070551865,-0.4835454,0.07325719,-0.48386696
2,994,-0.0014414899,-0.28751105,0.0026482574,-0.2878172,0.06565069,-0.4851548,0.068407655,-0.4859604
2,995,-0.008740488,-0.2879398,-0.0045730514,-0.2884251,0.06073031,-0.4862829,0.06353965,-0.48755985
2,996,-0.016060326,-0.288187,-0.011814442,-0.2888464,0.055795886,-0.48693338,0.058658108,-0.48866844
2,997,-0.02339335,-0.2882542,-0.01906866,-0.2890826,0.05085257,-0.48711023,0.053767916,-0.48928988
2,998,-0.030731961,-0.28814316,-0.026328508,-0.2891352,0.045905497,-0.48681805,0.048873935,-0.48942828
3,0,-0.070246436,-0.023443501,-0.09882924,-0.1031279,0.019268136,0.2096681,-2.2265687e-09,-1.5719037e-09
3,1,-0.08100319,-0.059833754,-0.09882924,-0.1031279,0.012016832,0.113916926,-2.2265687e-09,-1.5719037e-09
3,2,-0.086779475,-0.08188793,-0.09882924,-0.1031279,0.008122942,0.055887274,-2.2265687e-09,-1.5719037e-09
3,3,-0.08996328,-0.09371963,-0.09882924,-0.1031279,0.005976687,0.024755325,-2.2265687e-09,-1.5719037e-09
3,4,-0.091691755,-0.09882566,-0.09882924,-0.1031279,0.004811494,0.011320172,-2.2265687e-09,-1.5719037e-09
3,5,-0.092545256,-0.0999468,-0.09882924,-0.1031279,0.0042361347,0.0083702095,-2.2265687e-09,-1.5719037e-09
3,6,-0.09285925,-0.099012285,-0.09882924,-0.1031279,0.004024464,0.010829126,-2.2265687e-09,-1.5719037e-09
3,7,-0.09284361,-0.09725109,-0.09882924,-0.1031279,0.0040350114,0.015463246,-2.2265687e-09,-1.5719037e-09
3,8,-0.092631504,-0.09536767,-0.09882924,-0.1031279,0.0041779936,0.020418953,-2.2265687e-09,-1.5719037e-09
3,9,-0.09230527,-0.093712956,-0.09882924,-0.1031279,0.0043979115,0.02477289,-2.2265687e-09,-1.5719037e-09
3,10,-0.091913775,-0.092420876,-0.09882924,-0.1031279,0.004661827,0.028172651,-2.2265687e-09,-1.5719037e-09
3,11,-0.09148472,-0.09150539,-0.09882924,-0.1031279,0.0049510607,0.030581499,-2.2265687e-09,-1.5719037e-09
3,12,-0.09103343,-0.090923086,-0.09882924,-0.1031279,0.0052552824,0.032113682,-2.2265687e-09,-1.5719037e-09
3,13,-0.09056832,-0.090610445,-0.09882924,-0.1031279,0.00556882,0.032936316,-2.2265687e-09,-1.5719037e-09
3,14,-0.09009439,-0.09050353,-0.09882924,-0.1031279,0.005888305,0.033217635,-2.2265687e-09,-1.5719037e-09
3,15,-0.0896149,-0.09054695,-0.09882924,-0.1031279,0.006211537,0.033103384,-2.2265687e-09,-1.5719037e-09
3,16,-0.08913243,-0.09069672,-0.09882924,-0.1031279,0.006536778,0.0327093,-2.2265687e-09,-1.5719037e-09
3,17,-0.08864923,-0.09091987,-0.09882924,-0.1031279,0.006862511,0.032122154,-2.2265687e-09,-1.5719037e-09
3,18,-0.08816731,-0.09119284,-0.09882924,-0.1031279,0.00718738,0.031403895,-2.2265687e-09,-1.5719037e-09
3,19,-0.08768858,-0.09149934,-0.09882924,-0.1031279,0.0075100996,0.030597417,-2.2265687e-09,-1.5719037e-09
3,20,-0.08721475,-0.091828555,-0.09882924,-0.1031279,0.007829514,0.029731184,-2.2265687e-09,-1.5719037e-09
3,21,-0.08674742,-0.09217346,-0.09882924,-0.1031279,0.008144549,0.028823666,-2.2265687e-09,-1.5719037e-09
3,22,-0.08628796,-0.09252964,-0.09882924,-0.1031279,0.00845428,0.027886469,-2.2265687e-09,-1.5719037e-09
3,23,-0.0858376,-0.09289442,-0.09882924,-0.1031279,0.008757874,0.026926646,-2.2265687e-09,-1.5719037e-09
3,24,-0.08539745,-0.093266174,-0.09882924,-0.1031279,0.009054586,0.025948476,-2.2265687e-09,-1.5719037e-09
3,25,-0.08496845,-0.09364395,-0.09882924,-0.1031279,0.009343785,0.024954464,-2.2265687e-09,-1.5719037e-09
3,26,-0.08455145,-0.09402721,-0.09882924,-0.1031279,0.009624888,0.023946023,-2.2265687e-09,-1.5719037e-09
3,27,-0.08414717,-0.0944155,-0.09882924,-0.1031279,0.009897422,0.02292433,-2.2265687e-09,-1.5719037e-09
3,28,-0.08375627,-0.09480864,-0.09882924,-0.1031279,0.010160936,0.021889895,-2.2265687e-09,-1.5719037e-09
3,29,-0.08337928,-0.095206305,-0.09882924,-0.1031279,0.010415067,0.020843541,-2.2265687e-09,-1.5719037e-09
3,30,-0.08301672,-0.09560828,-0.09882924,-0.1031279,0.010659475,0.019785855,-2.2265687e-09,-1.5719037e-09
3,31,-0.08266898,-0.09601426,-0.09882924,-0.1031279,0.010893893,0.018717622,-2.2265687e-09,-1.5719037e-09
3,32,-0.082336456,-0.096424,-0.09882924,-0.1031279,0.011118055,0.017639508,-2.2265687e-09,-1.5719037e-09
3,33,-0.08201948,-0.09683715,-0.09882924,-0.1031279,0.011331734,0.016552417,-2.2265687e-09,-1.5719037e-09
3,34,-0.081718296,-0.09725337,-0.09882924,-0.1031279,0.011534766,0.015457247,-2.2265687e-09,-1.5719037e-09
3,35,-0.08143318,-0.09767228,-0.09882924,-0.1031279,0.01172697,0.0143549815,-2.2265687e-09,-1.5719037e-09
3,36,-0.08116429,-0.09809354,-0.09882924,-0.1031279,0.011908229,0.01324656,-2.2265687e-09,-1.5719037e-09
3,37,-0.08091184,-0.09851679,-0.09882924,-0.1031279,0.012078414,0.012132884,-2.2265687e-09,-1.5719037e-09
3,38,-0.080675915,-0.098941594,-0.09882924,-0.1031279,0.012237453,0.011015131,-2.2265687e-09,-1.5719037e-09
3,39,-0.08045666,-0.09936759,-0.09882924,-0.1031279,0.012385257,0.00989424,-2.2265687e-09,-1.5719037e-09
3,40,-0.08025414,-0.09979433,-0.09882924,-0.1031279,0.01252178,0.00877139,-2.2265687e-09,-1.5719037e-09
3,41,-0.08006841,-0.100221425,-0.09882924,-0.1031279,0.012646982,0.007647598,-2.2265687e-09,-1.5719037e-09
3,42,-0.079899505,-0.10064849,-0.09882924,-0.1031279,0.012760844,0.0065238853,-2.2265687e-09,-1.5719037e-09
3,43,-0.07974744,-0.10107511,-0.09882924,-0.1031279,0.012863354,0.0054013487,-2.2265687e-09,-1.5719037e-09
3,44,-0.07961219,-0.10150091,-0.09882924,-0.1031279,0.012954528,0.0042809686,-2.2265687e-09,-1.5719037e-09
3,45,-0.079493746,-0.10192551,-0.09882924,-0.1031279,0.013034373,0.0031637643,-2.2265687e-09,-1.5719037e-09
3,46,-0.07939206,-0.10234842,-0.09882924,-0.1031279,0.01310292,0.0020509902,-2.2265687e-09,-1.5719037e-09
3,47,-0.079307035,-0.10276936,-0.09882924,-0.1031279,0.013160237,0.00094339193,-2.2265687e-09,-1.5719037e-09
3,48,-0.07923862,-0.10318786,-0.09882924,-0.1031279,0.013206354,-0.0001577762,-2.2265687e-09,-1.5719037e-09
3,49,-0.07918669,-0.1036036,-0.09882924,-0.1031279,0.013241362,-0.0012516909,-2.2265687e-09,-1.5719037e-09
3,50,-0.079151124,-0.104016215,-0.09882924,-0.1031279,0.01326534,-0.0023373717,-2.2265687e-09,-1.5719037e-09
3,51,-0.07913179,-0.104425296,-0.09882924,-0.1031279,0.0132783735,-0.00341376,-2.2265687e-09,-1.5719037e-09
3,52,-0.07912856,-0.1048305,-0.09882924,-0.1031279,0.013280548,-0.0044799545,-2.2265687e-09,-1.5719037e-09
3,53,-0.07914125,-0.10523149,-0.09882924,-0.1031279,0.013271995,-0.005535053,-2.2265687e-09,-1.5719037e-09
3,54,-0.07916968,-0.105627894,-0.09882924,-0.1031279,0.013252828,-0.006578075,-2.2265687e-09,-1.5719037e-09
3,55,-0.07921366,-0.10601941,-0.09882924,-0.1031279,0.013223185,-0.0076082367,-2.2265687e-09,-1.5719037e-09
3,56,-0.07927297,-0.106405646,-0.09882924,-0.1031279,0.013183201,-0.008624518,-2.2265687e-09,-1.5719037e-09
3,57,-0.079347424,-0.106786385,-0.09882924,-0.1031279,0.01313301,-0.009626333,-2.2265687e-09,-1.5719037e-09
3,58,-0.07943675,-0.107161224,-0.09882924,-0.1031279,0.013072795,-0.01061262,-2.2265687e-09,-1.5719037e-09
3,59,-0.07954073,-0.10752992,-0.09882924,-0.1031279,0.0130027,-0.011582754,-2.2265687e-09,-1.5719037e-09
3,60,-0.0796591,-0.107892156,-0.09882924,-0.1031279,0.012922906,-0.01253587,-2.2265687e-09,-1.5719037e-09
3,61,-0.0797916,-0.10824762,-0.09882924,-0.1031279,0.012833585,-0.013471187,-2.2265687e-09,-1.5719037e-09
3,62,-0.07993793,-0.10859609,-0.09882924,-0.1031279,0.012734942,-0.014388076,-2.2265687e-09,-1.5719037e-09
3,63,-0.0800978,-0.10893726,-0.09882924,-0.1031279,0.012627169,-0.015285792,-2.2265687e-09,-1.5719037e-09
3,64,-0.08027093,-0.109270886,-0.09882924,-0.1031279,0.012510459,-0.016163629,-2.2265687e-09,-1.5719037e-09
3,65,-0.08045702,-0.109596804,-0.09882924,-0.1031279,0.012385015,-0.017021194,-2.2265687e-09,-1.5719037e-09
3,66,-0.080655724,-0.109914616,-0.09882924,-0.1031279,0.012251064,-0.017857432,-2.2265687e-09,-1.5719037e-09
3,67,-0.080866694,-0.11022423,-0.09882924,-0.1031279,0.012108845,-0.018672105,-2.2265687e-09,-1.5719037e-09
3,68,-0.08108964,-0.1105254,-0.09882924,-0.1031279,0.011958555,-0.019464545,-2.2265687e-09,-1.5719037e-09
3,69,-0.081324205,-0.11081791,-0.09882924,-0.1031279,0.01180043,-0.020234207,-2.2265687e-09,-1.5719037e-09
3,70,-0.081570014,-0.11110154,-0.09882924,-0.1031279,0.011634725,-0.0209805,-2.2265687e-09,-1.5719037e-09
3,71,-0.08182672,-0.11137615,-0.09882924,-0.1031279,0.011461678,-0.021703072,-2.2265687e-09,-1.5719037e-09
3,72,-0.08209397,-0.111641586,-0.09882924,-0.1031279,0.011281519,-0.022401491,-2.2265687e-09,-1.5719037e-09
3,73,-0.082371354,-0.11189765,-0.09882924,-0.1031279,0.011094529,-0.023075249,-2.2265687e-09,-1.5719037e-09
3,74,-0.08265852,-0.11214419,-0.09882924,-0.1031279,0.0109009445,-0.023723952,-2.2265687e-09,-1.5719037e-09
3,75,-0.08295509,-0.11238107,-0.09882924,-0.1031279,0.010701022,-0.024347248,-2.2265687e-09,-1.5719037e-09
3,76,-0.08326067,-0.112608165,-0.09882924,-0.1031279,0.010495027,-0.024944784,-2.2265687e-09,-1.5719037e-09
3,77,-0.08357483,-0.11282538,-0.09882924,-0.1031279,0.010283246,-0.025516326,-2.2265687e-09,-1.5719037e-09
3,78,-0.08389722,-0.113032594,-0.09882924,-0.1031279,0.010065919,-0.026061557,-2.2265687e-09,-1.5719037e-09
3,79,-0.0842274,-0.11322969,-0.09882924,-0.1031279,0.009843339,-0.026580166,-2.2265687e-09,-1.5719037e-09
3,80,-0.084565,-0.11341663,-0.09882924,-0.1031279,0.0096157575,-0.027072037,-2.2265687e-09,-1.5719037e-09
3,81,-0.08490956,-0.113593295,-0.09882924,-0.1031279,0.009383484,-0.027536891,-2.2265687e-09,-1.5719037e-09
3,82,-0.08526072,-0.11375965,-0.09882924,-0.1031279,0.009146761,-0.027974615,-2.2265687e-09,-1.5719037e-09
3,83,-0.08561803,-0.11391565,-0.09882924,-0.1031279,0.008905894,-0.028385086,-2.2265687e-09,-1.5719037e-09
3,84,-0.08598108,-0.11406121,-0.09882924,-0.1031279,0.008661155,-0.028768074,-2.2265687e-09,-1.5719037e-09
3,85,-0.08634947,-0.11419633,-0.09882924,-0.1031279,0.008412814,-0.029123617,-2.2265687e-09,-1.5719037e-09
3,86,-0.08672276,-0.11432101,-0.09882924,-0.1031279,0.008161174,-0.029451674,-2.2265687e-09,-1.5719037e-09
3,87,-0.087100565,-0.114435196,-0.09882924,-0.1031279,0.00790649,-0.029752128,-2.2265687e-09,-1.5719037e-09
3,88,-0.08748244,-0.11453894,-0.09882924,-0.1031279,0.0076490636,-0.030025097,-2.2265687e-09,-1.5719037e-09
3,89,-0.087867945,-0.114632174,-0.09882924,-0.1031279,0.0073891864,-0.030270424,-2.2265687e-09,-1.5719037e-09
3,90,-0.0882567,-0.114714995,-0.09882924,-0.1031279,0.007127119,-0.030488344,-2.2265687e-09,-1.5719037e-09
3,91,-0.08864828,-0.114787385,-0.09882924,-0.1031279,0.006863149,-0.030678818,-2.2265687e-09,-1.5719037e-09
3,92,-0.08904226,-0.11484943,-0.09882924,-0.1031279,0.006597561,-0.030842083,-2.2265687e-09,-1.5719037e-09
3,93,-0.08943826,-0.114901125,-0.09882924,-0.1031279,0.0063306116,-0.030978097,-2.2265687e-09,-1.5719037e-09
3,94,-0.08983582,-0.114942625,-0.09882924,-0.1031279,0.006062608,-0.03108729,-2.2265687e-09,-1.5719037e-09
3,95,-0.09023456,-0.11497386,-0.09882924,-0.1031279,0.005793811,-0.031169472,-2.2265687e-09,-1.5719037e-09
3,96,-0.09063409,-0.114995,-0.09882924,-0.1031279,0.005524481,-0.03122511,-2.2265687e-09,-1.5719037e-09
3,97,-0.091033995,-0.11500615,-0.09882924,-0.1031279,0.0052549005,-0.031254437,-2.2265687e-09,-1.5719037e-09
3,98,-0.09143387,-0.11500734,-0.09882924,-0.1031279,0.00498534,-0.031257574,-2.2265687e-09,-1.5719037e-09
3,99,-0.09183331,-0.1149987,-0.09882924,-0.1031279,0.0047160704,-0.031234832,-2.2265687e-09,-1.5719037e-09
3,100,-0.092231974,-0.11498037,-0.09882924,-0.1031279,0.0044473233,-0.031186607,-2.2265687e-09,-1.5719037e-09
3,101,-0.09262943,-0.114952415,-0.09882924,-0.1031279,0.0041793897,-0.03111305,-2.2265687e-09,-1.5719037e-09
3,102,-0.09302533,-0.11491504,-0.09882924,-0.1031279,0.0039125113,-0.031014716,-2.2265687e-09,-1.5719037e-09
3,103,-0.09341928,-0.11486831,-0.09882924,-0.1031279,0.0036469384,-0.03089176,-2.2265687e-09,-1.5719037e-09
3,104,-0.09381096,-0.11481242,-0.09882924,-0.1031279,0.0033829024,-0.030744689,-2.2265687e-09,-1.5719037e-09
3,105,-0.09419993,-0.114747494,-0.09882924,-0.1031279,0.0031206897,-0.030573858,-2.2265687e-09,-1.5719037e-09
3,106,-0.094585896,-0.114673674,-0.09882924,-0.1031279,0.002860506,-0.03037962,-2.2265687e-09,-1.5719037e-09
3,107,-0.09496848,-0.11459118,-0.09882924,-0.1031279,0.0026025975,-0.030162562,-2.2265687e-09,-1.5719037e-09
3,108,-0.09534738,-0.11450018,-0.09882924,-0.1031279,0.0023471753,-0.029923115,-2.2265687e-09,-1.5719037e-09
3,109,-0.09572224,-0.114400804,-0.09882924,-0.1031279,0.0020944753,-0.029661635,-2.2265687e-09,-1.5719037e-09
3,110,-0.096092716,-0.11429329,-0.09882924,-0.1031279,0.0018447336,-0.029378746,-2.2265687e-09,-1.5719037e-09
3,111,-0.09645851,-0.11417778,-0.09882924,-0.1031279,0.0015981459,-0.029074801,-2.2265687e-09,-1.5719037e-09
3,112,-0.09681931,-0.114054516,-0.09882924,-0.1031279,0.0013549236,-0.02875047,-2.2265687e-09,-1.5719037e-09
3,113,-0.09717481,-0.11392367,-0.09882924,-0.1031279,0.0011152772,-0.02840618,-2.2265687e-09,-1.5719037e-09
3,114,-0.09752472,-0.113785475,-0.09882924,-0.1031279,0.0008793977,-0.028042562,-2.2265687e-09,-1.5719037e-09
3,115,-0.09786874,-0.11364013,-0.09882924,-0.1031279,0.000647486,-0.027660124,-2.2265687e-09,-1.5719037e-09
3,116,-0.098206624,-0.113487855,-0.09882924,-0.1031279,0.00041971295,-0.027259452,-2.2265687e-09,-1.5719037e-09
3,117,-0.09853807,-0.11332889,-0.09882924,-0.1031279,0.00019627939,-0.026841177,-2.2265687e-09,-1.5719037e-09
3,118,-0.09886287,-0.11316347,-0.09882924,-0.1031279,-2.267406e-05,-0.026405925,-2.2265687e-09,-1.5719037e-09
3,119,-0.09918073,-0.112991765,-0.09882924,-0.1031279,-0.00023694646,-0.025954125,-2.2265687e-09,-1.5719037e-09
3,120,-0.0994914,-0.1128141,-0.09882924,-0.1031279,-0.00044637715,-0.025486644,-2.2265687e-09,-1.5719037e-09
3,121,-0.0997947,-0.11263062,-0.09882924,-0.1031279,-0.0006508355,-0.025003871,-2.2265687e-09,-1.5719037e-09
3,122,-0.100090384,-0.112441614,-0.09882924,-0.1031279,-0.0008501607,-0.024506552,-2.2265687e-09,-1.5719037e-09
3,123,-0.10037823,-0.11224732,-0.09882924,-0.1031279,-0.0010442022,-0.023995314,-2.2265687e-09,-1.5719037e-09
3,124,-0.10065809,-0.112047985,-0.09882924,-0.1031279,-0.0012328597,-0.023470823,-2.2265687e-09,-1.5719037e-09
3,125,-0.10092969,-0.11184387,-0.09882924,-0.1031279,-0.001415952,-0.022933746,-2.2265687e-09,-1.5719037e-09
3,126,-0.10119292,-0.11163524,-0.09882924,-0.1031279,-0.0015933991,-0.022384789,-2.2265687e-09,-1.5719037e-09
3,127,-0.10144758,-0.1114223,-0.09882924,-0.1031279,-0.0017650701,-0.021824501,-2.2265687e-09,-1.5719037e-09
3,128,-0.10169351,-0.11120534,-0.09882924,-0.1031279,-0.0019308547,-0.021253627,-2.2265687e-09,-1.5719037e-09
3,129,-0.10193059,-0.11098458,-0.09882924,-0.1031279,-0.0020906725,-0.020672753,-2.2265687e-09,-1.5719037e-09
3,130,-0.10215865,-0.110760316,-0.09882924,-0.1031279,-0.0022444131,-0.020082666,-2.2265687e-09,-1.5719037e-09
3,131,-0.10237756,-0.11053279,-0.09882924,-0.1031279,-0.0023919859,-0.019483993,-2.2265687e-09,-1.5719037e-09
3,132,-0.10258722,-0.11030227,-0.09882924,-0.1031279,-0.0025333208,-0.01887744,-2.2265687e-09,-1.5719037e-09
3,133,-0.102787524,-0.11006902,-0.09882924,-0.1031279,-0.0026683472,-0.018263709,-2.2265687e-09,-1.5719037e-09
3,134,-0.10297836,-0.109833255,-0.09882924,-0.1031279,-0.002796995,-0.017643353,-2.2265687e-09,-1.5719037e-09
3,135,-0.10315965,-0.10959527,-0.09882924,-0.1031279,-0.002919204,-0.017017156,-2.2265687e-09,-1.5719037e-09
3,136,-0.10333131,-0.109355316,-0.09882924,-0.1031279,-0.0030349237,-0.016385783,-2.2265687e-09,-1.5719037e-09
3,137,-0.10349327,-0.10911365,-0.09882924,-0.1031279,-0.003144104,-0.015749902,-2.2265687e-09,-1.5719037e-09
3,138,-0.10364552,-0.10887051,-0.09882924,-0.1031279,-0.003246735,-0.015110138,-2.2265687e-09,-1.5719037e-09
3,139,-0.10378796,-0.10862617,-0.09882924,-0.1031279,-0.0033427563,-0.0144672375,-2.2265687e-09,-1.5719037e-09
3,140,-0.103920564,-0.108380914,-0.09882924,-0.1031279,-0.003432148,-0.013821906,-2.2265687e-09,-1.5719037e-09
3,141,-0.104043335,-0.10813494,-0.09882924,-0.1031279,-0.0035149097,-0.013174693,-2.2265687e-09,-1.5719037e-09
3,142,-0.104156226,-0.10788852,-0.09882924,-0.1031279,-0.0035910115,-0.0125263035,-2.2265687e-09,-1.5719037e-09
3,143,-0.10425925,-0.107641906,-0.09882924,-0.1031279,-0.0036604635,-0.0118774045,-2.2265687e-09,-1.5719037e-09
3,144,-0.1043524,-0.10739532,-0.09882924,-0.1031279,-0.0037232554,-0.011228584,-2.2265687e-09,-1.5719037e-09
3,145,-0.10443571,-0.10714902,-0.09882924,-0.1031279,-0.0037794176,-0.010580508,-2.2265687e-09,-1.5719037e-09
3,146,-0.10450916,-0.10690324,-0.09882924,-0.1031279,-0.00382893,-0.009933805,-2.2265687e-09,-1.5719037e-09
3,147,-0.10457285,-0.10665822,-0.09882924,-0.1031279,-0.003871863,-0.009289101,-2.2265687e-09,-1.5719037e-09
3,148,-0.10462677,-0.10641423,-0.09882924,-0.1031279,-0.0039082114,-0.008647103,-2.2265687e-09,-1.5719037e-09
3,149,-0.104671,-0.106171414,-0.09882924,-0.1031279,-0.00393803,-0.008008202,-2.2265687e-09,-1.5719037e-09
3,150,-0.10470557,-0.10593006,-0.09882924,-0.1031279,-0.003961335,-0.007373143,-2.2265687e-09,-1.5719037e-09
3,151,-0.10473059,-0.105690405,-0.09882924,-0.1031279,-0.0039782007,-0.0067425543,-2.2265687e-09,-1.5719037e-09
3,152,-0.1047461,-0.1054526,-0.09882924,-0.1031279,-0.0039886576,-0.0061168275,-2.2265687e-09,-1.5719037e-09
3,153,-0.10475223,-0.10521692,-0.09882924,-0.1031279,-0.003992786,-0.0054967073,-2.2265687e-09,-1.5719037e-09
3,154,-0.104749024,-0.10498355,-0.09882924,-0.1031279,-0.0039906264,-0.004882664,-2.2265687e-09,-1.5719037e-09
3,155,-0.104736626,-0.10475269,-0.09882924,-0.1031279,-0.0039822687,-0.004275208,-2.2265687e-09,-1.5719037e-09
3,156,-0.104715124,-0.10452458,-0.09882924,-0.1031279,-0.0039677736,-0.0036750056,-2.2265687e-09,-1.5719037e-09
3,157,-0.104684666,-0.10429935,-0.09882924,-0.1031279,-0.0039472417,-0.0030823706,-2.2265687e-09,-1.5719037e-09
3,158,-0.104645334,-0.104077265,-0.09882924,-0.1031279,-0.0039207274,-0.0024980085,-2.2265687e-09,-1.5719037e-09
3,159,-0.1045973,-0.1038584,-0.09882924,-0.1031279,-0.003888347,-0.0019221153,-2.2265687e-09,-1.5719037e-09
3,160,-0.10454069,-0.103643045,-0.09882924,-0.1031279,-0.0038501855,-0.0013554754,-2.2265687e-09,-1.5719037e-09
3,161,-0.104475655,-0.10343133,-0.09882924,-0.1031279,-0.0038063435,-0.0007984024,-2.2265687e-09,-1.5719037e-09
3,162,-0.10440235,-0.10322343,-0.09882924,-0.1031279,-0.0037569266,-0.00025136667,-2.2265687e-09,-1.5719037e-09
3,163,-0.10432093,-0.10301952,-0.09882924,-0.1031279,-0.00370204,0.0002851612,-2.2265687e-09,-1.5719037e-09
3,164,-0.10423158,-0.10281971,-0.09882924,-0.1031279,-0.0036418096,0.0008109067,-2.2265687e-09,-1.5719037e-09
3,165,-0.104134455,-0.10262424,-0.09882924,-0.1031279,-0.0035763355,0.0013252427,-2.2265687e-09,-1.5719037e-09
3,166,-0.104029745,-0.10243319,-0.09882924,-0.1031279,-0.0035057485,0.0018279337,-2.2265687e-09,-1.5719037e-09
3,167,-0.10391761,-0.1022467,-0.09882924,-0.1031279,-0.003430159,0.002318627,-2.2265687e-09,-1.5719037e-09
3,168,-0.1037983,-0.10206492,-0.09882924,-0.1031279,-0.0033497277,0.0027969303,-2.2265687e-09,-1.5719037e-09
3,169,-0.10367195,-0.101887986,-0.09882924,-0.1031279,-0.0032645552,0.003262491,-2.2265687e-09,-1.5719037e-09
3,170,-0.10353881,-0.10171603,-0.09882924,-0.1031279,-0.003174802,0.0037149559,-2.2265687e-09,-1.5719037e-09
3,171,-0.10339904,-0.10154912,-0.09882924,-0.1031279,-0.0030805788,0.0041541294,-2.2265687e-09,-1.5719037e-09
3,172,-0.10325286,-0.101387426,-0.09882924,-0.1031279,-0.0029820362,0.00457958,-2.2265687e-09,-1.5719037e-09
3,173,-0.103100486,-0.10123102,-0.09882924,-0.1031279,-0.00287932,0.0049911113,-2.2265687e-09,-1.5719037e-09
3,174,-0.10294216,-0.10108003,-0.09882924,-0.1031279,-0.0027725904,0.00538841,-2.2265687e-09,-1.5719037e-09
3,175,-0.10277806,-0.10093446,-0.09882924,-0.1031279,-0.0026619686,0.0057714367,-2.2265687e-09,-1.5719037e-09
3,176,-0.10260844,-0.100794464,-0.09882924,-0.1031279,-0.002547625,0.0061398,-2.2265687e-09,-1.5719037e-09
3,177,-0.10243352,-0.100660115,-0.09882924,-0.1031279,-0.0024297053,0.0064933025,-2.2265687e-09,-1.5719037e-09
3,178,-0.10225353,-0.10053153,-0.09882924,-0.1031279,-0.0023083703,0.006831632,-2.2265687e-09,-1.5719037e-09
3,179,-0.10206869,-0.10040867,-0.09882924,-0.1031279,-0.0021837708,0.0071549052,-2.2265687e-09,-1.5719037e-09
3,180,-0.101879254,-0.1002917,-0.09882924,-0.1031279,-0.002056067,0.0074626915,-2.2265687e-09,-1.5719037e-09
3,181,-0.101685435,-0.10018055,-0.09882924,-0.1031279,-0.0019254102,0.007755147,-2.2265687e-09,-1.5719037e-09
3,182,-0.1014875,-0.100075394,-0.09882924,-0.1031279,-0.0017919809,0.00803184,-2.2265687e-09,-1.5719037e-09
3,183,-0.10128565,-0.09997618,-0.09882924,-0.1031279,-0.0016559098,0.00829289,-2.2265687e-09,-1.5719037e-09
3,184,-0.101080164,-0.09988299,-0.09882924,-0.1031279,-0.0015173876,0.0085381,-2.2265687e-09,-1.5719037e-09
3,185,-0.100871265,-0.09979585,-0.09882924,-0.1031279,-0.0013765651,0.008767391,-2.2265687e-09,-1.5719037e-09
3,186,-0.1006592,-0.09971474,-0.09882924,-0.1031279,-0.001233608,0.008980802,-2.2265687e-09,-1.5719037e-09
3,187,-0.10044419,-0.099639714,-0.09882924,-0.1031279,-0.001088667,0.009178217,-2.2265687e-09,-1.5719037e-09
3,188,-0.10022652,-0.09957078,-0.09882924,-0.1031279,-0.00094193296,0.009359594,-2.2265687e-09,-1.5719037e-09
3,189,-0.1000064,-0.09950793,-0.09882924,-0.1031279,-0.00079354644,0.009524975,-2.2265687e-09,-1.5719037e-09
3,190,-0.099784076,-0.09945114,-0.09882924,-0.1031279,-0.00064367335,0.009674398,-2.2265687e-09,-1.5719037e-09
3,191,-0.099559814,-0.09940043,-0.09882924,-0.1031279,-0.0004924943,0.009807825,-2.2265687e-09,-1.5719037e-09
3,192,-0.09933382,-0.09935577,-0.09882924,-0.1031279,-0.00034015003,0.009925332,-2.2265687e-09,-1.5719037e-09
3,193,-0.099106364,-0.09931719,-0.09882924,-0.1031279,-0.00018681631,0.010026843,-2.2265687e-09,-1.5719037e-09
3,194,-0.09887768,-0.09928456,-0.09882924,-0.1031279,-3.2658907e-05,0.010112709,-2.2265687e-09,-1.5719037e-09
3,195,-0.098648,-0.09925793,-0.09882924,-0.1031279,0.00012217654,0.010182775,-2.2265687e-09,-1.5719037e-09
3,196,-0.09841755,-0.09923723,-0.09882924,-0.1031279,0.00027752432,0.010237236,-2.2265687e-09,-1.5719037e-09
3,197,-0.09818658,-0.09922242,-0.09882924,-0.1031279,0.0004332236,0.010276209,-2.2265687e-09,-1.5719037e-09
3,198,-0.09795533,-0.099213466,-0.09882924,-0.1031279,0.0005891138,0.010299773,-2.2265687e-09,-1.5719037e-09
3,199,-0.097724006,-0.09921028,-0.09882924,-0.1031279,0.0007450543,0.010308164,-2.2265687e-09,-1.5719037e-09
3,200,-0.10013115,0.15160316,-0.09143764,0.2749412,-0.00087763916,0.67025644,0.0049827984,0.99478745
3,201,-0.088820845,0.25752634,-0.07676028,0.27081034,0.006746821,0.9489649,0.014877048,0.98391813
3,202,-0.07350165,0.3026035,-0.062250495,0.26635566,0.017073745,1.0675734,0.024658332,0.9721969
3,203,-0.05744711,0.31423354,-0.047920786,0.2615848,0.027896373,1.0981747,0.034318224,0.9596436
3,204,-0.04165648,0.30866832,-0.03378334,0.2565056,0.038541097,1.0835313,0.043848515,0.9462791
3,205,-0.026360694,0.2953291,-0.019850027,0.25112632,0.04885224,1.0484327,0.053241186,0.932125
3,206,-0.011576444,0.2794457,-0.0061324034,0.24545525,0.05881855,1.0066398,0.06248846,0.917203
3,207,0.0027226023,0.2636757,0.0073583126,0.23950107,0.06845777,0.96514523,0.07158278,0.90153617
3,208,0.016563226,0.24915524,0.02061124,0.23327257,0.07778796,0.92693853,0.08051679,0.8851476
3,209,0.029966917,0.23618084,0.03361585,0.22677876,0.08682361,0.8927999,0.089283414,0.8680608
3,210,0.042951647,0.22463486,0.04636196,0.22002886,0.09557683,0.8624198,0.097875774,0.8503003
3,211,0.055533435,0.2142352,0.05883976,0.21303222,0.10405842,0.8350558,0.10628726,0.8318905
3,212,0.067726895,0.20466954,0.07103979,0.20579837,0.11227824,0.8098864,0.114511505,0.81285655
3,213,0.07954484,0.19565849,0.08295299,0.19833696,0.120244905,0.7861762,0.122542396,0.7932239
3,214,0.09099805,0.1869784,0.094570674,0.19065775,0.1279657,0.7633369,0.13037406,0.77301806
3,215,0.10209486,0.1784631,0.10588453,0.18277064,0.13544625,0.74093115,0.13800092,0.75226533
3,216,0.11284125,0.1699965,0.11688664,0.17468563,0.14269057,0.7186536,0.14541762,0.7309918
3,217,0.12324092,0.16150191,0.12756947,0.16641276,0.14970115,0.69630235,0.1526191,0.70922387
3,218,0.13329563,0.15293214,0.1379259,0.15796217,0.1564792,0.6737533,0.15960054,0.6869885
3,219,0.14300562,0.14426069,0.14794917,0.14934409,0.16302487,0.6509367,0.1663574,0.6643123
3,220,0.15236995,0.13547522,0.15763296,0.14056873,0.16933751,0.6278201,0.17288539,0.6412223
3,221,0.16138688,0.12657267,0.16697133,0.13164638,0.17541598,0.60439545,0.17918055,0.6177455
3,222,0.17005417,0.11755577,0.17595874,0.12258733,0.18125874,0.5806699,0.18523909,0.5939091
3,223,0.1783693,0.10843091,0.18459004,0.113401875,0.1868641,0.55666023,0.19105761,0.56974
3,224,0.18632965,0.09920643,0.19286053,0.104100324,0.1922303,0.5323885,0.19663286,0.54526544
3,225,0.19393276,0.08989189,0.20076585,0.09469296,0.19735567,0.5078798,0.20196198,0.5205125
3,226,0.20117621,0.080497324,0.20830208,0.08519004,0.2022386,0.48316053,0.20704228,0.49550813
3,227,0.2080579,0.071033,0.2154657,0.0756018,0.20687766,0.45825768,0.2118714,0.47027925
3,228,0.21457605,0.061509144,0.22225356,0.06593842,0.21127166,0.4331982,0.2164472,0.44485265
3,229,0.22072904,0.0519359,0.22866295,0.05621002,0.21541949,0.40800878,0.22076787,0.41925496
3,230,0.22651584,0.042323302,0.2346915,0.046426672,0.21932048,0.38271582,0.22483182,0.39351273
3,231,0.23193549,0.03268105,0.24033728,0.036598373,0.22297394,0.3573448,0.22863774,0.36765218
3,232,0.23698764,0.02301881,0.24559872,0.026735038,0.22637968,0.33192122,0.23218454,0.34169948
3,233,0.24167208,0.013345923,0.25047463,0.016846493,0.22953755,0.30646962,0.2354715,0.3156804
3,234,0.24598913,0.0036715157,0.25496426,0.006942471,0.23244773,0.281014,0.23849803,0.28962067
3,235,0.24993925,-0.0059954897,0.25906718,-0.0029673972,0.23511058,0.25557786,0.24126387,0.26354548
3,236,0.25352335,-0.015646365,0.26278332,-0.012873591,0.23752668,0.23018418,0.24376899,0.23748
3,237,0.25674263,-0.025272634,0.266113,-0.022766704,0.23969686,0.20485523,0.24601358,0.21144892
3,238,0.25959858,-0.03486607,0.26905698,-0.032637455,0.2416221,0.17961268,0.24799816,0.18547669
3,239,0.26209295,-0.04441854,0.27161622,-0.042476688,0.2433036,0.15447792,0.24972339,0.15958738
3,240,0.26422775,-0.05392229,0.2737922,-0.05227538,0.24474269,0.12947135,0.25119025,0.13380477
3,241,0.26600528,-0.06336959,0.27558666,-0.06202465,0.24594095,0.10461333,0.25239992,0.10815217
3,242,0.26742807,-0.072753,0.27700168,-0.071715765,0.24690008,0.0799234,0.2533538,0.0826526
3,243,0.2684988,-0.08206527,0.2780397,-0.08134013,0.2476219,0.055420656,0.25405356,0.05732867
3,244,0.2692205,-0.091299266,0.2787035,-0.09088933,0.24810839,0.031123867,0.25450104,0.032202512
3,245,0.26959637,-0.10044806,0.2789962,-0.10035507,0.24836177,0.0070512774,0.25469837,0.0072959578
3,246,0.26962963,-0.10950488,0.27892116,-0.10972924,0.2483842,-0.016779318,0.25464776,-0.01736966
3,247,0.26932386,-0.118463114,0.27848214,-0.11900391,0.24817806,-0.04035051,0.25435182,-0.04177346
3,248,0.2686828,-0.12731627,0.2776832,-0.12817128,0.24774593,-0.06364521,0.25381324,-0.06589495
3,249,0.2677103,-0.136058,0.27652863,-0.1372238,0.24709034,-0.08664674,0.25303492,-0.089714214
3,250,0.2664104,-0.14468208,0.2750231,-0.146154,0.24621406,-0.109338686,0.25202003,-0.113211654
3,251,0.2647873,-0.1531824,0.27317148,-0.15495469,0.24511988,-0.131705,0.25077182,-0.13636829
3,252,0.26284525,-0.161553,0.27097902,-0.1636188,0.24381073,-0.15372998,0.24929383,-0.15916559
3,253,0.26058885,-0.16978794,0.26845115,-0.17213948,0.24228966,-0.17539804,0.24758977,-0.18158548
3,254,0.25802276,-0.1778815,0.26559362,-0.18051009,0.24055982,-0.19669405,0.24566345,-0.20361048
3,255,0.2551517,-0.18582809,0.26241237,-0.18872413,0.23862438,-0.21760337,0.24351892,-0.22522353
3,256,0.25198063,-0.1936221,0.2589137,-0.19677538,0.23648672,-0.23811121,0.24116041,-0.24640822
3,257,0.2485147,-0.20125812,0.255104,-0.20465775,0.23415026,-0.25820336,0.23859224,-0.26714858
3,258,0.24475907,-0.20873076,0.25099006,-0.21236539,0.23161852,-0.2778656,0.23581895,-0.28742915
3,259,0.24071918,-0.21603486,0.24657877,-0.21989267,0.22889517,-0.2970844,0.23284522,-0.30723518
3,260,0.23640059,-0.2231654,0.24187729,-0.22723417,0.22598395,-0.31584647,0.22967589,-0.32655236
3,261,0.23180898,-0.23011729,0.23689294,-0.23438466,0.22288866,-0.33413854,0.22631586,-0.34536695
3,262,0.22695024,-0.23688576,0.23163332,-0.24133915,0.21961331,-0.35194793,0.22277024,-0.36366582
3,263,0.22183038,-0.24346611,0.22610615,-0.24809287,0.21616192,-0.36926237,0.2190443,-0.38143647
3,264,0.21645562,-0.24985385,0.22031935,-0.2546413,0.2125387,-0.38606998,0.21514331,-0.39866686
3,265,0.21083228,-0.2560445,0.21428104,-0.2609801,0.20874792,-0.40235904,0.21107279,-0.41534573
3,266,0.20496686,-0.26203385,0.20799947,-0.26710516,0.20479394,-0.4181184,0.20683828,-0.4314622
3,267,0.19886607,-0.2678179,0.20148304,-0.27301264,0.20068131,-0.4333376,0.20244546,-0.44700614
3,268,0.19253679,-0.27339274,0.19474036,-0.2786989,0.19641463,-0.44800624,0.1979001,-0.46196797
3,269,0.185986,-0.27875474,0.1877801,-0.28416058,0.19199863,-0.46211493,0.19320807,-0.47633895
3,270,0.17922096,-0.28390035,0.18061109,-0.2893945,0.1874382,-0.4756542,0.18837532,-0.4901106
3,271,0.17224894,-0.28882632,0.1732423,-0.29439774,0.18273826,-0.48861557,0.1834079,-0.5032753
3,272,0.16507755,-0.29352966,0.16568275,-0.29916766,0.1779039,-0.50099117,0.17831188,-0.51582605
3,273,0.15771449,-0.29800752,0.15794162,-0.3037018,0.17294036,-0.51277345,0.17309345,-0.5277564
3,274,0.15016763,-0.30225736,0.15002814,-0.307998,0.1678529,-0.52395576,0.16775885,-0.5390607
3,275,0.14244497,-0.30627686,0.14195165,-0.31205428,0.16264692,-0.534532,0.16231437,-0.54973376
3,276,0.13455476,-0.3100639,0.13372155,-0.31586897,0.157328,-0.5444966,0.15676631,-0.55977106
3,277,0.12650533,-0.31361663,0.12534729,-0.3194406,0.15190175,-0.55384463,0.1511211,-0.56916887
3,278,0.118305236,-0.31693363,0.11683838,-0.32276797,0.14637393,-0.5625724,0.1453851,-0.57792395
3,279,0.109963134,-0.32001346,0.10820438,-0.32585013,0.14075038,-0.5706762,0.13956477,-0.5860338
3,280,0.10148786,-0.32285526,0.09945487,-0.32868636,0.13503706,-0.5781536,0.13366657,-0.59349656
3,281,0.092888385,-0.32545817,0.09059947,-0.33127615,0.12924,-0.5850025,0.127697,-0.6003109
3,282,0.08417381,-0.32782173,0.0816478,-0.33361933,0.12336537,-0.5912216,0.12166254,-0.60647637
3,283,0.075353354,-0.3299457,0.07260947,-0.3357159,0.117419355,-0.5968102,0.11556966,-0.6119929
3,284,0.066436365,-0.33183032,0.06349412,-0.33756608,0.11140827,-0.6017691,0.10942485,-0.61686116
3,285,0.05743235,-0.33347583,0.05431136,-0.33917043,0.105338514,-0.6060988,0.103234604,-0.6210826
3,286,0.048350837,-0.3348829,0.04507076,-0.34052962,0.09921652,-0.6098011,0.09700535,-0.62465894
3,287,0.03920151,-0.33605236,0.035781875,-0.3416447,0.0930488,-0.61287826,0.09074357,-0.627593
3,288,0.029994097,-0.33698538,0.026454214,-0.34251684,0.08684193,-0.61533326,0.08445564,-0.6298878
3,289,0.02073839,-0.3376834,0.01709723,-0.34314746,0.080602504,-0.6171699,0.07814794,-0.6315471
3,290,0.011444263,-0.33814806,0.0077203144,-0.34353828,0.074337184,-0.6183925,0.07182681,-0.63257545
3,291,0.0021216236,-0.3383813,-0.0016672045,-0.34369114,0.068052635,-0.6190062,0.06549852,-0.63297766
3,292,-0.007219635,-0.33838522,-0.011056081,-0.3436082,0.061755545,-0.6190165,0.059169326,-0.6327594
3,293,-0.016569559,-0.33816224,-0.020437157,-0.3432918,0.055452604,-0.61842984,0.052845392,-0.6319269
3,294,-0.025918214,-0.3377149,-0.029801365,-0.34274444,0.049150523,-0.6172528,0.046532825,-0.63048667
3,295,-0.0352557,-0.33704615,-0.039139748,-0.34196892,0.04285597,-0.6154931,0.04023767,-0.6284461
3,296,-0.044572167,-0.33615893,-0.048443455,-0.3409682,0.036575586,-0.61315864,0.033965886,-0.62581295
3,297,-0.0538578,-0.3350564,-0.057703756,-0.33974543,0.030315986,-0.6102576,0.027723365,-0.62259555
3,298,-0.06310286,-0.33374208,-0.06691205,-0.33830395,0.024083741,-0.60679936,0.021515902,-0.6188027
3,299,-0.07229777,-0.33221954,-0.07605987,-0.33664736,0.017885301,-0.6027932,0.015349205,-0.61444384
3,300,-0.08143295,-0.3304925,-0.08513889,-0.33477935,0.011727121,-0.59824896,0.00922889,-0.60952866
3,301,-0.09049909,-0.3285649,-0.09414094,-0.33270383,0.00561549,-0.593177,0.0031604583,-0.6040675
3,302,-0.09948688,-0.32644087,-0.103057995,-0.33042488,-0.00044332846,-0.5875882,-0.0028506762,-0.59807104
3,303,-0.10838732,-0.3241246,-0.111882195,-0.32794675,-0.006443263,-0.58149356,-0.008799215,-0.5915505
3,304,-0.11719145,-0.3216204,-0.120605856,-0.32527387,-0.012378271,-0.57490444,-0.014679979,-0.58451754
3,305,-0.12589067,-0.3189328,-0.12922145,-0.3224108,-0.01824256,-0.5678327,-0.020487895,-0.5769841
3,306,-0.13447647,-0.31606632,-0.13772167,-0.31936222,-0.024030387,-0.56029034,-0.026218032,-0.56896263
3,307,-0.14294061,-0.3130257,-0.14609936,-0.31613302,-0.029736204,-0.5522898,-0.031865567,-0.5604659
3,308,-0.1512751,-0.30981568,-0.15434755,-0.31272814,-0.03535462,-0.54384345,-0.037425812,-0.5515068
3,309,-0.15947218,-0.30644122,-0.16245951,-0.3091527,-0.04088041,-0.53496444,-0.04289421,-0.542099
3,310,-0.1675244,-0.30290723,-0.17042866,-0.30541193,-0.046308536,-0.5256657,-0.04826635,-0.5322562
3,311,-0.17542453,-0.2992187,-0.17824866,-0.30151117,-0.051634148,-0.5159604,-0.05353794,-0.5219924
3,312,-0.18316567,-0.29538083,-0.18591337,-0.29745588,-0.056852575,-0.50586206,-0.058704846,-0.51132196
3,313,-0.19074114,-0.2913987,-0.19341686,-0.2932516,-0.061959323,-0.49538413,-0.063763075,-0.5002595
3,314,-0.19814464,-0.28727764,-0.20075344,-0.28890398,-0.06695015,-0.48454064,-0.06870878,-0.48881993
3,315,-0.20537011,-0.28302276,-0.2079176,-0.28441873,-0.07182096,-0.47334507,-0.07353826,-0.4770182
3,316,-0.21241182,-0.2786395,-0.2149041,-0.27980164,-0.07656789,-0.4618117,-0.07824798,-0.46486956
3,317,-0.2192643,-0.27413315,-0.22170791,-0.27505857,-0.081187256,-0.44995445,-0.082834534,-0.45238945
3,318,-0.22592245,-0.2695091,-0.22832422,-0.27019545,-0.08567563,-0.43778753,-0.0872947,-0.43959346
3,319,-0.23238139,-0.26477283,-0.23474848,-0.2652183,-0.0900297,-0.4253253,-0.0916254,-0.4264974
3,320,-0.23863663,-0.25992978,-0.24097633,-0.26013312,-0.09424646,-0.4125821,-0.0958237,-0.4131171
3,321,-0.2446839,-0.25498542,-0.24700369,-0.254946,-0.09832303,-0.39957234,-0.099886835,-0.3994686
3,322,-0.2505193,-0.24994522,-0.2528267,-0.24966304,-0.102256775,-0.38631043,-0.10381222,-0.38556793
3,323,-0.25613916,-0.24481475,-0.25844172,-0.24429041,-0.10604521,-0.37281096,-0.1075974,-0.3714313
3,324,-0.26154014,-0.23959959,-0.26384538,-0.23883425,-0.1096861,-0.35908863,-0.111240104,-0.35707486
3,325,-0.26671913,-0.2343052,-0.26903456,-0.23330075,-0.113177344,-0.3451579,-0.11473821,-0.34251493
3,326,-0.27167335,-0.22893721,-0.27400637,-0.22769608,-0.11651707,-0.33103347,-0.11808979,-0.32776776
3,327,-0.2764003,-0.2235013,-0.27875808,-0.22202645,-0.119703576,-0.31673032,-0.12129299,-0.31284967
3,328,-0.28089777,-0.21800295,-0.28328735,-0.21629803,-0.122735396,-0.30226287,-0.12434625,-0.29777685
3,329,-0.2851637,-0.21244779,-0.28759196,-0.210517,-0.12561113,-0.287646,-0.12724806,-0.28256562
3,330,-0.28919637,-0.20684144,-0.29167002,-0.20468955,-0.12832962,-0.27289435,-0.12999715,-0.26723224
3,331,-0.29299438,-0.20118959,-0.29551983,-0.19882177,-0.13088992,-0.25802305,-0.13259237,-0.25179276
3,332,-0.2965564,-0.19549781,-0.2991399,-0.19291979,-0.13329114,-0.24304666,-0.13503271,-0.23626329
3,333,-0.29988158,-0.18977174,-0.302529,-0.18698971,-0.13553269,-0.22798003,-0.13731737,-0.22065987
3,334,-0.30296913,-0.18401703,-0.30568624,-0.18103755,-0.13761406,-0.21283807,-0.1394457,-0.20499834
3,335,-0.30581847,-0.17823929,-0.3086108,-0.1750693,-0.13953485,-0.19763547,-0.1414172,-0.18929452
3,336,-0.30842945,-0.17244416,-0.31130219,-0.16909093,-0.14129496,-0.18238717,-0.14323151,-0.17356402
3,337,-0.310802,-0.16663724,-0.3137601,-0.1631083,-0.14289434,-0.1671078,-0.14488843,-0.15782236
3,338,-0.31293634,-0.16082412,-0.31598455,-0.15712729,-0.14433312,-0.15181214,-0.14638796,-0.14208493
3,339,-0.3148328,-0.15501036,-0.31797564,-0.15115364,-0.14561157,-0.13651478,-0.1477302,-0.12636685
3,340,-0.31649205,-0.14920159,-0.31973383,-0.14519307,-0.14673008,-0.12123056,-0.14891542,-0.11068322
3,341,-0.317915,-0.14340328,-0.3212597,-0.13925122,-0.14768931,-0.10597386,-0.14994404,-0.09504883
3,342,-0.31910267,-0.13762099,-0.3225541,-0.13333361,-0.14848995,-0.090759315,-0.15081662,-0.07947823
3,343,-0.32005632,-0.1318602,-0.32361808,-0.12744574,-0.14913282,-0.07560134,-0.15153386,-0.06398589
3,344,-0.32077745,-0.1261263,-0.3244529,-0.121592976,-0.14961894,-0.06051414,-0.15209663,-0.048585903
3,345,-0.3212678,-0.12042476,-0.32506007,-0.11578064,-0.1499495,-0.04551206,-0.15250593,-0.033292294
3,346,-0.32152924,-0.11476089,-0.32544124,-0.110013925,-0.15012574,-0.030609105,-0.15276289,-0.018118735
3,347,-0.32156387,-0.109139994,-0.3255983,-0.10429795,-0.15014908,-0.015819222,-0.15286876,-0.003078685
3,348,-0.32137406,-0.10356733,-0.3255333,-0.09863773,-0.15002114,-0.0011562576,-0.15282494,0.011814669
3,349,-0.32096228,-0.09804806,-0.32524857,-0.09303815,-0.14974354,0.013366223,-0.152633,0.026548462
3,350,-0.32033125,-0.09258728,-0.32474652,-0.08750403,-0.14931816,0.02773481,-0.15229456,0.041110013
3,351,-0.31948388,-0.08719005,-0.3240298,-0.08204004,-0.14874692,0.041936178,-0.1518114,0.055487033
3,352,-0.3184233,-0.08186129,-0.32310125,-0.07665077,-0.14803198,0.055957377,-0.15118545,0.06966746
3,353,-0.3171527,-0.07660587,-0.3219639,-0.071340665,-0.14717545,0.069785595,-0.15041876,0.08363958
3,354,-0.3156757,-0.07142854,-0.3206209,-0.066114075,-0.14617978,0.08340836,-0.14951341,0.09739194
3,355,-0.3139958,-0.066333994,-0.31907555,-0.06097522,-0.14504732,0.096813284,-0.14847167,0.11091346
3,356,-0.31211698,-0.06132674,-0.31733143,-0.055928186,-0.14378078,0.10998853,-0.14729592,0.12419338
3,357,-0.3100432,-0.056411292,-0.3153922,-0.050976936,-0.1423828,0.12292221,-0.14598866,0.13722126
3,358,-0.3077785,-0.05159192,-0.3132616,-0.046125315,-0.14085615,0.1356031,-0.14455238,0.149987
3,359,-0.30532733,-0.046872836,-0.31094363,-0.041377027,-0.13920376,0.1480201,-0.14298981,0.16248085
3,360,-0.30269423,-0.042258065,-0.30844244,-0.03673564,-0.13742875,0.16016263,-0.14130372,0.17469342
3,361,-0.29988372,-0.037751596,-0.3057622,-0.03220459,-0.13553414,0.17202018,-0.13949692,0.18661566
3,362,-0.29690066,-0.033357184,-0.30290732,-0.027787179,-0.13352321,0.1835829,-0.1375724,0.1982389
3,363,-0.29374993,-0.029078458,-0.29988226,-0.02348656,-0.13139924,0.19484122,-0.13553315,0.2095548
3,364,-0.29043663,-0.024918903,-0.29669172,-0.019305754,-0.1291657,0.20578597,-0.13338235,0.22055547
3,365,-0.28696588,-0.020881858,-0.29334033,-0.0152476365,-0.126826,0.21640839,-0.13112313,0.23123333
3,366,-0.283343,-0.016970456,-0.289833,-0.011314935,-0.124383755,0.2267002,-0.12875879,0.24158119
3,367,-0.27957335,-0.013187703,-0.28617465,-0.007510236,-0.121842586,0.23665349,-0.12629263,0.25159222
3,368,-0.27566248,-0.009536419,-0.28237036,-0.0038359778,-0.119206205,0.24626087,-0.12372809,0.26126006
3,369,-0.27161595,-0.006019231,-0.27842522,-0.0002944512,-0.11647837,0.2555154,-0.121068604,0.27057862
3,370,-0.26743942,-0.0026386268,-0.27434447,0.003112202,-0.113662906,0.26441056,-0.11831771,0.27954233
3,371,-0.26313865,0.000603091,-0.27013344,0.006381989,-0.110763684,0.27294025,-0.11547898,0.2881459
3,372,-0.25871944,0.003703855,-0.26579747,0.009513068,-0.10778462,0.2810991,-0.11255603,0.29638448
3,373,-0.25418767,0.0066617616,-0.26134205,0.012503746,-0.10472968,0.28888202,-0.10955256,0.30425364
3,374,-0.24954922,0.009475026,-0.25677264,0.015352484,-0.10160282,0.29628438,-0.10647225,0.31174934
3,375,-0.2448101,0.012142152,-0.2520948,0.01805789,-0.0984081,0.30330223,-0.10331884,0.3188679
3,376,-0.23997633,0.014661793,-0.24731423,0.02061873,-0.09514958,0.30993196,-0.10009618,0.32560605
3,377,-0.23505385,0.017032757,-0.24243653,0.023033913,-0.09183126,0.31617054,-0.09680804,0.33196098
3,378,-0.23004876,0.019254062,-0.23746741,0.025302503,-0.08845724,0.3220153,-0.09345827,0.33793014
3,379,-0.22496708,0.021324977,-0.2324126,0.027423719,-0.08503159,0.32746434,-0.09005075,0.34351158
3,380,-0.21981488,0.023244854,-0.2272779,0.029396921,-0.081558414,0.332516,-0.08658936,0.3487035
3,381,-0.2145982,0.025013294,-0.22206908,0.031221626,-0.07804176,0.33716917,-0.08307801,0.35350475
3,382,-0.20932303,0.026630092,-0.21679194,0.0328975,-0.07448569,0.34142333,-0.0795206,0.35791436
3,383,-0.20399542,0.028095186,-0.21145229,0.034424353,-0.070894256,0.34527835,-0.07592105,0.36193183
3,384,-0.1986214,0.02940873,-0.20605595,0.03580215,-0.067271546,0.34873456,-0.0722833,0.36555713
3,385,-0.19320686,0.030571025,-0.20060875,0.037030987,-0.06362151,0.35179287,-0.06861124,0.36879048
3,386,-0.18775778,0.031582583,-0.19511648,0.03811112,-0.05994819,0.3544545,-0.06490881,0.37163258
3,387,-0.18227996,0.03244402,-0.18958494,0.039042946,-0.056255504,0.35672113,-0.061179914,0.37408444
3,388,-0.17677927,0.033156205,-0.18401992,0.039826997,-0.0525474,0.35859504,-0.057428442,0.37614745
3,389,-0.17126147,0.033720125,-0.17842717,0.04046395,-0.048827764,0.36007884,-0.05365828,0.37782344
3,390,-0.16573226,0.03413691,-0.17281243,0.040954616,-0.045100432,0.3611755,-0.04987329,0.3791145
3,391,-0.1601973,0.034407895,-0.16718136,0.041299947,-0.041369226,0.36188856,-0.04607729,0.38002312
3,392,-0.15466213,0.034534503,-0.16153963,0.041501027,-0.037637874,0.36222166,-0.042274106,0.38055223
3,393,-0.14913227,0.034518357,-0.15589286,0.04155907,-0.033910103,0.36217922,-0.03846753,0.38070494
3,394,-0.14361311,0.034361232,-0.15024659,0.041475423,-0.030189551,0.36176574,-0.034661286,0.38048482
3,395,-0.13810998,0.03406496,-0.14460632,0.041251555,-0.026479797,0.3609862,-0.030859089,0.3798958
3,396,-0.13262814,0.03363156,-0.1389775,0.040889066,-0.0227844,0.35984585,-0.027064605,0.378942
3,397,-0.12717271,0.033063177,-0.13336551,0.040389672,-0.019106802,0.35835028,-0.023281472,0.377628
3,398,-0.121748775,0.032362092,-0.12777565,0.039755207,-0.015450439,0.35650554,-0.019513257,0.37595856
3,399,-0.11636126,0.031530637,-0.122213155,0.03898762,-0.011818627,0.3543178,-0.015763486,0.37393886
3,400,-0.11101501,0.030571345,-0.11668319,0.03808898,-0.008214629,0.35179368,-0.0120356465,0.3715743
3,401,-0.10571478,0.029486772,-0.11119082,0.037061464,-0.0046416605,0.34893993,-0.008333147,0.3688707
3,402,-0.100465216,0.028279629,-0.10574103,0.035907343,-0.0011028406,0.34576365,-0.004659355,0.36583394
3,403,-0.09527083,0.026952688,-0.10033872,0.034629006,0.0023987822,0.34227216,-0.0010175677,0.36247033
3,404,-0.090136014,0.02550884,-0.09498869,0.033228934,0.005860244,0.33847305,0.0025889764,0.35878643
3,405,-0.08506508,0.023951013,-0.08969564,0.031709705,0.009278643,0.33437404,0.0061571077,0.35478896
3,406,-0.08006221,0.022282247,-0.08446418,0.030073987,0.012651161,0.32998314,0.009683723,0.35048503
3,407,-0.0751314,0.02050569,-0.07929878,0.028324544,0.0159751,0.32530862,0.013165803,0.34588185
3,408,-0.07027664,0.0186245,-0.07420384,0.026464216,0.019247776,0.32035878,0.016600383,0.34098688
3,409,-0.065501705,0.016641904,-0.06918363,0.024495931,0.022466637,0.3151421,0.01998459,0.33580786
3,410,-0.060810253,0.014561232,-0.06424231,0.02242269,0.025629222,0.30966738,0.023315616,0.3303527
3,411,-0.056205854,0.012385786,-0.059383906,0.02024757,0.028733125,0.30394328,0.026590746,0.32462946
3,412,-0.05169189,0.010119032,-0.05461234,0.017973715,0.031776063,0.2979789,0.029807338,0.3186464
3,413,-0.047271695,0.0077643655,-0.0499314,0.015604341,0.03475579,0.29178324,0.032962836,0.31241202
3,414,-0.04294838,0.005325295,-0.045344755,0.013142718,0.037670206,0.2853655,0.03605477,0.30593494
3,415,-0.038724985,0.0028053299,-0.040855937,0.010592178,0.040517267,0.27873486,0.039080758,0.29922387
3,416,-0.034604363,0.00020803139,-0.036468353,0.007956107,0.04329505,0.27190077,0.0420385,0.29228777
3,417,-0.030589286,-0.002463065,-0.032185283,0.0052379468,0.046001673,0.2648725,0.044925787,0.28513566
3,418,-0.026682358,-0.005204309,-0.028009852,0.0024411704,0.048635397,0.25765964,0.047740515,0.2777767
3,419,-0.022886062,-0.008012157,-0.023945065,-0.0004306986,0.051194545,0.25027156,0.050480653,0.27022013
3,420,-0.019202722,-0.010882936,-0.019993778,-0.0033741,0.053677548,0.24271788,0.05314428,0.26247537
3,421,-0.015634548,-0.013813026,-0.016158719,-0.0063854395,0.056082908,0.23500812,0.055729557,0.25455183
3,422,-0.012183618,-0.01679882,-0.012442464,-0.009461093,0.05840924,0.2271518,0.058234744,0.24645908
3,423,-0.008851849,-0.019836675,-0.0088474555,-0.012597409,0.06065524,0.2191585,0.0606582,0.23820668
3,424,-0.005641043,-0.022922948,-0.005375988,-0.015790718,0.0628197,0.21103781,0.06299838,0.22980437
3,425,-0.002552852,-0.026054006,-0.0020302143,-0.019037325,0.0649015,0.20279926,0.06525382,0.22126177
3,426,0.00041120872,-0.02922624,0.0011878568,-0.02233353,0.06689962,0.19445238,0.06742317,0.2125887
3,427,0.0032497384,-0.03243609,0.0042763622,-0.025675617,0.068813115,0.18600652,0.069505185,0.2037949
3,428,0.005961459,-0.035679918,0.007233584,-0.02905986,0.07064114,0.17747125,0.0714987,0.19489016
3,429,0.008545283,-0.038954165,0.0100579485,-0.032482542,0.072382934,0.16885595,0.07340265,0.1858843
3,430,0.011000201,-0.042255316,0.012748029,-0.035939932,0.074037835,0.16016987,0.07521607,0.17678711
3,431,0.013325345,-0.04557987,0.015302543,-0.03942831,0.07560525,0.1514222,0.076938115,0.16760838
3,432,0.01551998,-0.04892428,0.017720353,-0.04294397,0.07708469,0.14262228,0.078568,0.15835786
3,433,0.017583508,-0.05228513,0.020000467,-0.046483207,0.07847575,0.1337791,0.08010506,0.1490453
3,434,0.019515451,-0.055658948,0.022142036,-0.05004234,0.079778105,0.12490181,0.08154873,0.1396804
3,435,0.021315444,-0.059042405,0.024144357,-0.053617697,0.08099151,0.11599915,0.08289853,0.1302728
3,436,0.022983257,-0.062432136,0.026006864,-0.05720564,0.08211581,0.107079975,0.08415408,0.1208321
3,437,0.024518799,-0.06582478,0.027729142,-0.060802545,0.083150946,0.09815315,0.085315086,0.11136781
3,438,0.025922071,-0.06921713,0.029310906,-0.06440482,0.08409691,0.08922709,0.086381376,0.10188938
3,439,0.027193185,-0.07260588,0.03075202,-0.06800891,0.08495379,0.08031051,0.087352864,0.0924062
3,440,0.028332394,-0.07598795,0.03205248,-0.07161128,0.08572175,0.07141149,0.08822952,0.08292753
3,441,0.02934007,-0.07936016,0.03321242,-0.07520845,0.086401045,0.06253843,0.08901146,0.07346254
3,442,0.030216675,-0.082719386,0.034232114,-0.07879696,0.08699198,0.053699523,0.08969885,0.064020336
3,443,0.030962821,-0.08606267,0.035111964,-0.08237343,0.08749497,0.044902567,0.09029197,0.054609805
3,444,0.03157917,-0.089386985,0.035852503,-0.0859345,0.08791046,0.036155522,0.09079118,0.045239817
3,445,0.032066513,-0.09268941,0.036454402,-0.08947684,0.088238984,0.027466075,0.091196924,0.035919096
3,446,0.032425802,-0.095967084,0.036918454,-0.0929972,0.08848119,0.018841757,0.09150975,0.026656207
3,447,0.032658022,-0.09921716,0.03724558,-0.09649238,0.08863773,0.01029005,0.091730274,0.017459583
3,448,0.032764282,-0.10243696,0.037436824,-0.09995923,0.08870936,0.001818014,0.0918592,0.00833749
3,449,0.032745805,-0.10562375,0.03749335,-0.103394665,0.088696904,-0.006567175,0.0918973,-0.00070193014
3,450,0.0326039,-0.10877484,0.037416447,-0.10679565,0.08860125,-0.01485842,0.09184546,-0.00965072
3,451,0.03233997,-0.11188774,0.037207514,-0.11015924,0.08842333,-0.023049176,0.091704614,-0.018501097
3,452,0.0319555,-0.11495988,0.036868073,-0.11348253,0.08816414,-0.031132694,0.09147579,-0.027245436
3,453,0.031452116,-0.11798887,0.03639975,-0.11676268,0.087824814,-0.039102666,0.09116009,-0.035876285
3,454,0.030831438,-0.120972276,0.035804275,-0.11999694,0.087406404,-0.0469527,0.09075867,-0.04438637
3,455,0.03009529,-0.12390782,0.035083506,-0.123182625,0.08691015,-0.054676794,0.090272784,-0.052768636
3,456,0.029245507,-0.12679328,0.03423938,-0.12631711,0.0863373,-0.06226911,0.08970375,-0.061016206
3,457,0.028284024,-0.12962645,0.03327395,-0.12939787,0.08568915,-0.069723845,0.08905294,-0.06912239
3,458,0.02721284,-0.13240522,0.03218936,-0.13242243,0.08496705,-0.07703543,0.08832179,-0.07708071
3,459,0.026034076,-0.13512757,0.03098785,-0.13538843,0.08417241,-0.084198564,0.08751184,-0.08488495
3,460,0.024749894,-0.13779154,0.029671751,-0.13829353,0.08330673,-0.09120809,0.08662463,-0.09252895
3,461,0.023362558,-0.14039522,0.028243486,-0.14113554,0.0823715,-0.098058976,0.08566181,-0.10000693
3,462,0.021874364,-0.1429368,0.026705556,-0.14391232,0.08136828,-0.10474644,0.084625065,-0.10731326
3,463,0.020287726,-0.14541456,0.02506055,-0.1466218,0.08029871,-0.11126602,0.08351615,-0.11444252
3,464,0.01860508,-0.14782682,0.023311133,-0.14926201,0.07916441,-0.117613226,0.082336836,-0.121389546
3,465,0.01682895,-0.150172,0.021460045,-0.15183108,0.07796709,-0.12378392,0.08108899,-0.12814935
3,466,0.014961947,-0.15244853,0.019510102,-0.1543272,0.07670851,-0.12977403,0.0797745,-0.13471723
3,467,0.013006706,-0.15465507,0.01746418,-0.15674867,0.07539045,-0.13557993,0.07839531,-0.14108868
3,468,0.010965925,-0.1567902,0.015325228,-0.15909387,0.07401472,-0.14119795,0.0769534,-0.14725944
3,469,0.00884236,-0.15885265,0.0130962515,-0.16136128,0.0725832,-0.14662474,0.075450815,-0.15322553
3,470,0.006638851,-0.16084121,0.010780317,-0.16354945,0.07109778,-0.15185711,0.073889606,-0.15898311
3,471,0.004358284,-0.16275483,0.008380543,-0.16565703,0.06956041,-0.15689228,0.072271876,-0.16452864
3,472,0.002003502,-0.16459233,0.0059001017,-0.16768277,0.06797301,-0.16172716,0.07059977,-0.16985883
3,473,-0.0004224889,-0.1663529,0.0033422092,-0.1696255,0.06633761,-0.16635963,0.068875454,-0.17497063
3,474,-0.00291669,-0.16803555,0.00071012776,-0.17148416,0.06465623,-0.17078708,0.06710112,-0.17986116
3,475,-0.005476054,-0.16963953,-0.0019928413,-0.17325775,0.06293092,-0.17500752,0.06527901,-0.1845279
3,476,-0.008097518,-0.1711641,-0.004763363,-0.1749454,0.061163746,-0.179019,0.063411355,-0.1889685
3,477,-0.010777969,-0.17260864,-0.007598067,-0.17654629,0.05935681,-0.18281995,0.061500434,-0.19318081
3,478,-0.013514228,-0.1739726,-0.010493553,-0.17805974,0.057512254,-0.18640885,0.059548542,-0.19716305
3,479,-0.016303163,-0.17525548,-0.013446396,-0.17948513,0.055632185,-0.18978438,0.05755798,-0.20091358
3,480,-0.019141553,-0.17645691,-0.016453149,-0.18082193,0.053718783,-0.19294564,0.055531077,-0.204431
3,481,-0.022026187,-0.17757657,-0.019510342,-0.1820697,0.051774204,-0.19589172,0.053470176,-0.20771419
3,482,-0.024953809,-0.17861421,-0.022614498,-0.18322814,0.04980064,-0.198622,0.05137761,-0.21076229
3,483,-0.027921177,-0.17956966,-0.02576212,-0.18429695,0.04780029,-0.201136,0.049255744,-0.21357459
3,484,-0.03092502,-0.18044287,-0.028949711,-0.18527602,0.045775354,-0.20343362,0.04710694,-0.21615075
3,485,-0.03396204,-0.18123387,-0.032173764,-0.18616526,0.043728046,-0.20551491,0.04493355,-0.21849054
3,486,-0.03702899,-0.18194267,-0.035430774,-0.18696468,0.041660562,-0.20737994,0.04273795,-0.220594
3,487,-0.040122554,-0.18256947,-0.038717233,-0.18767439,0.03957514,-0.2090292,0.040522493,-0.22246142
3,488,-0.043239422,-0.18311453,-0.04202965,-0.18829459,0.03747401,-0.21046336,0.038289536,-0.2240933
3,489,-0.04637634,-0.18357813,-0.04536453,-0.18882556,0.03535936,-0.21168321,0.03604144,-0.22549042
3,490,-0.04953004,-0.18396065,-0.0487184,-0.18926767,0.0332334,-0.2126897,0.03378054,-0.2266537
3,491,-0.052697223,-0.18426254,-0.0520878,-0.18962133,0.03109835,-0.21348406,0.031509172,-0.22758427
3,492,-0.05587464,-0.18448435,-0.055469286,-0.1898871,0.028956402,-0.21406768,0.029229658,-0.22828358
3,493,-0.05905905,-0.18462667,-0.058859438,-0.19006559,0.026809737,-0.21444216,0.0269443,-0.22875322
3,494,-0.06224727,-0.18469016,-0.06225487,-0.19015749,0.024660507,-0.21460922,0.024655383,-0.22899503
3,495,-0.06543605,-0.18467563,-0.06565221,-0.19016355,0.022510897,-0.214571,0.022365183,-0.22901098
3,496,-0.06862226,-0.1845838,-0.069048114,-0.19008462,0.02036302,-0.21432936,0.020075945,-0.22880329
3,497,-0.07180272,-0.18441555,-0.072439305,-0.18992163,0.01821902,-0.21388665,0.017789887,-0.22837444
3,498,-0.07497437,-0.18417192,-0.07582251,-0.18967555,0.016080957,-0.2132456,0.015509213,-0.22772695
3,499,-0.07813411,-0.18385375,-0.0791945,-0.18934746,0.013950924,-0.21240842,0.013236098,-0.22686365
3,500,-0.08059292,0.40703556,-0.06407313,0.7562343,0.012293399,1.3423582,0.023429664,2.261181
3,501,-0.053653948,0.6428345,-0.030719828,0.74639606,0.030453406,1.9627999,0.045913674,2.2352943
3,502,-0.0192229,0.74760085,0.002235151,0.73582745,0.053663947,2.2384646,0.06812917,2.207486
3,503,0.016951267,0.7822753,0.03476366,0.7245471,0.07804955,2.3297012,0.09005718,2.1778047
3,504,0.053017084,0.7793477,0.066838294,0.7125745,0.102362104,2.321998,0.11167921,2.146302
3,505,0.08829464,0.7574653,0.09843243,0.6999298,0.12614329,2.2644203,0.13297734,2.113031
3,506,0.122482106,0.7275844,0.12952024,0.686634,0.14918962,2.1857967,0.15393415,2.0780466
3,507,0.15546831,0.6959583,0.16007672,0.67270887,0.17142618,2.102581,0.17453277,2.0414064
3,508,0.18724905,0.6658006,0.19007775,0.65817654,0.19285008,2.0232291,0.19475697,2.0031683
3,509,0.21787135,0.63840944,0.21950008,0.64305985,0.21349308,1.9511566,0.21459103,1.9633929
3,510,0.24740182,0.61397815,0.24832132,0.627382,0.23340005,1.8868722,0.23401992,1.9221408
3,511,0.27591285,0.59214747,0.27652007,0.61116654,0.2526198,1.8294306,0.25302917,1.8794742
3,512,0.30347675,0.5723486,0.30407578,0.5944374,0.2712011,1.7773352,0.2716049,1.835456
3,513,0.33016148,0.55399173,0.3309689,0.5772189,0.28918973,1.7290341,0.289734,1.79015
3,514,0.35602733,0.53655607,0.35718077,0.5595354,0.30662632,1.6831567,0.30740386,1.7436206
3,515,0.38112417,0.5196206,0.38269374,0.5414113,0.3235445,1.6385956,0.32460257,1.6959319
3,516,0.40548924,0.5028647,0.40749106,0.5228713,0.3399694,1.594507,0.34131885,1.647149
3,517,0.42914677,0.48605517,0.43155703,0.5039401,0.3559173,1.5502771,0.35754213,1.5973366
3,518,0.4521087,0.4690293,0.4548768,0.48464218,0.37139636,1.5054783,0.37326238,1.5465592
3,519,0.47437605,0.45167798,0.47743657,0.46500206,0.38640714,1.4598229,0.3884703,1.4948816
3,520,0.49594077,0.43393242,0.4992235,0.44504416,0.40094426,1.4131302,0.4031572,1.4423677
3,521,0.51678795,0.415753,0.5202256,0.42479268,0.41499767,1.3652959,0.41731504,1.3890814
3,522,0.536898,0.39712167,0.54043186,0.40427166,0.4285542,1.3162725,0.43093643,1.3350859
3,523,0.55624807,0.378036,0.55983233,0.38350484,0.4415984,1.2660537,0.4440146,1.2804435
3,524,0.57481396,0.35850537,0.5784178,0.3625157,0.45411396,1.2146641,0.45654336,1.2252162
3,525,0.5925715,0.3385483,0.59618,0.34132746,0.4660846,1.1621524,0.46851718,1.1694651
3,526,0.60949755,0.31819025,0.6131117,0.31996295,0.47749475,1.1085857,0.4799311,1.11325
3,527,0.62557083,0.29746243,0.6292064,0.29844472,0.48833,1.054046,0.4907808,1.0566306
3,528,0.6407727,0.27640048,0.6444586,0.27679485,0.49857783,0.9986271,0.5010626,0.9996648
3,529,0.6550876,0.2550434,0.6588635,0.2550352,0.50822777,0.9424317,0.5107731,0.9424101
3,530,0.6685035,0.23343262,0.6724173,0.23318703,0.51727164,0.88556874,0.51991,0.8849225
3,531,0.68101203,0.2116114,0.6851169,0.21127136,0.52570385,0.828152,0.528471,0.8272573
3,532,0.6926084,0.18962342,0.69696015,0.18930875,0.5335211,0.7702966,0.53645474,0.76946855
3,533,0.70329165,0.1675121,0.7079455,0.1673193,0.5407229,0.71211654,0.54386014,0.71160924
3,534,0.7130643,0.14532016,0.7180724,0.14532273,0.5473108,0.65372443,0.55068684,0.65373117
3,535,0.72193205,0.12308836,0.7273409,0.123338364,0.5532887,0.5952274,0.5569349,0.5958852
3,536,0.7299034,0.10085541,0.7357518,0.1013851,0.5586623,0.53672737,0.5626048,0.5381211
3,537,0.7369897,0.078657135,0.74330676,0.07948141,0.5634393,0.47831854,0.5676977,0.4804874
3,538,0.7432041,0.056526374,0.750008,0.057645377,0.56762856,0.4200874,0.57221514,0.42303175
3,539,0.7485616,0.034492638,0.75585854,0.03589468,0.5712401,0.36211154,0.5761591,0.36580062
3,540,0.75307834,0.012582157,0.7608621,0.014246609,0.5742849,0.30445996,0.5795321,0.30883953
3,541,0.7567713,-0.009182271,0.76502293,-0.007281925,0.5767744,0.24719271,0.58233696,0.25219294
3,542,0.7596576,-0.030780781,0.768346,-0.028674372,0.5787201,0.19036202,0.5845771,0.19590448
3,543,0.7617549,-0.05219662,0.77083707,-0.049914565,0.5801339,0.134012,0.5862564,0.14001662
3,544,0.76308,-0.07341556,0.7725023,-0.07098669,0.5810272,0.07818004,0.5873789,0.08457097
3,545,0.7636496,-0.09442574,0.77334857,-0.091875255,0.5814112,0.022897394,0.5879494,0.029608306
3,546,0.76347923,-0.11521724,0.7733833,-0.11256512,0.5812963,-0.031809863,0.5879728,-0.024831532
3,547,0.762584,-0.13578168,0.77261466,-0.13304146,0.5806928,-0.08591966,0.5874547,-0.078709505
3,548,0.7609774,-0.15611205,0.7710511,-0.15328974,0.5796098,-0.13941358,0.5864006,-0.13198742
3,549,0.75867224,-0.17620185,0.7687019,-0.17329577,0.57805586,-0.19227451,0.58481705,-0.18462792
3,550,0.7556801,-0.19604541,0.76557684,-0.19304563,0.5760388,-0.24448752,0.5827104,-0.2365944
3,551,0.75201154,-0.21563712,0.761686,-0.2125257,0.5735658,-0.29603782,0.5800875,-0.28785098
3,552,0.74767566,-0.2349714,0.7570404,-0.23172261,0.5706429,-0.34691083,0.5769558,-0.3383625
3,553,0.742681,-0.25404212,0.75165117,-0.25062332,0.56727594,-0.3970903,0.57332283,-0.38809463
3,554,0.73703516,-0.27284285,0.74553025,-0.269215,0.56346995,-0.4465594,0.56919664,-0.43701363
3,555,0.7307449,-0.29136613,0.73868984,-0.28748512,0.55922955,-0.49529842,0.5645854,-0.4850866
3,556,0.72381634,-0.30960375,0.73114276,-0.30542144,0.55455893,-0.54328585,0.5594978,-0.5322812
3,557,0.7162552,-0.3275462,0.72290236,-0.32301193,0.54946184,-0.5904966,0.5539428,-0.5785659
3,558,0.70806694,-0.34518307,0.7139823,-0.34024486,0.543942,-0.6369033,0.54792964,-0.6239097
3,559,0.6992567,-0.3625025,0.7043967,-0.35710874,0.53800285,-0.6824747,0.54146785,-0.66828245
3,560,0.6898299,-0.3794916,0.6941603,-0.37359238,0.5316481,-0.72717696,0.5345673,-0.7116547
3,561,0.679792,-0.3961361,0.6832881,-0.38968483,0.52488136,-0.7709725,0.5272382,-0.7539977
3,562,0.6691489,-0.4124206,0.67179555,-0.40537542,0.5177067,-0.8138208,0.51949084,-0.7952833
3,563,0.65790695,-0.4283284,0.6596986,-0.42065382,0.5101283,-0.8556779,0.5113361,-0.8354843
3,564,0.64607316,-0.44384205,0.6470135,-0.4355099,0.50215095,-0.8964979,0.50278485,-0.87457407
3,565,0.63365525,-0.45894316,0.63375694,-0.44993383,0.49377984,-0.93623245,0.49384838,-0.9125268
3,566,0.62066215,-0.4736126,0.61994594,-0.4639162,0.485021,-0.97483116,0.48453817,-0.9493177
3,567,0.60710347,-0.48783082,0.605598,-0.47744784,0.47588086,-1.0122426,0.47486597,-0.9849225
3,568,0.5929899,-0.50157803,0.5907307,-0.49051988,0.46636668,-1.0484147,0.46484372,-1.0193181
3,569,0.5783334,-0.51483446,0.57536244,-0.5031238,0.45648646,-1.0832953,0.4544837,-1.052482
3,570,0.56314695,-0.52758056,0.5595114,-0.51525164,0.44624904,-1.1168333,0.44379827,-1.084393
3,571,0.5474447,-0.5397973,0.54319644,-0.5268954,0.43566388,-1.1489785,0.43280005,-1.1150305
3,572,0.5312418,-0.55146664,0.52643657,-0.53804785,0.42474124,-1.1796832,0.42150196,-1.1443752
3,573,0.51455444,-0.5625712,0.50925106,-0.548702,0.41349202,-1.2089019,0.40991694,-1.1724087
3,574,0.4973999,-0.5730954,0.49165955,-0.55885124,0.4019279,-1.2365934,0.39805824,-1.1991137
3,575,0.47979626,-0.5830247,0.47368184,-0.56848943,0.390061,-1.2627196,0.38593915,-1.2244741
3,576,0.46176234,-0.5923464,0.455338,-0.57761097,0.37790403,-1.2872472,0.37357324,-1.248475
3,577,0.4433178,-0.6010497,0.43664828,-0.5862105,0.36547026,-1.3101478,0.36097422,-1.2711023
3,578,0.4244825,-0.60912585,0.41763318,-0.5942834,0.35277307,-1.3313979,0.3481558,-1.292344
3,579,0.4052772,-0.6165678,0.3983133,-0.6018253,0.33982643,-1.3509793,0.33513197,-1.3121884
3,580,0.3857226,-0.62337095,0.3787095,-0.60883254,0.3266444,-1.36888,0.32191673,-1.3306261
3,581,0.3658399,-0.62953246,0.35884267,-0.6153018,0.31324112,-1.3850924,0.30852416,-1.3476483
3,582,0.3456504,-0.63505155,0.33873388,-0.62123036,0.29963106,-1.3996145,0.29496852,-1.3632476
3,583,0.32517552,-0.6399297,0.31840426,-0.6266161,0.2858286,-1.41245,0.28126398,-1.3774189
3,584,0.30443677,-0.6441698,0.29787505,-0.6314574,0.27184826,-1.4236066,0.26742488,-1.3901573
3,585,0.28345576,-0.6477767,0.2771675,-0.6357532,0.25770462,-1.4330972,0.2534656,-1.4014606
3,586,0.26225424,-0.6507568,0.25630292,-0.639503,0.24341232,-1.4409385,0.23940045,-1.4113272
3,587,0.24085404,-0.65311784,0.23530267,-0.64270693,0.22898608,-1.447151,0.22524382,-1.4197575
3,588,0.21927725,-0.65486914,0.214188,-0.6453656,0.21444081,-1.4517591,0.21101007,-1.426753
3,589,0.19754615,-0.6560206,0.19298016,-0.6474803,0.19979154,-1.4547888,0.1967135,-1.4323174
3,590,0.1756835,-0.65658355,0.17170037,-0.6490529,0.18505356,-1.4562701,0.18236846,-1.4364552
3,591,0.1537122,-0.6565699,0.15036973,-0.6500859,0.17024234,-1.4562342,0.16798913,-1.4391733
3,592,0.13165593,-0.6559924,0.12900926,-0.6505823,0.15537386,-1.4547147,0.15358968,-1.4404794
3,593,0.10953879,-0.65486413,0.107639834,-0.6505457,0.14046432,-1.4517459,0.1391842,-1.4403832
3,594,0.087385535,-0.65319884,0.08628217,-0.64998037,0.12553045,-1.4473641,0.124786645,-1.4388956
3,595,0.06522149,-0.65101063,0.064956814,-0.64889103,0.110589296,-1.4416064,0.11041088,-1.4360293
3,596,0.043072697,-0.64831364,0.04368411,-0.64728314,0.09565844,-1.4345101,0.096070595,-1.4317986
3,597,0.020965729,-0.6451225,0.022484194,-0.6451626,0.08075576,-1.4261135,0.08177938,-1.4262189
3,598,-0.001072187,-0.6414519,0.0013769501,-0.64253587,0.06589964,-1.4164551,0.067550644,-1.4193074
3,599,-0.023013413,-0.6373166,-0.019618003,-0.63941,0.0511087,-1.4055742,0.0533976,-1.4110825
3,600,-0.044830047,-0.63273126,-0.040481325,-0.63579255,0.036401745,-1.3935091,0.039333288,-1.4015641
3,601,-0.06649384,-0.6277107,-0.06119399,-0.63169163,0.021797825,-1.380299,0.025370538,-1.3907737
3,602,-0.087976664,-0.6222698,-0.08173729,-0.6271158,0.0073158974,-1.3659827,0.011521964,-1.3787336
3,603,-0.10925055,-0.6164231,-0.10209286,-0.6220741,-0.0070251813,-1.3505986,-0.002200064,-1.3654678
3,604,-0.13028786,-0.61018515,-0.122242704,-0.6165761,-0.021206774,-1.3341851,-0.015783405,-1.3510011
3,605,-0.15106155,-0.60357034,-0.1421692,-0.61063164,-0.03521066,-1.3167801,-0.029216189,-1.3353599
3,606,-0.17154555,-0.59659284,-0.16185513,-0.6042513,-0.049019262,-1.2984207,-0.04248679,-1.3185719
3,607,-0.19171464,-0.58926654,-0.1812837,-0.5974457,-0.06261558,-1.2791435,-0.05558391,-1.3006648
3,608,-0.21154498,-0.581605,-0.2004385,-0.5902262,-0.07598353,-1.2589842,-0.06849647,-1.2816684
3,609,-0.23101395,-0.5736216,-0.21930361,-0.58260417,-0.08910789,-1.2379779,-0.08121376,-1.2616132
3,610,-0.25010067,-0.5653291,-0.23786357,-0.5745915,-0.10197456,-1.2161584,-0.09372533,-1.24053
3,611,-0.26878574,-0.55674,-0.25610334,-0.5662005,-0.11457048,-1.1935586,-0.10602106,-1.2184514
3,612,-0.2870516,-0.54786634,-0.2740084,-0.55744356,-0.12688379,-1.1702099,-0.11809115,-1.1954098
3,613,-0.30488238,-0.5387198,-0.29156473,-0.54833335,-0.13890381,-1.1461432,-0.12992617,-1.1714387
3,614,-0.3222641,-0.52931136,-0.3087588,-0.538883,-0.15062113,-1.1213875,-0.14151697,-1.1465726
3,615,-0.33918458,-0.51965183,-0.32557756,-0.52910554,-0.1620275,-1.095971,-0.15285477,-1.1208459
3,616,-0.35563323,-0.50975126,-0.3420085,-0.5190145,-0.1731158,-1.0699203,-0.16393115,-1.094294
3,617,-0.37160137,-0.49961942,-0.35803968,-0.50862336,-0.1838802,-1.043261,-0.17473802,-1.0669526
3,618,-0.38708156,-0.48926562,-0.3736596,-0.49794587,-0.19431564,-1.0160178,-0.18526769,-1.0388576
3,619,-0.40206814,-0.47869867,-0.38885742,-0.4869959,-0.20441833,-0.9882138,-0.19551277,-1.0100456
3,620,-0.41655657,-0.46792704,-0.40362272,-0.47578734,-0.21418522,-0.9598711,-0.2054663,-0.9805534
3,621,-0.43054363,-0.456959,-0.4179457,-0.46433422,-0.22361414,-0.9310117,-0.21512167,-0.9504176
3,622,-0.4440271,-0.4458025,-0.43181714,-0.45265064,-0.23270357,-0.9016563,-0.22447263,-0.91967535
3,623,-0.45700568,-0.43446526,-0.44522825,-0.44075072,-0.24145263,-0.8718254,-0.23351328,-0.8883639
3,624,-0.46947888,-0.42295474,-0.4581709,-0.42864862,-0.24986103,-0.84153855,-0.24223813,-0.8565205
3,625,-0.4814468,-0.41127843,-0.47063744,-0.4163585,-0.2579288,-0.81081545,-0.25064203,-0.82418233
3,626,-0.4929101,-0.3994437,-0.48262084,-0.40389448,-0.26565638,-0.77967554,-0.25872025,-0.7913866
3,627,-0.5038696,-0.38745797,-0.49411458,-0.3912707,-0.27304438,-0.7481383,-0.26646835,-0.7581705
3,628,-0.5143269,-0.37532866,-0.5051127,-0.37850118,-0.2800938,-0.7162233,-0.2738824,-0.72457093
3,629,-0.5242832,-0.36306342,-0.51560974,-0.3656,-0.2868055,-0.6839506,-0.2809586,-0.6906249
3,630,-0.53374,-0.35066995,-0.5256009,-0.35258102,-0.2931805,-0.65134054,-0.28769383,-0.656369
3,631,-0.54269874,-0.3381562,-0.53508186,-0.3394581,-0.29921976,-0.6184139,-0.2940851,-0.6218396
3,632,-0.551161,-0.3255304,-0.5440488,-0.326245,-0.30492428,-0.58519256,-0.30012983,-0.58707285
3,633,-0.55912787,-0.3128011,-0.5524984,-0.31295535,-0.3102949,-0.5516988,-0.30582586,-0.55210465
3,634,-0.56660044,-0.29997706,-0.560428,-0.29960263,-0.31533226,-0.5179558,-0.31117135,-0.5169706
3,635,-0.5735797,-0.28706735,-0.5678355,-0.2862002,-0.32003713,-0.48398733,-0.31616485,-0.48170564
3,636,-0.5800663,-0.2740816,-0.5747191,-0.2727613,-0.32440984,-0.4498188,-0.32080516,-0.44634476
3,637,-0.5860605,-0.2610296,-0.5810776,-0.25929898,-0.32845065,-0.415476,-0.32509154,-0.41092232
3,638,-0.59156275,-0.24792165,-0.58691037,-0.24582615,-0.3321598,-0.38098592,-0.32902354,-0.3754722
3,639,-0.59657264,-0.23476824,-0.59221727,-0.2323556,-0.33553702,-0.34637627,-0.332601,-0.34002802
3,640,-0.6010901,-0.22158042,-0.59699863,-0.21889985,-0.33858234,-0.31167603,-0.3358242,-0.30462283
3,641,-0.6051147,-0.20836939,-0.6012553,-0.20547129,-0.3412954,-0.27691475,-0.3386937,-0.2692892
3,642,-0.60864586,-0.19514681,-0.6049886,-0.19208214,-0.3436758,-0.2421231,-0.34121037,-0.23405923
3,643,-0.6116829,-0.18192454,-0.60820013,-0.17874438,-0.34572312,-0.20733222,-0.34337533,-0.19896448
3,644,-0.61422503,-0.16871476,-0.61089236,-0.16546984,-0.34743682,-0.17257424,-0.3451902,-0.1640361
3,645,-0.61627173,-0.15552987,-0.6130678,-0.15227012,-0.34881654,-0.13788174,-0.3466567,-0.12930459
3,646,-0.6178223,-0.14238244,-0.61472976,-0.13915664,-0.3498618,-0.10328781,-0.34777707,-0.09479997
3,647,-0.61887634,-0.12928516,-0.6158817,-0.12614056,-0.35057235,-0.06882581,-0.3485536,-0.060551662
3,648,-0.6194335,-0.11625102,-0.6165276,-0.113232896,-0.35094795,-0.034529984,-0.34898904,-0.026588596
3,649,-0.6194939,-0.10329282,-0.61667204,-0.100444384,-0.35098866,-0.00043396023,-0.34908637,0.0070609427
3,650,-0.6190579,-0.09042367,-0.61631984,-0.08778558,-0.35069472,0.033427753,-0.34884897,0.04036919
3,651,-0.6181263,-0.07765645,-0.6154762,-0.0752668,-0.3500667,0.06702129,-0.34828025,0.073309004
3,652,-0.6167003,-0.0650042,-0.6141468,-0.06289815,-0.34910542,0.100312285,-0.3473841,0.10585378
3,653,-0.6147818,-0.05247974,-0.61233777,-0.050689496,-0.34781215,0.13326705,-0.34616458,0.13797759
3,654,-0.61237323,-0.040095847,-0.61005545,-0.03865046,-0.3461885,0.16585192,-0.34462604,0.16965508
3,655,-0.60947764,-0.027865175,-0.60730666,-0.026790453,-0.34423652,0.19803366,-0.34277302,0.2008615
3,656,-0.60609895,-0.015800256,-0.6040986,-0.015118629,-0.34195888,0.22977926,-0.34061044,0.23157278
3,657,-0.6022415,-0.003913317,-0.60043883,-0.0036439083,-0.33935854,0.26105654,-0.33814332,0.26176542
3,658,-0.5979109,0.0077834986,-0.5963351,0.0076250327,-0.33643916,0.29183358,-0.33537692,0.29141662
3,659,-0.59311306,0.019278351,-0.5917957,0.018679766,-0.33320487,0.3220792,-0.33231682,0.3205042
3,660,-0.5878551,0.030559607,-0.5868291,0.029512117,-0.3296604,0.3517628,-0.32896876,0.34900662
3,661,-0.58214474,0.041615903,-0.5814442,0.04011416,-0.32581094,0.3808545,-0.3253387,0.37690306
3,662,-0.57599074,0.052436154,-0.5756501,0.050478235,-0.32166243,0.4093251,-0.3214328,0.40417334
3,663,-0.5694025,0.06300953,-0.56945616,0.060596935,-0.3172212,0.43714607,-0.31725737,0.43079796
3,664,-0.5623904,0.07332562,-0.56287223,0.07046312,-0.31249422,0.46429008,-0.31281903,0.4567582
3,665,-0.5549655,0.0833742,-0.55590826,0.08006993,-0.30748898,0.49073026,-0.3081245,0.48203593
3,666,-0.5471395,0.09314549,-0.54857445,0.08941075,-0.30221334,0.51644075,-0.30318066,0.5066138
3,667,-0.5389252,0.10262999,-0.54088134,0.09847928,-0.29667592,0.5413967,-0.2979946,0.5304752
3,668,-0.5303354,0.11181864,-0.53283966,0.10726946,-0.29088542,0.56557417,-0.29257357,0.5536042
3,669,-0.52138424,0.1207028,-0.52446043,0.115775555,-0.28485128,0.58895046,-0.286925,0.5759857
3,670,-0.5120858,0.1292742,-0.5157548,0.12399208,-0.27858305,0.6115038,-0.2810564,0.5976053
3,671,-0.50245494,0.1375251,-0.5067342,0.13191387,-0.27209073,0.6332138,-0.27497545,0.6184494
3,672,-0.4925069,0.14544812,-0.49741024,0.13953604,-0.26538458,0.65406114,-0.26869002,0.63850504
3,673,-0.48225716,0.15303646,-0.4877947,0.14685401,-0.25847507,0.67402774,-0.262208,0.6577603
3,674,-0.47172156,0.1602839,-0.47789952,0.15386352,-0.25137284,0.6930975,-0.2555375,0.67620397
3,675,-0.46091604,0.16718468,-0.46773684,0.1605606,-0.24408868,0.711255,-0.24868669,0.6938255
3,676,-0.44985682,0.17373356,-0.4573189,0.16694157,-0.23663348,0.72848666,-0.24166378,0.71061534
3,677,-0.4385601,0.17992604,-0.44665813,0.17300312,-0.22901817,0.7447805,-0.23447719,0.72656465
3,678,-0.42704213,0.18575808,-0.43576705,0.17874222,-0.22125371,0.760126,-0.22713533,0.74166554
3,679,-0.4153191,0.19122629,-0.4246583,0.18415615,-0.21335103,0.774514,-0.21964674,0.75591093
3,680,-0.40340713,0.1963279,-0.4133446,0.18924257,-0.20532097,0.7879376,-0.21201998,0.76929444
3,681,-0.39132223,0.20106079,-0.4018388,0.1939994,-0.19717434,0.8003909,-0.20426375,0.78181076
3,682,-0.37908024,0.20542336,-0.3901538,0.1984249,-0.18892181,0.81186986,-0.19638668,0.7934553
3,683,-0.36669677,0.20941466,-0.3783025,0.20251772,-0.18057393,0.8223719,-0.18839754,0.80422443
3,684,-0.35418722,0.21303439,-0.36629802,0.20627676,-0.17214102,0.83189625,-0.18030511,0.81411535
3,685,-0.34156677,0.21628276,-0.35415334,0.20970131,-0.16363338,0.84044343,-0.17211819,0.82312614
3,686,-0.3288503,0.21916054,-0.34188148,0.21279097,-0.15506099,0.84801555,-0.16384552,0.83125573
3,687,-0.31605244,0.22166911,-0.3294956,0.21554565,-0.14643374,0.8546162,-0.155496,0.83850396
3,688,-0.3031875,0.22381029,-0.3170087,0.21796566,-0.13776127,0.8602501,-0.14707837,0.8448716
3,689,-0.29026946,0.22558641,-0.30443388,0.22005157,-0.12905301,0.86492354,-0.13860148,0.85036004
3,690,-0.27731216,0.22700033,-0.29178417,0.22180432,-0.12031828,0.8686439,-0.1300741,0.85497195
3,691,-0.26432905,0.22805531,-0.2790725,0.22322516,-0.11156615,0.8714197,-0.12150495,0.85871047
3,692,-0.25133318,0.22875494,-0.26631182,0.22431569,-0.10280541,0.8732607,-0.11290277,0.8615799
3,693,-0.23833753,0.22910342,-0.253515,0.2250778,-0.09404484,0.8741776,-0.104276225,0.8635852
3,694,-0.22535466,0.229105,-0.24069482,0.22551373,-0.08529287,0.87418175,-0.095633924,0.86473227
3,695,-0.21239693,0.22876456,-0.22786394,0.22562602,-0.07655785,0.873286,-0.08698442,0.8650277
3,696,-0.19947642,0.22808716,-0.21503495,0.22541755,-0.06784792,0.8715036,-0.07833618,0.86447924
3,697,-0.18660492,0.22707817,-0.2022203,0.22489145,-0.059171032,0.8688487,-0.06969762,0.8630949
3,698,-0.17379402,0.22574322,-0.18943234,0.22405122,-0.05053499,0.86533606,-0.06107704,0.8608841
3,699,-0.16105506,0.22408819,-0.17668323,0.22290061,-0.04194745,0.86098135,-0.05248266,0.8578565
3,700,-0.14659454,0.70117897,-0.14920183,0.977582,-0.03219938,2.1163177,-0.033956993,2.843598
3,701,-0.10441412,0.88293976,-0.10721167,0.96756166,-0.0037648622,2.5945725,-0.0056507383,2.8172324
3,702,-0.057113994,0.95602477,-0.065631144,0.9565961,0.028120931,2.786876,0.022379382,2.7883794
3,703,-0.009417158,0.97234046,-0.024496745,0.9447056,0.060274154,2.8298063,0.050108757,2.7570927
3,704,0.03712045,0.9599463,0.016155843,0.93191206,0.091645926,2.7971945,0.07751334,2.72343
3,705,0.08203846,0.9343704,0.056291822,0.9182387,0.1219259,2.7298982,0.10456966,2.6874523
3,706,0.12524922,0.9041664,0.09587733,0.90370995,0.15105498,2.6504247,0.1312549,2.6492238
3,707,0.16681166,0.8737952,0.13487945,0.8883516,0.1790729,2.570511,0.15754688,2.6088123
3,708,0.20684044,0.8452975,0.17326637,0.87219036,0.20605695,2.495527,0.18342412,2.5662885
3,709,0.24546419,0.8193422,0.21100724,0.855254,0.23209387,2.4272325,0.20886588,2.521725
3,710,0.28280687,0.79588217,0.24807239,0.8375711,0.25726718,2.3655038,0.2338521,2.475197
3,711,0.3189805,0.7745467,0.28443325,0.819171,0.28165242,2.3093653,0.25836354,2.4267821
3,712,0.35408223,0.75485855,0.32006237,0.8000837,0.30531508,2.2575612,0.28238174,2.376559
3,713,0.38819328,0.73634547,0.35493356,0.7803397,0.3283099,2.208849,0.30588898,2.324608
3,714,0.42137793,0.7185878,0.3890218,0.7599699,0.35068023,2.1621244,0.32886842,2.2710104
3,715,0.4536831,0.7012351,0.42230326,0.73900545,0.37245768,2.1164656,0.351304,2.215848
3,716,0.48513898,0.684004,0.4547553,0.7174779,0.3936626,2.0711265,0.37318045,2.159204
3,717,0.5157599,0.6666708,0.48635662,0.6954187,0.41430464,2.025519,0.39448342,2.1011612
3,718,0.54554605,0.6490608,0.51708704,0.67285943,0.434384,1.9791827,0.41519928,2.0418024
3,719,0.574486,0.63103884,0.5469277,0.6498316,0.4538929,1.9317628,0.43531537,1.981211
3,720,0.602559,0.6125012,0.57586086,0.62636656,0.47281733,1.8829861,0.45481968,1.919469
3,721,0.629737,0.59336907,0.6038701,0.60249525,0.4911385,1.8326449,0.47370118,1.8566581
3,722,0.6559876,0.573584,0.63094014,0.5782486,0.5088345,1.7805859,0.49194953,1.7928596
3,723,0.6812754,0.553105,0.657057,0.55365705,0.5258814,1.7267008,0.50955534,1.7281535
3,724,0.7055643,0.53190583,0.6822077,0.5287505,0.5422549,1.670921,0.5265099,1.6626185
3,725,0.7288188,0.509974,0.7063806,0.5035585,0.5579311,1.6132132,0.5428052,1.5963326
3,726,0.7510048,0.4873101,0.7295651,0.47811013,0.5728871,1.5535792,0.55843425,1.529372
3,727,0.7720913,0.46392733,0.7517517,0.45243376,0.5871019,1.4920537,0.5733906,1.4618115
3,728,0.7920508,0.43985054,0.7729322,0.42655733,0.60055685,1.428702,0.5876687,1.3937246
3,729,0.81085974,0.4151164,0.79309916,0.40050805,0.6132363,1.3636208,0.60126364,1.3251829
3,730,0.82849914,0.38977236,0.81224644,0.37431258,0.6251273,1.2969348,0.6141711,1.2562566
3,731,0.8449552,0.36387563,0.8303688,0.34799686,0.63622063,1.2287945,0.6263877,1.1870137
3,732,0.8602192,0.33749205,0.84746206,0.32158625,0.6465103,1.1593732,0.63791054,1.1175214
3,733,0.87428766,0.3106944,0.86352307,0.29510537,0.6559941,1.0888624,0.64873755,1.047844
3,734,0.8871631,0.28356048,0.8785494,0.2685782,0.6646737,1.0174668,0.658867,0.97804487
3,735,0.89885294,0.2561708,0.89253986,0.24202809,0.67255396,0.94539815,0.66829824,0.90818536
3,736,0.9093703,0.22860652,0.90549386,0.21547769,0.6796439,0.87287015,0.67703074,0.8383251
3,737,0.918733,0.20094748,0.9174119,0.18894908,0.68595546,0.80009276,0.6850649,0.7685222
3,738,0.9269638,0.17326987,0.9282953,0.16246364,0.691504,0.7272666,0.6924016,0.69883287
3,739,0.93408924,0.14564475,0.93814605,0.13604216,0.69630736,0.6545785,0.6990421,0.62931186
3,740,0.94013906,0.118136615,0.9469671,0.109704874,0.7003857,0.5821982,0.7049886,0.56001234
3,741,0.9451457,0.090802535,0.9547621,0.08347141,0.70376074,0.5102759,0.7102433,0.49098602
3,742,0.94914335,0.06369142,0.9615355,0.05736086,0.7064556,0.4389403,0.71480936,0.4222831
3,743,0.9521667,0.036844183,0.9672924,0.0313918,0.7084937,0.36829898,0.7186902,0.3539525
3,744,0.9542506,0.010293793,0.9720388,0.005582297,0.7098985,0.29843876,0.7218898,0.2860417
3,745,0.95542955,-0.015934382,0.9757812,-0.020050047,0.71069324,0.22942634,0.7244126,0.21859707
3,746,0.9557363,-0.041821454,0.9785268,-0.045488082,0.7109,0.16131146,0.7262634,0.1516637
3,747,0.9552021,-0.0673548,0.98028356,-0.07071507,0.71053994,0.09412731,0.7274477,0.08528566
3,748,0.9538555,-0.092526585,0.98106,-0.095714666,0.70963216,0.027894506,0.7279712,0.019505927
3,749,0.9517225,-0.11733326,0.9808654,-0.12047092,0.70819426,-0.037377615,0.72783995,-0.04563351
3,750,0.948827,-0.14177424,0.97970957,-0.1449682,0.7062424,-0.101687476,0.72706074,-0.11009153
3,751,0.94518906,-0.16585144,0.9776028,-0.16919121,0.7037899,-0.1650402,0.72564054,-0.17382789
3,752,0.9408264,-0.18956846,0.9745561,-0.19312496,0.70084906,-0.22744516,0.72358674,-0.23680314
3,753,0.93575394,-0.21292949,0.9705812,-0.21675472,0.6974296,-0.28891343,0.7209072,-0.2989785
3,754,0.9299836,-0.23593915,0.96569,-0.24006604,0.69353974,-0.34945717,0.71761,-0.36031598
3,755,0.92352533,-0.25860125,0.9598955,-0.2630447,0.6891861,-0.40908644,0.7137038,-0.42077813
3,756,0.91638625,-0.2809192,0.9532107,-0.2856767,0.6843735,-0.46781012,0.70919746,-0.48032817
3,757,0.9085722,-0.3028948,0.94564956,-0.30794826,0.67910594,-0.52563304,0.7041004,-0.5389299
3,758,0.90008664,-0.32452828,0.93722636,-0.32984585,0.6733856,-0.5825557,0.69842213,-0.5965475
3,759,0.890932,-0.34581786,0.927956,-0.35135606,0.66721433,-0.6385735,0.6921729,-0.65314585
3,760,0.8811098,-0.36675945,0.9178538,-0.37246567,0.66059303,-0.6936757,0.68536276,-0.7086901
3,761,0.87062037,-0.38734677,0.90693563,-0.3931617,0.65352196,-0.74784577,0.67800266,-0.7631462
3,762,0.8594641,-0.40757066,0.89521796,-0.41343132,0.64600134,-0.8010595,0.67010355,-0.8164802
3,763,0.847641,-0.42741957,0.88271767,-0.4332618,0.6380312,-0.85328656,0.66167694,-0.86865884
3,764,0.8351514,-0.4468792,0.8694521,-0.45264077,0.6296117,-0.9044894,0.6527344,-0.91964936
3,765,0.8219963,-0.4659328,0.8554391,-0.47155586,0.62074363,-0.95462376,0.643288,-0.96941936
3,766,0.8081775,-0.4845609,0.8406971,-0.489995,0.61142814,-1.0036386,0.6333502,-1.0179371
3,767,0.79369795,-0.5027418,0.82524484,-0.5079463,0.6016673,-1.0514768,0.62293357,-1.0651711
3,768,0.778562,-0.5204517,0.8091016,-0.525398,0.59146386,-1.0980757,0.6120511,-1.1110905
3,769,0.7627759,-0.53766507,0.7922871,-0.5423387,0.58082217,-1.143368,0.6007162,-1.1556655
3,770,0.7463475,-0.5543549,0.7748215,-0.55875725,0.5697475,-1.1872828,0.58894235,-1.1988664
3,771,0.72928655,-0.57049316,0.7567255,-0.57464254,0.5582465,-1.2297463,0.57674354,-1.2406644
3,772,0.7116052,-0.58605105,0.73802,-0.589984,0.5463272,-1.2706827,0.5641338,-1.2810313
3,773,0.6933174,-0.6010001,0.71872646,-0.6047712,0.5339991,-1.3100171,0.55112773,-1.3199397
3,774,0.6744398,-0.61531204,0.6988667,-0.6189941,0.5212734,-1.3476752,0.53774,-1.3573636
3,775,0.65499043,-0.6289598,0.678463,-0.63264304,0.50816226,-1.3835856,0.52398545,-1.393277
3,776,0.6349897,-0.6419174,0.6575379,-0.6457087,0.4946794,-1.41768,0.5098795,-1.4276558
3,777,0.61445975,-0.6541614,0.63611436,-0.658182,0.48083985,-1.4498968,0.49543756,-1.460476
3,778,0.5934243,-0.6656704,0.6142156,-0.6700547,0.46665952,-1.4801797,0.48067525,-1.4917158
3,779,0.5719084,-0.6764262,0.5918653,-0.6813185,0.4521553,-1.5084807,0.46560854,-1.5213535
3,780,0.5499381,-0.68641335,0.5690874,-0.691966,0.43734473,-1.5347592,0.45025358,-1.5493696
3,781,0.5275403,-0.6956201,0.545906,-0.7019901,0.42224604,-1.5589844,0.43462664,-1.5757453
3,782,0.5047424,-0.7040381,0.5223456,-0.7113843,0.40687755,-1.581134,0.41874418,-1.6004635
3,783,0.48157182,-0.7116626,0.49843097,-0.7201426,0.3912579,-1.6011958,0.40262294,-1.6235087
3,784,0.45805606,-0.71849227,0.47418693,-0.7282597,0.37540555,-1.6191663,0.38627964,-1.6448666
3,785,0.43422237,-0.7245294,0.4496387,-0.73573077,0.35933888,-1.6350514,0.36973128,-1.6645248
3,786,0.4100973,-0.7297792,0.42481148,-0.7425518,0.34307575,-1.6488647,0.35299483,-1.6824725
3,787,0.38570693,-0.73425,0.3997308,-0.7487194,0.3266338,-1.6606286,0.33608752,-1.6987009
3,788,0.36107674,-0.7379529,0.37442216,-0.75423074,0.3100302,-1.6703717,0.31902656,-1.7132025
3,789,0.33623147,-0.74090105,0.34891126,-0.7590838,0.29328158,-1.678129,0.30182925,-1.725972
3,790,0.31119528,-0.74310976,0.32322377,-0.7632773,0.2764043,-1.6839406,0.28451288,-1.7370061
3,791,0.2859919,-0.744596,0.2973855,-0.7668106,0.2594143,-1.6878513,0.26709488,-1.746303
3,792,0.26064458,-0.74537766,0.2714222,-0.769684,0.24232723,-1.689908,0.2495926,-1.7538637
3,793,0.23517652,-0.74547404,0.24535963,-0.7718984,0.22515878,-1.6901616,0.23202339,-1.7596902
3,794,0.20961122,-0.7449047,0.21922344,-0.7734555,0.20792478,-1.6886635,0.21440455,-1.7637873
3,795,0.18397216,-0.74368995,0.19303927,-0.77435786,0.19064108,-1.6854672,0.19675337,-1.7661616
3,796,0.15828373,-0.74185026,0.1668326,-0.77460873,0.17332408,-1.6806265,0.17908703,-1.7668217
3,797,0.13257077,-0.739406,0.14062878,-0.77421224,0.15599056,-1.6741952,0.1614226,-1.7657784
3,798,0.10685928,-0.7363775,0.114452995,-0.7731732,0.13865802,-1.6662264,0.14377706,-1.7630445
3,799,0.08117634,-0.73278505,0.08833022,-0.7714973,0.12134473,-1.6567739,0.12616727,-1.7586348
3,800,0.05555014,-0.72864854,0.062285185,-0.7691909,0.10406969,-1.6458898,0.108609885,-1.7525661
3,801,0.030010093,-0.7239875,0.03634236,-0.7662612,0.086852714,-1.6336255,0.0911214,-1.7448574
3,802,0.0045866407,-0.71882147,0.010525926,-0.7627162,0.069714345,-1.6200324,0.073718116,-1.7355297
3,803,-0.020688627,-0.7131692,-0.015140265,-0.75856435,0.052675873,-1.6051601,0.056416117,-1.7246052
3,804,-0.045783356,-0.7070494,-0.040632714,-0.7538151,0.035759103,-1.5890576,0.039231233,-1.7121089
3,805,-0.07066451,-0.7004804,-0.06592829,-0.7484786,0.018986305,-1.5717729,0.02217907,-1.6980673
3,806,-0.0952988,-0.69347984,-0.09100428,-0.74256545,0.0023799273,-1.5533528,0.00527493,-1.6825085
3,807,-0.11965299,-0.6860655,-0.1158384,-0.7360871,-0.014037633,-1.5338439,-0.011466159,-1.6654624
3,808,-0.1436943,-0.6782543,-0.14040881,-0.7290554,-0.030244276,-1.5132909,-0.02802948,-1.6469604
3,809,-0.1673906,-0.67006296,-0.16469418,-0.721483,-0.046218343,-1.4917376,-0.04440064,-1.6270356
3,810,-0.19071096,-0.6615079,-0.18867363,-0.7133831,-0.061938982,-1.4692272,-0.060565583,-1.6057228
3,811,-0.21362592,-0.6526044,-0.21232684,-0.7047692,-0.077386335,-1.4458001,-0.0765106,-1.5830576
3,812,-0.23610775,-0.643368,-0.23563404,-0.6956555,-0.09254171,-1.421497,-0.09222237,-1.5590775
3,813,-0.258131,-0.633813,-0.25857598,-0.6860567,-0.10738794,-1.3963555,-0.107687905,-1.5338207
3,814,-0.27967224,-0.6239534,-0.28113404,-0.67598766,-0.121909246,-1.3704126,-0.12289467,-1.5073268
3,815,-0.30071068,-0.61380213,-0.30329016,-0.6654639,-0.1360916,-1.3437023,-0.13783048,-1.4796364
3,816,-0.32122806,-0.6033718,-0.3250269,-0.6545013,-0.14992271,-1.3162576,-0.15248357,-1.4507912
3,817,-0.3412087,-0.5926742,-0.34632745,-0.6431158,-0.16339199,-1.2881098,-0.16684262,-1.4208333
3,818,-0.36063948,-0.58172,-0.36717558,-0.63132393,-0.1764906,-1.2592868,-0.18089668,-1.3898062
3,819,-0.3795098,-0.5705196,-0.3875558,-0.61914223,-0.1892114,-1.229816,-0.19463533,-1.3577533
3,820,-0.39781153,-0.5590823,-0.4074532,-0.6065876,-0.20154889,-1.1997218,-0.20804851,-1.3247192
3,821,-0.4155387,-0.5474171,-0.42685357,-0.59367704,-0.21349907,-1.1690279,-0.2211266,-1.2907485
3,822,-0.4326874,-0.53553194,-0.44574332,-0.5804279,-0.22505929,-1.1377553,-0.2338605,-1.2558869
3,823,-0.44925562,-0.5234344,-0.4641096,-0.5668574,-0.2362282,-1.1059238,-0.24624151,-1.2201798
3,824,-0.4652429,-0.5111316,-0.4819402,-0.5529829,-0.24700548,-1.0735523,-0.2582614,-1.1836729
3,825,-0.48065022,-0.4986301,-0.49922362,-0.53882205,-0.2573918,-1.040658,-0.26991245,-1.1464123
3,826,-0.4954797,-0.48593628,-0.515949,-0.5243922,-0.2673886,-1.0072576,-0.2811873,-1.108444
3,827,-0.5097345,-0.47305626,-0.53210616,-0.50971085,-0.276998,-0.9733673,-0.29207912,-1.069814
3,828,-0.52341825,-0.45999572,-0.5476857,-0.49479556,-0.28622246,-0.9390019,-0.30258152,-1.0305684
3,829,-0.5365353,-0.4467607,-0.5626787,-0.4796638,-0.2950649,-0.9041776,-0.31268856,-0.99075323
3,830,-0.5490904,-0.433357,-0.5770772,-0.46433288,-0.30352846,-0.8689093,-0.32239485,-0.950414
3,831,-0.561088,-0.41979063,-0.59087366,-0.44882008,-0.31161627,-0.83321303,-0.33169526,-0.90959626
3,832,-0.5725331,-0.4060678,-0.60406137,-0.43314266,-0.31933156,-0.7971051,-0.34058532,-0.8683453
3,833,-0.58343005,-0.39219505,-0.6166342,-0.4173176,-0.32667738,-0.76060265,-0.34906086,-0.82670593
3,834,-0.59378326,-0.3781793,-0.62858677,-0.40136182,-0.33365667,-0.723724,-0.3571183,-0.78472257
3,835,-0.60359657,-0.36402774,-0.6399142,-0.38529208,-0.34027198,-0.686488,-0.36475432,-0.7424394
3,836,-0.61287344,-0.3497482,-0.65061253,-0.36912495,-0.34652567,-0.6489152,-0.37196624,-0.6998999
3,837,-0.62161666,-0.33534902,-0.66067815,-0.35287678,-0.35241964,-0.6110276,-0.37875164,-0.6571472
3,838,-0.62982875,-0.32083908,-0.6701082,-0.33656383,-0.35795555,-0.57284856,-0.3851086,-0.614224
3,839,-0.63751125,-0.3062279,-0.6789006,-0.320202,-0.36313444,-0.53440315,-0.39103568,-0.57117224
3,840,-0.64466536,-0.29152557,-0.6870536,-0.30380708,-0.36795714,-0.49571794,-0.39653176,-0.52803344
3,841,-0.6512916,-0.27674288,-0.6945663,-0.28739464,-0.372424,-0.45682126,-0.4015962,-0.48484853
3,842,-0.6573897,-0.26189122,-0.7014383,-0.27097994,-0.37653482,-0.4177431,-0.40622872,-0.44165763
3,843,-0.66295904,-0.24698263,-0.70766973,-0.25457808,-0.38028923,-0.37851515,-0.41042942,-0.39850053
3,844,-0.6679984,-0.23202962,-0.71326154,-0.23820385,-0.3836863,-0.3391703,-0.41419896,-0.35541615
3,845,-0.672506,-0.21704543,-0.718215,-0.22187187,-0.38672495,-0.2997434,-0.41753817,-0.3124429
3,846,-0.6764797,-0.20204365,-0.722532,-0.20559643,-0.3894037,-0.26027027,-0.4204483,-0.26961845
3,847,-0.6799172,-0.18703857,-0.72621506,-0.18939164,-0.391721,-0.22078843,-0.42293113,-0.22697991
3,848,-0.6828157,-0.17204465,-0.72926724,-0.17327131,-0.3936749,-0.18133596,-0.42498866,-0.18456359
3,849,-0.6851723,-0.15707684,-0.7316921,-0.15724899,-0.39526355,-0.14195216,-0.42662328,-0.14240514
3,850,-0.6869842,-0.14215037,-0.7334936,-0.14133802,-0.39648497,-0.102677174,-0.42783773,-0.10053969
3,851,-0.6882485,-0.12728064,-0.73467654,-0.12555142,-0.39733726,-0.063551456,-0.42863515,-0.05900148
3,852,-0.68896246,-0.11248322,-0.7352459,-0.109901994,-0.39781854,-0.024616022,-0.42901897,-0.017824221
3,853,-0.68912375,-0.09777367,-0.7352073,-0.09440227,-0.39792728,0.014088207,-0.42899296,0.022959149
3,854,-0.68873036,-0.0831677,-0.73456687,-0.0790645,-0.39766207,0.0525199,-0.42856124,0.06331637
3,855,-0.6877806,-0.06868082,-0.7333311,-0.06390072,-0.39702186,0.090638235,-0.42772818,0.103215806
3,856,-0.6862737,-0.054328423,-0.731507,-0.048922647,-0.39600602,0.12840272,-0.42649853,0.14262657
3,857,-0.6842093,-0.0401258,-0.72910213,-0.034141786,-0.39461437,0.16577311,-0.42487738,0.18151845
3,858,-0.681588,-0.026087891,-0.72612435,-0.019569343,-0.3928473,0.2027101,-0.42286998,0.21986191
3,859,-0.67841125,-0.012229431,-0.722582,-0.005216274,-0.3907058,0.23917492,-0.420482,0.25762817
3,860,-0.6746815,0.0014351532,-0.71848387,0.008906734,-0.38819152,0.27512962,-0.41771942,0.29478908
3,861,-0.6704021,0.014891807,-0.7138392,0.022789264,-0.38530672,0.3105372,-0.41458836,0.33131725
3,862,-0.6655777,0.028126817,-0.70865744,0.03642117,-0.3820545,0.3453616,-0.41109526,0.36718592
3,863,-0.660214,0.04112679,-0.7029487,0.04979257,-0.37843874,0.3795675,-0.4072469,0.4023692
3,864,-0.65431774,0.05387881,-0.6967233,0.06289387,-0.37446398,0.41312104,-0.40305024,0.43684173
3,865,-0.64789706,0.066370234,-0.6899919,0.07571574,-0.3701357,0.44598886,-0.3985125,0.47057906
3,866,-0.64096117,0.07858889,-0.68276566,0.088249154,-0.3654601,0.47813898,-0.39364117,0.5035574
3,867,-0.6335205,0.090522856,-0.675056,0.10048535,-0.3604442,0.50954,-0.38844395,0.5357536
3,868,-0.6255865,0.10216072,-0.66687465,0.11241585,-0.35509577,0.5401619,-0.3829288,0.5671455
3,869,-0.617172,0.11349137,-0.6582337,0.12403249,-0.3494234,0.5699755,-0.37710378,0.5977116
3,870,-0.60829055,0.12450409,-0.64914566,0.1353274,-0.34343627,0.59895253,-0.3709774,0.62743115
3,871,-0.59895706,0.1351885,-0.6396231,0.14629301,-0.33714443,0.6270657,-0.36455807,0.6562842
3,872,-0.589187,0.14553471,-0.6296791,0.15692207,-0.33055827,0.65428895,-0.35785463,0.6842517
3,873,-0.578997,0.15553318,-0.61932683,0.16720761,-0.323689,0.6805972,-0.35087603,0.71131533
3,874,-0.5684042,0.16517487,-0.60858,0.17714302,-0.31654823,0.7059668,-0.34363142,0.7374577
3,875,-0.5574265,0.17445114,-0.5974522,0.18672201,-0.30914798,0.7303748,-0.33612996,0.7626623
3,876,-0.5460823,0.18335393,-0.58595765,0.19593862,-0.30150068,0.7538001,-0.3283813,0.78691334
3,877,-0.53439045,0.1918756,-0.5741105,0.2047872,-0.29361898,0.7762226,-0.32039493,0.810196
3,878,-0.52237004,0.20000918,-0.56192523,0.21326248,-0.28551584,0.7976239,-0.31218064,0.8324964
3,879,-0.5100406,0.20774823,-0.54941654,0.22135957,-0.27720433,0.81798714,-0.30374834,0.85380167
3,880,-0.49742153,0.21508703,-0.5365992,0.22907385,-0.26869762,0.8372972,-0.29510796,0.8740998
3,881,-0.48453256,0.22202037,-0.52348834,0.23640116,-0.26000896,0.8555404,-0.2862697,0.89337957
3,882,-0.47139302,0.2285439,-0.5100991,0.24333765,-0.25115138,0.8727054,-0.2772438,0.9116311
3,883,-0.45802236,0.23465386,-0.4964468,0.24987985,-0.242138,0.8887821,-0.26804054,0.92884517
3,884,-0.44443986,0.24034727,-0.48254684,0.25602472,-0.23298182,0.90376276,-0.25867036,0.94501376
3,885,-0.4306644,0.24562185,-0.46841487,0.2617696,-0.22369555,0.91764134,-0.24914376,0.96012986
3,886,-0.41671458,0.2504761,-0.4540665,0.2671121,-0.21429175,0.930414,-0.23947129,0.97418725
3,887,-0.40260872,0.2549091,-0.43951747,0.2720504,-0.20478275,0.9420783,-0.22966355,0.98718107
3,888,-0.3883647,0.25892082,-0.42478362,0.27658302,-0.19518062,0.9526341,-0.21973121,0.9991074
3,889,-0.374,0.26251188,-0.40988076,0.28070882,-0.18549715,0.962083,-0.20968495,1.0099634
3,890,-0.35953167,0.26568338,-0.39482483,0.28442714,-0.1757438,0.97042793,-0.1995355,1.0197471
3,891,-0.34497637,0.2684373,-0.37963173,0.2877377,-0.16593184,0.9776741,-0.18929358,1.028458
3,892,-0.33035022,0.2707761,-0.36431736,0.29064065,-0.15607211,0.98382807,-0.17896992,1.0360963
3,893,-0.31566903,0.27270278,-0.34889764,0.2931365,-0.14617528,0.9888976,-0.16857523,1.0426635
3,894,-0.30094814,0.2742209,-0.33338842,0.29522625,-0.13625169,0.9928922,-0.1581202,1.0481621
3,895,-0.28620246,0.27533454,-0.31780553,0.29691124,-0.12631138,0.99582237,-0.14761552,1.0525957
3,896,-0.27144653,0.2760481,-0.30216476,0.29819328,-0.11636416,0.9976999,-0.13707183,1.055969
3,897,-0.25669447,0.27636656,-0.28648177,0.29907453,-0.10641955,0.9985379,-0.12649967,1.0582879
3,898,-0.2419601,0.2762951,-0.27077216,0.29955757,-0.09648687,0.99834985,-0.115909554,1.0595587
3,899,-0.22725691,0.2758394,-0.2550514,0.29964542,-0.08657521,0.9971508,-0.10531194,1.05979
3,900,-0.21259803,0.2750053,-0.23933491,0.29934147,-0.076693416,0.99495614,-0.09471719,1.0589902
3,901,-0.19799626,0.27379897,-0.22363785,0.29864946,-0.06685012,0.99178195,-0.08413554,1.0571693
3,902,-0.18346424,0.27222693,-0.2079753,0.2975736,-0.05705385,0.98764557,-0.07357716,1.0543385
3,903,-0.16901423,0.27029577,-0.19236216,0.2961184,-0.04731286,0.9825642,-0.06305208,1.0505096
3,904,-0.1546583,0.2680124,-0.17681316,0.29428878,-0.037635293,0.9765562,-0.052570242,1.0456954
3,905,-0.1404083,0.26538387,-0.16134278,0.29209003,-0.028029136,0.9696399,-0.04214141,1.03991
3,906,-0.12627584,0.26241744,-0.14596534,0.28952774,-0.018502206,0.9618345,-0.03177522,1.033168
3,907,-0.11227227,0.2591206,-0.13069491,0.28660792,-0.009062171,0.9531598,-0.021481177,1.0254853
3,908,-0.098408855,0.25550088,-0.11554533,0.28333682,0.00028338563,0.94363546,-0.011268596,1.0168782
3,909,-0.084696546,0.25156605,-0.10053017,0.2797211,0.009527079,0.933282,-0.0011466274,1.0073645
3,910,-0.071146145,0.2473241,-0.08566276,0.2757677,0.018661628,0.9221204,0.008875739,0.9969622
3,911,-0.057768274,0.24278305,-0.070956126,0.27148384,0.027679872,0.91017187,0.018789724,0.9856903
3,912,-0.044573326,0.23795116,-0.05642303,0.26687703,0.036574803,0.8974581,0.028586721,0.9735687
3,913,-0.03157148,0.23283681,-0.042075925,0.26195508,0.045339562,0.884001,0.038258344,0.96061796
3,914,-0.018772725,0.22744852,-0.027926952,0.25672603,0.053967413,0.86982316,0.047796402,0.94685906
3,915,-0.0061868466,0.22179508,-0.013987941,0.25119817,0.06245176,0.8549477,0.057192914,0.93231404
3,916,0.006176669,0.21588525,-0.00027038675,0.24538006,0.07078621,0.83939755,0.06644014,0.9170052
3,917,0.01830851,0.20972809,0.01321455,0.23928043,0.07896449,0.8231966,0.07553056,0.9009557
3,918,0.03019965,0.2033327,0.026456056,0.23290825,0.0869805,0.8063688,0.08445688,0.884189
3,919,0.04184136,0.19670844,0.03944367,0.22627266,0.09482837,0.7889389,0.093212046,0.86672914
3,920,0.053225163,0.1898647,0.052167293,0.21938299,0.102502376,0.7709314,0.10178925,0.84860086
3,921,0.064342916,0.18281102,0.064617194,0.21224871,0.10999704,0.75237155,0.11018193,0.829829
3,922,0.075186715,0.17555714,0.076783985,0.20487949,0.11730702,0.7332849,0.118383765,0.8104388
3,923,0.08574912,0.16811278,0.08865872,0.19728509,0.12442731,0.7136971,0.12638873,0.7904562
3,924,0.09602295,0.16048786,0.10023279,0.18947536,0.13135307,0.69363415,0.13419099,0.769907
3,925,0.10600139,0.15269232,0.11149799,0.18146032,0.1380797,0.6731223,0.14178504,0.74881756
3,926,0.11567804,0.1447362,0.1224465,0.17325006,0.1446029,0.6521879,0.14916562,0.72721446
3,927,0.12504683,0.13662955,0.1330709,0.16485472,0.15091854,0.6308574,0.15632771,0.7051243
3,928,0.13410218,0.12838252,0.14336418,0.15628456,0.15702291,0.60915756,0.16326657,0.6825743
3,929,0.14283885,0.120005175,0.15331969,0.14754984,0.16291244,0.5871148,0.16997774,0.6595912
3,930,0.15125197,0.11150764,0.1629312,0.13866088,0.16858387,0.56475586,0.17645703,0.63620234
3,931,0.1593372,0.1029,0.17219295,0.12962805,0.17403425,0.54210716,0.18270051,0.61243486
3,932,0.16709054,0.09419228,0.18109946,0.12046169,0.1792609,0.51919514,0.18870454,0.588316
3,933,0.17450845,0.08539447,0.18964577,0.11117218,0.18426144,0.49604604,0.19446576,0.5638732
3,934,0.18158774,0.07651642,0.19782723,0.10176987,0.1890337,0.47268584,0.199981,0.5391335
3,935,0.18832581,0.0675679,0.20563969,0.09226512,0.19357593,0.4491402,0.20524752,0.5141243
3,936,0.19472022,0.058558587,0.21307932,0.08266824,0.19788653,0.4254346,0.21026269,0.48887268
3,937,0.20076917,0.049497996,0.22014272,0.072989486,0.20196421,0.40159407,0.21502425,0.46340564
3,938,0.20647107,0.040395502,0.2268269,0.063239105,0.20580795,0.37764332,0.21953018,0.43775013
3,939,0.21182488,0.03126036,0.2331293,0.05342726,0.20941705,0.35360664,0.22377871,0.41193292
3,940,0.21682982,0.022101548,0.23904766,0.043564048,0.21279097,0.3295077,0.22776838,0.38598052
3,941,0.22148551,0.012928035,0.2445802,0.033659495,0.21592943,0.30537003,0.23149794,0.3599193
3,942,0.22579192,0.0037484355,0.24972549,0.023723543,0.21883246,0.28121638,0.23496649,0.33377555
3,943,0.22974934,-0.0054287054,0.25448254,0.013766046,0.22150022,0.2570692,0.23817329,0.30757505
3,944,0.23335837,-0.014595076,0.25885063,0.0037967535,0.22393313,0.23295037,0.2411179,0.28134355
3,945,0.23662002,-0.023742538,0.2628295,-0.0061746873,0.22613187,0.20888127,0.24380012,0.25510636
3,946,0.23953547,-0.03286316,0.26641932,-0.016138744,0.22809722,0.1848828,0.24622007,0.22888862
3,947,0.24210612,-0.041949224,0.2696205,-0.026086,0.22983013,0.16097526,0.24837804,0.20271508
3,948,0.24433385,-0.05099314,0.2724339,-0.03600717,0.23133188,0.13717863,0.2502746,0.17661019
3,949,0.24622057,-0.05998751,0.27486074,-0.045893095,0.23260376,0.11351235,0.25191057,0.15059803
3,950,0.24776863,-0.06892517,0.2769025,-0.055734754,0.23364732,0.089995295,0.25328696,0.12470234
3,951,0.24898036,-0.07779907,0.27856115,-0.06552327,0.23446417,0.066646025,0.25440508,0.0989465
3,952,0.24985854,-0.086602315,0.27983892,-0.07524991,0.23505618,0.043482635,0.25526646,0.07335345
3,953,0.25040594,-0.09532814,0.28073835,-0.084906094,0.23542519,0.020522974,0.25587276,0.047945786
3,954,0.2506258,-0.10397008,0.28126243,-0.09448342,0.2355734,-0.0022159824,0.25622606,0.022745619
3,955,0.2505212,-0.11252166,0.28141433,-0.10397361,0.2355029,-0.02471718,0.25632846,-0.0022252747
3,956,0.25009567,-0.1209766,0.28119764,-0.11336857,0.23521602,-0.046964068,0.25618237,-0.02694559
3,957,0.24935277,-0.12932874,0.28061622,-0.12266038,0.23471522,-0.0689405,0.25579044,-0.0513945
3,958,0.24829625,-0.13757215,0.27967426,-0.1318413,0.23400299,-0.09063082,0.25515544,-0.07555162
3,959,0.24693005,-0.14570078,0.27837625,-0.14090374,0.23308203,-0.11201913,0.25428045,-0.099397
3,960,0.24525826,-0.15370896,0.27672696,-0.14984033,0.23195504,-0.13309051,0.2531686,-0.12291122
3,961,0.24328507,-0.16159096,0.2747314,-0.15864386,0.23062488,-0.15382987,0.25182337,-0.14607535
3,962,0.24101488,-0.16934125,0.27239493,-0.1673073,0.2290945,-0.17422268,0.2502483,-0.1688709
3,963,0.23845224,-0.17695436,0.26972315,-0.17582385,0.227367,-0.19425453,0.24844724,-0.1912799
3,964,0.23560177,-0.18442506,0.26672193,-0.18418689,0.22544545,-0.21391167,0.24642406,-0.213285
3,965,0.23246838,-0.19174804,0.2633974,-0.19239,0.22333318,-0.23318014,0.24418294,-0.23486927
3,966,0.22905694,-0.19891821,0.25975588,-0.20042692,0.22103347,-0.25204653,0.24172814,-0.25601628
3,967,0.22537266,-0.2059306,0.25580403,-0.2082917,0.21854983,-0.27049774,0.23906413,-0.27671033
3,968,0.22142072,-0.21278036,0.25154862,-0.21597846,0.21588576,-0.28852102,0.23619549,-0.29693598
3,969,0.21720661,-0.21946275,0.24699676,-0.22348167,0.21304497,-0.30610397,0.233127,-0.31667867
3,970,0.21273594,-0.22597313,0.24215572,-0.23079592,0.21003121,-0.3232343,0.22986357,-0.33592415
3,971,0.20801435,-0.23230705,0.23703294,-0.23791607,0.20684831,-0.33990029,0.22641021,-0.35465893
3,972,0.20304774,-0.23846021,0.2316361,-0.24483715,0.20350024,-0.3560907,0.22277214,-0.37286988
3,973,0.1978422,-0.2444284,0.2259731,-0.2515545,0.19999109,-0.37179437,0.21895461,-0.39054477
3,974,0.19240384,-0.25020757,0.22005194,-0.25806355,0.196325,-0.3870007,0.21496306,-0.40767163
3,975,0.18673907,-0.25579396,0.21388087,-0.26436013,0.1925063,-0.40169978,0.21080303,-0.42423937
3,976,0.18085445,-0.26118377,0.20746823,-0.27044016,0.18853937,-0.41588163,0.20648016,-0.44023734
3,977,0.17475651,-0.2663736,0.20082258,-0.27629986,0.18442865,-0.4295373,0.20200022,-0.45565557
3,978,0.16845219,-0.2713601,0.19395255,-0.28193566,0.1801788,-0.44265792,0.19736901,-0.47048467
3,979,0.16194843,-0.2761401,0.18686698,-0.28734428,0.17579451,-0.45523518,0.19259252,-0.484716
3,980,0.15525238,-0.28071076,0.17957479,-0.29252255,0.1712806,-0.46726167,0.18767674,-0.49834123
3,981,0.14837135,-0.28506935,0.17208502,-0.29746774,0.166642,-0.4787301,0.18262777,-0.5113532
3,982,0.14131278,-0.28921336,0.16440682,-0.30217716,0.1618837,-0.48963398,0.17745176,-0.52374476
3,983,0.1340843,-0.2931406,0.15654944,-0.3066485,0.15701085,-0.49996743,0.17215496,-0.5355099
3,984,0.12669365,-0.29684895,0.14852221,-0.31087965,0.1520287,-0.509725,0.1667437,-0.546643
3,985,0.119148746,-0.30033675,0.14033455,-0.31486872,0.14694256,-0.5189022,0.16122425,-0.55713916
3,986,0.11145763,-0.30360234,0.13199593,-0.31861413,0.14175785,-0.5274947,0.15560305,-0.5669942
3,987,0.103628516,-0.30664444,0.123515904,-0.3221145,0.13648011,-0.5354992,0.14988652,-0.5762045
3,988,0.09566972,-0.30946207,0.11490405,-0.32536867,0.13111494,-0.542913,0.14408113,-0.584767
3,989,0.08758971,-0.31205437,0.10617,-0.32837582,0.12566808,-0.54973394,0.13819337,-0.5926795
3,990,0.07939705,-0.31442076,0.097323395,-0.3311353,0.12014528,-0.5559605,0.13222972,-0.59994036
3,991,0.07110046,-0.31656098,0.08837393,-0.3336467,0.11455241,-0.5615919,0.12619674,-0.6065484
3,992,0.062708735,-0.31847495,0.07933128,-0.33590993,0.10889541,-0.566628,0.12010094,-0.61250347
3,993,0.05423079,-0.32016292,0.07020514,-0.33792505,0.10318029,-0.5710695,0.11394886,-0.6178057
3,994,0.045675617,-0.3216253,0.06100517,-0.33969247,0.09741311,-0.5749173,0.10774701,-0.62245625
3,995,0.037052345,-0.3228628,0.051741045,-0.34121272,0.091600016,-0.57817346,0.10150191,-0.6264564
3,996,0.028370094,-0.32387638,0.04242239,-0.34248668,0.08574717,-0.5808404,0.095220044,-0.6298084
3,997,0.019638095,-0.3246672,0.0330588,-0.34351537,0.07986078,-0.5829212,0.0889079,-0.63251513
3,998,0.010865599,-0.32523674,0.023659823,-0.34430015,0.073947094,-0.58441985,0.082571894,-0.6345801
4,0,-0.068069585,-0.35712078,-0.12096609,-0.667253,0.020735588,-0.66831416,-0.014922819,-1.4843439
4,1,-0.09655814,-0.55668825,-0.14286107,-0.6608116,0.0015309843,-1.1934224,-0.029682584,-1.4673951
4,2,-0.12742497,-0.6529167,-0.16449523,-0.6538902,-0.019276856,-1.4466219,-0.044266526,-1.4491832
4,3,-0.15759134,-0.6909035,-0.18585005,-0.64650065,-0.039612506,-1.5465738,-0.058662165,-1.4297396
4,4,-0.18607499,-0.6970369,-0.2069075,-0.63865525,-0.058813795,-1.5627123,-0.072857335,-1.4090966
4,5,-0.21271618,-0.6870031,-0.22765003,-0.63036656,-0.07677306,-1.5363109,-0.08684022,-1.3872871
4,6,-0.23769017,-0.66979307,-0.2480606,-0.62164766,-0.09360844,-1.4910274,-0.10059932,-1.3643457
4,7,-0.2612653,-0.65027905,-0.26812267,-0.61251205,-0.10950083,-1.4396815,-0.11412349,-1.3403078
4,8,-0.28369522,-0.6308753,-0.28782025,-0.60297334,-0.124621205,-1.3886257,-0.12740195,-1.3152093
4,9,-0.30517724,-0.6125952,-0.30713788,-0.59304565,-0.1391026,-1.3405266,-0.14042428,-1.2890872
4,10,-0.32584634,-0.5957044,-0.32606065,-0.5827433,-0.15303597,-1.2960829,-0.15318044,-1.2619792
4,11,-0.3457856,-0.5801082,-0.3445742,-0.5720808,-0.16647734,-1.2550458,-0.16566074,-1.2339238
4,12,-0.36504152,-0.5655698,-0.3626648,-0.561073,-0.17945808,-1.2167919,-0.1778559,-1.2049598
4,13,-0.38363865,-0.5518239,-0.38031924,-0.5497348,-0.19199471,-1.1806232,-0.18975705,-1.1751262
4,14,-0.4015898,-0.5386289,-0.3975249,-0.5380813,-0.20409589,-1.1459041,-0.20135567,-1.1444632
4,15,-0.41890255,-0.5257861,-0.41426978,-0.5261278,-0.21576668,-1.1121117,-0.21264367,-1.1130109
4,16,-0.4355828,-0.51314193,-0.43054247,-0.51388973,-0.22701111,-1.0788419,-0.22361335,-1.0808096
4,17,-0.45163664,-0.5005825,-0.44633222,-0.50138247,-0.23783328,-1.0457952,-0.23425749,-1.0479001
4,18,-0.46707073,-0.48802626,-0.46162874,-0.48862156,-0.24823765,-1.0127568,-0.24456912,-1.0143232
4,19,-0.48189226,-0.47541636,-0.47642252,-0.47562256,-0.2582291,-0.97957724,-0.25454184,-0.9801198
4,20,-0.49610892,-0.46271473,-0.49070448,-0.46240103,-0.2678128,-0.9461563,-0.26416954,-0.9453309
4,21,-0.50972867,-0.4498968,-0.5044663,-0.44897258,-0.27699408,-0.9124294,-0.27344662,-0.9099975
4,22,-0.52275974,-0.43694767,-0.5177002,-0.4353527,-0.28577852,-0.87835723,-0.28236783,-0.87416047
4,23,-0.53520983,-0.4238596,-0.530399,-0.42155695,-0.29417136,-0.84391946,-0.2909283,-0.83786064
4,24,-0.5470866,-0.4106294,-0.54255617,-0.4076007,-0.30217767,-0.8091077,-0.29912364,-0.8011385
4,25,-0.5583975,-0.3972576,-0.55416566,-0.39349934,-0.30980253,-0.7739234,-0.3069498,-0.76403457
4,26,-0.5691493,-0.3837471,-0.5652222,-0.3792681,-0.31705052,-0.7383742,-0.31440318,-0.7265889
4,27,-0.5793483,-0.3701026,-0.57572097,-0.36492217,-0.32392582,-0.7024723,-0.32148057,-0.6888414
4,28,-0.5890003,-0.3563301,-0.5856578,-0.35047653,-0.3304324,-0.66623366,-0.32817915,-0.6508316
4,29,-0.5981103,-0.34243673,-0.595029,-0.3359461,-0.3365736,-0.629677,-0.33449644,-0.61259866
4,30,-0.6066828,-0.32843032,-0.6038317,-0.3213456,-0.34235245,-0.5928229,-0.3404305,-0.5741813
4,31,-0.6147213,-0.31431952,-0.61206335,-0.3066896,-0.34777135,-0.5556941,-0.3459796,-0.535618
4,32,-0.6222289,-0.3001137,-0.6197221,-0.29199252,-0.35283238,-0.5183153,-0.3511425,-0.49694657
4,33,-0.62920797,-0.28582275,-0.6268067,-0.27726856,-0.35753706,-0.4807125,-0.35591832,-0.45820445
4,34,-0.63566,-0.27145714,-0.63331616,-0.26253182,-0.36188647,-0.44291323,-0.36030647,-0.41942865
4,35,-0.64158595,-0.25702798,-0.63925046,-0.24779607,-0.36588126,-0.4049468,-0.36430687,-0.3806555
4,36,-0.6469861,-0.24254686,-0.64460987,-0.23307504,-0.36952162,-0.3668436,-0.36791974,-0.34192103
4,37,-0.6518603,-0.228026,-0.6493951,-0.21838212,-0.37280735,-0.32863587,-0.37114555,-0.30326056
4,38,-0.6562078,-0.21347794,-0.65360767,-0.20373057,-0.37573808,-0.29035655,-0.3739853,-0.26470894
4,39,-0.66002744,-0.1989159,-0.65724933,-0.18913339,-0.37831298,-0.25204045,-0.3764402,-0.22630039
4,40,-0.6633178,-0.18435332,-0.66032255,-0.17460339,-0.38053107,-0.21372291,-0.3785119,-0.18806858
4,41,-0.666077,-0.16980413,-0.66283005,-0.16015312,-0.3823911,-0.17544061,-0.38020226,-0.15004659
4,42,-0.66830325,-0.15528248,-0.6647754,-0.14579497,-0.38389182,-0.1372308,-0.38151363,-0.112266965
4,43,-0.66999465,-0.14080285,-0.66616225,-0.13154103,-0.38503203,-0.099131525,-0.38244855,-0.07476153
4,44,-0.67114925,-0.1263799,-0.6669949,-0.11740318,-0.38581038,-0.06118143,-0.38300988,-0.03756158
4,45,-0.67176515,-0.112028435,-0.6672783,-0.10339308,-0.38622555,-0.02341938,-0.38320088,-0.00069775444
4,46,-0.6718409,-0.097763225,-0.66701746,-0.08952214,-0.38627663,0.014115692,-0.38302505,0.035799902
4,47,-0.6713754,-0.08359921,-0.6662181,-0.07580153,-0.3859628,0.0513845,-0.3824862,0.07190201
4,48,-0.67036796,-0.06955123,-0.66488636,-0.062242184,-0.38528368,0.088347994,-0.38158846,0.10757979
4,49,-0.6688184,-0.055633966,-0.6630286,-0.048854798,-0.3842391,0.12496754,-0.3803361,0.1428051
4,50,-0.66672724,-0.041862022,-0.6606519,-0.035649806,-0.38282943,0.16120471,-0.37873393,0.1775505
4,51,-0.66409564,-0.028249767,-0.6577635,-0.022637403,-0.3810554,0.19702171,-0.3767868,0.21178915
4,52,-0.6609258,-0.014811348,-0.6543711,-0.009827527,-0.3789186,0.2323813,-0.37449992,0.2454949
4,53,-0.6572206,-0.0015606917,-0.6504828,0.002770132,-0.37642083,0.26724684,-0.37187874,0.27864227
4,54,-0.652984,0.011488639,-0.6461071,0.015146144,-0.3735649,0.30158266,-0.36892903,0.3112064
4,55,-0.64822096,0.02432331,-0.64125276,0.027291335,-0.37035403,0.33535367,-0.36565664,0.34316322
4,56,-0.6429374,0.036930356,-0.63592905,0.0391968,-0.36679232,0.3685257,-0.36206785,0.37448928
4,57,-0.6371404,0.049297117,-0.63014543,0.05085389,-0.36288443,0.40106553,-0.35816902,0.40516177
4,58,-0.63083804,0.061411306,-0.62391186,0.06225423,-0.3586359,0.43294078,-0.35396686,0.43515873
4,59,-0.62403965,0.07326095,-0.6172384,0.073389724,-0.35405302,0.46411994,-0.34946817,0.46445876
4,60,-0.6167554,0.08483443,-0.6101356,0.08425254,-0.34914258,0.49457243,-0.34468007,0.49304134
4,61,-0.60899675,0.09612052,-0.6026142,0.09483512,-0.34391233,0.52426875,-0.33960977,0.5208866
4,62,-0.600776,0.107108265,-0.59468544,0.105130225,-0.33837062,0.5531801,-0.33426484,0.54797536
4,63,-0.5921067,0.1177872,-0.58636045,0.115130864,-0.33252648,0.5812788,-0.32865283,0.5742894
4,64,-0.58300287,0.12814716,-0.577651,0.124830365,-0.32638943,0.60853827,-0.32278165,0.599811
4,65,-0.57347965,0.13817836,-0.568569,0.13422234,-0.31996965,0.6349327,-0.3166593,0.6245235
4,66,-0.5635529,0.14787158,-0.55912644,0.14330073,-0.3132779,0.6604378,-0.3102939,0.6484108
4,67,-0.5532392,0.15721788,-0.5493358,0.15205973,-0.30632526,0.68503004,-0.3036939,0.6714578
4,68,-0.5425557,0.16620891,-0.53920954,0.16049391,-0.29912332,0.70868754,-0.2968676,0.69365007
4,69,-0.5315199,0.1748367,-0.52876055,0.16859812,-0.29168388,0.7313893,-0.28982377,0.7149741
4,70,-0.5201498,0.18309392,-0.51800174,0.17636752,-0.28401914,0.7531159,-0.28257108,0.73541725
4,71,-0.5084639,0.19097379,-0.50694627,0.18379764,-0.2761415,0.7738497,-0.2751184,0.7549676
4,72,-0.4964806,0.19847009,-0.49560747,0.1908843,-0.26806334,0.7935742,-0.26747474,0.7736142
4,73,-0.48421857,0.2055773,-0.48399884,0.19762369,-0.2597973,0.8122749,-0.25964916,0.7913471
4,74,-0.47169656,0.21229038,-0.47213396,0.20401232,-0.251356,0.8299386,-0.25165087,0.808157
4,75,-0.45893314,0.2186051,-0.46002665,0.21004704,-0.24275197,0.8465541,-0.24348913,0.8240358
4,76,-0.44594696,0.22451794,-0.44769073,0.21572505,-0.23399778,0.86211216,-0.23517327,0.83897597
4,77,-0.4327564,0.23002598,-0.4351402,0.22104391,-0.22510579,0.87660503,-0.22671275,0.8529712
4,78,-0.41937956,0.23512703,-0.4223891,0.22600156,-0.21608825,0.8900271,-0.21811703,0.8660159
4,79,-0.40583438,0.23981962,-0.40945154,0.23059624,-0.20695722,0.9023744,-0.20939562,0.8781056
4,80,-0.39213842,0.24410301,-0.39634177,0.2348266,-0.19772455,0.913645,-0.2005581,0.88923657
4,81,-0.3783089,0.24797705,-0.38307402,0.23869161,-0.18840183,0.9238385,-0.19161409,0.8994063
4,82,-0.36436275,0.25144228,-0.36966252,0.24219064,-0.17900051,0.93295634,-0.18257318,0.9086131
4,83,-0.35031638,0.25449994,-0.3561216,0.24532343,-0.16953163,0.9410017,-0.17344502,0.91685617
4,84,-0.3361859,0.25715175,-0.34246555,0.24809004,-0.16000603,0.9479793,-0.16423926,0.92413574
4,85,-0.32198706,0.2594001,-0.32870868,0.25049093,-0.15043436,0.9538952,-0.15496552,0.9304531
4,86,-0.30773512,0.26124796,-0.31486517,0.25252694,-0.1408269,0.95875734,-0.14563338,0.9358103
4,87,-0.293445,0.26269868,-0.30094934,0.25419924,-0.13119368,0.96257454,-0.1362525,0.9402105
4,88,-0.2791313,0.26375616,-0.2869753,0.25550935,-0.121544585,0.965357,-0.12683235,0.9436577
4,89,-0.26480815,0.26442474,-0.27295715,0.2564592,-0.11188912,0.9671162,-0.11738249,0.94615704
4,90,-0.2504894,0.2647091,-0.25890893,0.25705105,-0.10223662,0.96786433,-0.107912354,0.94771427
4,91,-0.23618855,0.26461437,-0.24484454,0.25728753,-0.09259617,0.9676151,-0.09843132,0.94833654
4,92,-0.22191876,0.264146,-0.23077781,0.25717157,-0.08297668,0.96638274,-0.08894871,0.9480314
4,93,-0.20769294,0.2633097,-0.21672244,0.2567065,-0.07338681,0.9641822,-0.07947375,0.94680774
4,94,-0.19352369,0.26211146,-0.20269197,0.25589594,-0.06383509,0.9610294,-0.07001558,0.9446749
4,95,-0.1794233,0.26055765,-0.18869983,0.2547439,-0.054329786,0.95694095,-0.060583245,0.94164366
4,96,-0.16540389,0.25865468,-0.17475922,0.25325468,-0.044879068,0.9519338,-0.051185653,0.9377252
4,97,-0.15147722,0.25640932,-0.16088328,0.2514329,-0.03549087,0.9460257,-0.041831654,0.9329316
4,98,-0.13765496,0.25382853,-0.14708485,0.24928346,-0.02617306,0.9392351,-0.0325299,0.92727596
4,99,-0.123948425,0.25091943,-0.13337661,0.24681164,-0.016933259,0.9315806,-0.023288956,0.920772
4,100,-0.11036882,0.24768934,-0.11977107,0.24402297,-0.0077790227,0.92308146,-0.014117236,0.9134344
4,101,-0.09692705,0.24414572,-0.10628046,0.24092324,0.0012822973,0.9137574,-0.0050229933,0.90527827
4,102,-0.083633885,0.24029623,-0.09291682,0.23751856,0.010243436,0.9036284,0.0039856597,0.89631975
4,103,-0.07049987,0.23614872,-0.07969191,0.23381528,0.019097295,0.8927154,0.012900787,0.8865756
4,104,-0.05753533,0.23171115,-0.066617265,0.22982001,0.027836902,0.88103914,0.02171462,0.8760631
4,105,-0.044750392,0.22699165,-0.05370416,0.2255396,0.036455438,0.86862105,0.030419556,0.86480033
4,106,-0.032154944,0.22199848,-0.040963575,0.22098114,0.04494624,0.8554829,0.039008196,0.852806
4,107,-0.019758679,0.21674013,-0.028406225,0.21615194,0.05330277,0.8416469,0.047473315,0.8400992
4,108,-0.0075710677,0.21122514,-0.01604253,0.21105951,0.061518636,0.8271356,0.055807885,0.8266999
4,109,0.0043987073,0.20546225,-0.0038826172,0.20571159,0.069587655,0.8119722,0.06400508,0.8126282
4,110,0.016141664,0.19946031,0.008063696,0.20011605,0.07750378,0.79617965,0.07205829,0.7979051
4,111,0.027649123,0.19322833,0.019786902,0.19428098,0.085261144,0.77978194,0.0799611,0.7825517
4,112,0.038912658,0.18677548,0.03127781,0.18821461,0.09285408,0.76280296,0.0877073,0.76658964
4,113,0.049924124,0.18011098,0.042527538,0.18192537,0.10027709,0.7452671,0.09529094,0.7500412
4,114,0.06067573,0.17324421,0.05352757,0.17542173,0.107524924,0.7271991,0.10270623,0.7329286
4,115,0.07115996,0.1661846,0.06426971,0.16871238,0.11459252,0.7086236,0.10994769,0.71527475
4,116,0.08136965,0.15894176,0.074746095,0.16180605,0.12147504,0.68956596,0.11700999,0.6971026
4,117,0.091297925,0.15152529,0.08494921,0.15471163,0.12816785,0.6700516,0.12388808,0.67843556
4,118,0.100938365,0.14394496,0.094871886,0.14743808,0.13466664,0.65010595,0.13057712,0.65929717
4,119,0.110284805,0.13621046,0.10450731,0.13999441,0.14096722,0.62975466,0.13707252,0.63971114
4,120,0.1193316,0.1283316,0.11384903,0.13238974,0.14706582,0.6090236,0.14336993,0.6197015
4,121,0.12807332,0.120318204,0.12289092,0.12463322,0.15295875,0.5879385,0.14946522,0.5992923
4,122,0.13650508,0.112180024,0.13162725,0.116734065,0.15864274,0.56652504,0.15535451,0.5785078
4,123,0.14462228,0.10392691,0.14005262,0.10870149,0.16411468,0.54480916,0.1610342,0.5573722
4,124,0.15242077,0.09556855,0.14816199,0.100544766,0.16937177,0.5228164,0.16650087,0.53590995
4,125,0.15989684,0.08711469,0.15595073,0.09227315,0.1744115,0.5005723,0.17175137,0.51414543
4,126,0.16704707,0.07857491,0.16341452,0.08389594,0.17923158,0.4781022,0.17678283,0.49210304
4,127,0.17386855,0.069958776,0.17054941,0.07542238,0.18383007,0.45543116,0.18159257,0.46980715
4,128,0.18035875,0.061275695,0.17735183,0.06686172,0.18820521,0.43258396,0.1861782,0.44728208
4,129,0.18651547,0.052535,0.18381856,0.058223195,0.19235556,0.40958515,0.19053753,0.4245521
4,130,0.19233693,0.043745864,0.18994674,0.04951599,0.1962799,0.3864589,0.19466865,0.40164146
4,131,0.19782175,0.034917343,0.19573388,0.040749248,0.19997731,0.363229,0.19856985,0.37857413
4,132,0.20296888,0.026058342,0.2011778,0.03193207,0.20344707,0.33991894,0.20223969,0.35537407
4,133,0.20777766,0.017177578,0.20627673,0.023073483,0.20668876,0.31655157,0.20567696,0.33206508
4,134,0.21224774,0.008283589,0.21102923,0.0141824605,0.2097021,0.29314944,0.20888071,0.30867076
4,135,0.21637912,-0.000615187,0.21543421,0.0052678934,0.21248715,0.2697347,0.21185015,0.28521445
4,136,0.22017209,-0.009510588,0.21949092,-0.0036614062,0.21504404,0.24632883,0.21458486,0.26171938
4,137,0.22362728,-0.018394526,0.22319895,-0.012596715,0.21737325,0.22295313,0.21708451,0.23820852
4,138,0.22674559,-0.027259186,0.22655824,-0.021529404,0.21947534,0.19962816,0.21934906,0.21470454
4,139,0.22952826,-0.036096822,0.22956905,-0.03045095,0.22135119,0.17637429,0.2213787,0.1912299
4,140,0.23197667,-0.044900026,0.23223199,-0.039352927,0.2230017,0.15321103,0.22317381,0.16780671
4,141,0.23409258,-0.053661373,0.23454797,-0.04822703,0.22442807,0.13015789,0.22473507,0.14445691
4,142,0.23587792,-0.062373746,0.23651826,-0.057065077,0.2256316,0.107233614,0.22606328,0.121201955
4,143,0.23733489,-0.071030185,0.23814443,-0.065859,0.22661377,0.08445652,0.2271595,0.09806311
4,144,0.23846583,-0.07962377,0.23942833,-0.07460086,0.22737615,0.061844796,0.22802499,0.07506125
4,145,0.23927338,-0.08814791,0.24037217,-0.08328287,0.22792053,0.039415818,0.22866124,0.052216858
4,146,0.23976032,-0.09659605,0.2409784,-0.09189737,0.22824879,0.01718681,0.22906992,0.02955012
4,147,0.23992969,-0.10496177,0.24124984,-0.100436814,0.22836296,-0.004825341,0.2292529,0.0070808604
4,148,0.23978458,-0.11323887,0.24118955,-0.10889386,0.22826515,-0.026604319,0.22921225,-0.015171577
4,149,0.23932843,-0.12142128,0.24080089,-0.11726127,0.22795765,-0.048134126,0.22895026,-0.03718818
4,150,0.23856466,-0.12950292,0.2400875,-0.12553199,0.22744277,-0.069398805,0.22846934,-0.058950353
4,151,0.23749696,-0.137478,0.23905326,-0.1336991,0.22672302,-0.09038307,0.22777215,-0.08043993
4,152,0.23612921,-0.14534077,0.23770238,-0.1417559,0.225801,-0.111071855,0.2268615,-0.10163921
4,153,0.2344654,-0.15308563,0.2360393,-0.14969578,0.2246794,-0.13145038,0.22574039,-0.12253091
4,154,0.2325096,-0.1607071,0.23406869,-0.15751237,0.22336096,-0.15150423,0.22441198,-0.14309815
4,155,0.2302662,-0.16819973,0.23179547,-0.16519943,0.22184865,-0.17121908,0.22287956,-0.1633246
4,156,0.22773956,-0.1755583,0.22922486,-0.17275092,0.22014539,-0.19058117,0.22114667,-0.18319431
4,157,0.2249343,-0.18277767,0.22636221,-0.18016095,0.21825433,-0.20957702,0.21921691,-0.20269182
4,158,0.22185515,-0.18985274,0.22321321,-0.18742388,0.21617863,-0.22819318,0.21709411,-0.22180228
4,159,0.21850704,-0.19677861,0.21978366,-0.1945342,0.2139216,-0.24641673,0.21478221,-0.24051116
4,160,0.2148949,-0.20355049,0.21607965,-0.2014866,0.21148661,-0.2642351,0.21228527,-0.25880456
4,161,0.211024,-0.2101637,0.21210745,-0.20827597,0.20887716,-0.281636,0.20960754,-0.27666897
4,162,0.20689963,-0.21661365,0.2078735,-0.21489741,0.20609686,-0.29860732,0.20675336,-0.2940915
4,163,0.20252727,-0.22289595,0.20338444,-0.22134618,0.20314938,-0.3151375,0.20372722,-0.3110597
4,164,0.19791253,-0.22900629,0.19864713,-0.2276178,0.20003851,-0.33121523,0.2005337,-0.3275618
4,165,0.19306122,-0.2349405,0.19366854,-0.23370793,0.19676815,-0.3468295,0.19717757,-0.34358636
4,166,0.18797924,-0.2406947,0.18845586,-0.23961249,0.19334231,-0.36197016,0.19366361,-0.3591226
4,167,0.1826727,-0.24626493,0.18301639,-0.24532758,0.18976508,-0.37662673,0.18999678,-0.37416032
4,168,0.17714779,-0.25164756,0.17735761,-0.2508495,0.18604065,-0.39078966,0.18618211,-0.38868973
4,169,0.17141093,-0.25683913,0.17148714,-0.25617477,0.18217334,-0.40444988,0.18222472,-0.4027018
4,170,0.16546866,-0.26183626,0.16541268,-0.26130018,0.17816757,-0.4175985,0.17812982,-0.41618794
4,171,0.15932764,-0.26663584,0.15914214,-0.26622263,0.1740278,-0.43022728,0.17390275,-0.42914003
4,172,0.15299474,-0.27123493,0.15268345,-0.27093932,0.16975868,-0.44232857,0.16954884,-0.44155076
4,173,0.14647695,-0.2756307,0.14604473,-0.2754476,0.16536495,-0.45389488,0.16507357,-0.4534131
4,174,0.13978143,-0.2798208,0.13923416,-0.27974516,0.16085139,-0.46491998,0.16048245,-0.46472096
4,175,0.13291544,-0.2838027,0.13225998,-0.2838298,0.15622291,-0.47539726,0.15578105,-0.4754686
4,176,0.12588643,-0.28757435,0.12513055,-0.28769955,0.15148453,-0.48532137,0.15097499,-0.4856508
4,177,0.118701965,-0.29113385,0.117854305,-0.2913527,0.14664137,-0.49468723,0.14606994,-0.49526304
4,178,0.1113698,-0.29447964,0.110439725,-0.2947877,0.14169864,-0.5034908,0.14107165,-0.50430137
4,179,0.103897735,-0.29761016,0.10289534,-0.29800338,0.13666159,-0.5117279,0.13598587,-0.51276255
4,180,0.09629381,-0.3005243,0.09522974,-0.30099857,0.13153566,-0.51939565,0.13081835,-0.5206436
4,181,0.08856611,-0.30322108,0.08745155,-0.30377248,0.1263263,-0.5264915,0.12557495,-0.5279424
4,182,0.08072287,-0.30569974,0.07956941,-0.3063245,0.12103903,-0.53301346,0.12026146,-0.5346574
4,183,0.07277243,-0.30795985,0.071591996,-0.30865425,0.11567951,-0.53896034,0.11488376,-0.54078746
4,184,0.06472328,-0.31000116,0.06352799,-0.31076154,0.11025345,-0.5443315,0.10944768,-0.54633224
4,185,0.056583937,-0.3118236,0.05538607,-0.31264642,0.104766585,-0.5491268,0.103959076,-0.55129176
4,186,0.04836307,-0.31342754,0.047174916,-0.31430915,0.09922476,-0.5533471,0.09842381,-0.5556668
4,187,0.040069383,-0.31481332,0.03890319,-0.3157502,0.09363385,-0.5569934,0.092847705,-0.5594586
4,188,0.03171174,-0.3159818,0.030579533,-0.3169703,0.08799983,-0.56006795,0.08723659,-0.5626689
4,189,0.02329893,-0.3169338,0.022212552,-0.3179703,0.08232861,-0.5625729,0.08159626,-0.56530017
4,190,0.014839891,-0.31767064,0.0138108125,-0.3187514,0.076626234,-0.5645117,0.07593251,-0.5673554
4,191,0.006343648,-0.3181936,0.0053828373,-0.31931487,0.07089878,-0.56588775,0.07025108,-0.568838
4,192,-0.002180893,-0.31850433,-0.003062908,-0.3196622,0.06515224,-0.56670535,0.06455766,-0.569752
4,193,-0.010724679,-0.31860465,-0.011518023,-0.31979525,0.059392735,-0.5669693,0.05885793,-0.57010204
4,194,-0.019278718,-0.3184967,-0.019974178,-0.31971583,0.053626318,-0.56668526,0.053157493,-0.56989306
4,195,-0.027834013,-0.3181826,-0.02842312,-0.3194261,0.04785905,-0.5658587,0.047461923,-0.56913066
4,196,-0.03638163,-0.3176649,-0.036856685,-0.31892836,0.04209696,-0.5644966,0.041776717,-0.567821
4,197,-0.044912606,-0.31694615,-0.045266807,-0.31822518,0.03634609,-0.5626054,0.036107317,-0.5659708
4,198,-0.053418063,-0.31602916,-0.053645514,-0.31731915,0.03061242,-0.5601926,0.030459091,-0.56358683
4,199,-0.0618892,-0.31491697,-0.06198494,-0.3162132,0.024901886,-0.5572661,0.024837347,-0.5606768
4,200,-0.07121751,-0.7018917,-0.08506057,-1.0710485,0.018613521,-1.5754864,0.0092816865,-2.5468235
4,201,-0.10329969,-0.9015394,-0.12265306,-1.0612903,-0.003013608,-2.1008058,-0.016060032,-2.5211473
4,202,-0.14861271,-0.9946671,-0.15984826,-1.0506941,-0.03355986,-2.3458464,-0.04113393,-2.4932663
4,203,-0.19642584,-1.0300139,-0.19661382,-1.0392792,-0.06579148,-2.4388518,-0.06591819,-2.463231
4,204,-0.24331872,-1.034254,-0.23291819,-1.0270663,-0.097402744,-2.4500084,-0.09039157,-2.4310963
4,205,-0.28804034,-1.0223417,-0.26873064,-1.0140768,-0.12755032,-2.4186647,-0.114533335,-2.3969178
4,206,-0.33028057,-1.0025709,-0.30402127,-1.0003334,-0.15602516,-2.366643,-0.13832332,-2.3607557
4,207,-0.37009504,-0.97939116,-0.33876115,-0.9858594,-0.18286476,-2.3056517,-0.16174206,-2.3226712
4,208,-0.40765217,-0.95508534,-0.3729222,-0.97067904,-0.20818262,-2.2416975,-0.18477058,-2.2827282
4,209,-0.44312832,-0.9307456,-0.40647736,-0.9548175,-0.23209769,-2.177654,-0.20739067,-2.2409928
4,210,-0.47667527,-0.9068315,-0.43940052,-0.93830025,-0.25471222,-2.1147304,-0.22958471,-2.197532
4,211,-0.5084173,-0.88348323,-0.4716666,-0.92115366,-0.27611005,-2.0532959,-0.2513358,-2.1524153
4,212,-0.53845966,-0.8606897,-0.50325155,-0.9034043,-0.2963621,-1.9933207,-0.27262774,-2.1057127
4,213,-0.56689686,-0.838378,-0.53413236,-0.8850793,-0.3155321,-1.9346135,-0.29344502,-2.0574954
4,214,-0.593819,-0.81645554,-0.5642872,-0.8662061,-0.33368078,-1.8769304,-0.31377286,-2.0078356
4,215,-0.61931443,-0.7948299,-0.59369504,-0.84681225,-0.35086766,-1.8200283,-0.33359718,-1.956806
4,216,-0.64347035,-0.77341664,-0.6223362,-0.8269255,-0.36715156,-1.763685,-0.3529047,-1.9044793
4,217,-0.66637266,-0.7521413,-0.65019196,-0.80657375,-0.38259038,-1.7077047,-0.3716827,-1.850929
4,218,-0.6881044,-0.7309392,-0.6772448,-0.7857848,-0.3972401,-1.6519171,-0.38991946,-1.7962285
4,219,-0.70874494,-0.7097548,-0.703478,-0.7645863,-0.41115424,-1.596176,-0.4076037,-1.7404505
4,220,-0.72836936,-0.6885404,-0.7288763,-0.7430061,-0.42438337,-1.5403559,-0.42472512,-1.6836679
4,221,-0.74704725,-0.66725487,-0.75342524,-0.72107154,-0.43697447,-1.4843488,-0.44127396,-1.625953
4,222,-0.7648431,-0.64586353,-0.77711153,-0.69880986,-0.44897094,-1.4280633,-0.4572413,-1.5673773
4,223,-0.7818155,-0.6243368,-0.799923,-0.67624795,-0.46041232,-1.3714213,-0.47261888,-1.5080117
4,224,-0.7980174,-0.6026501,-0.82184833,-0.65341246,-0.47133428,-1.3143587,-0.4873991,-1.4479263
4,225,-0.8134962,-0.5807832,-0.8428775,-0.6303296,-0.4817688,-1.2568218,-0.50157523,-1.3871899
4,226,-0.8282933,-0.5587205,-0.8630012,-0.6070252,-0.49174377,-1.1987698,-0.51514095,-1.3258706
4,227,-0.84244496,-0.53645,-0.8822115,-0.58352464,-0.50128365,-1.1401709,-0.5280909,-1.2640352
4,228,-0.85598177,-0.513964,-0.900501,-0.5598529,-0.510409,-1.081005,-0.5404202,-1.2017493
4,229,-0.868929,-0.49125856,-0.9178636,-0.5360344,-0.51913697,-1.0212617,-0.55212456,-1.1390773
4,230,-0.88130677,-0.4683339,-0.9342941,-0.5120931,-0.527481,-0.9609416,-0.56320065,-1.0760823
4,231,-0.89313,-0.4451943,-0.94978803,-0.4880525,-0.53545123,-0.900056,-0.57364535,-1.0128258
4,232,-0.90440845,-0.42184812,-0.96434206,-0.46393546,-0.5430542,-0.8386268,-0.58345646,-0.94936836
4,233,-0.9151474,-0.39830798,-0.9779537,-0.43976447,-0.55029356,-0.7766872,-0.5926323,-0.88576883
4,234,-0.925347,-0.37459093,-0.9906211,-0.41556144,-0.55716926,-0.71428216,-0.6011716,-0.8220851
4,235,-0.93500304,-0.3507182,-1.0023435,-0.39134774,-0.56367856,-0.6514675,-0.6090739,-0.7583732
4,236,-0.9441073,-0.3267153,-1.013121,-0.36714417,-0.5698159,-0.58831024,-0.61633915,-0.694688
4,237,-0.952647,-0.3026121,-1.0229542,-0.34297118,-0.5755726,-0.5248892,-0.6229679,-0.63108325
4,238,-0.96060616,-0.27844223,-1.0318449,-0.31884855,-0.58093804,-0.46129265,-0.6289612,-0.56761104
4,239,-0.9679656,-0.25424314,-1.0397953,-0.29479566,-0.5858992,-0.39761922,-0.63432074,-0.5043223
4,240,-0.974703,-0.23005533,-1.0468085,-0.2708314,-0.590441,-0.3339755,-0.63904846,-0.4412668
4,241,-0.9807942,-0.20592204,-1.0528884,-0.24697419,-0.59454715,-0.2704752,-0.643147,-0.37849292
4,242,-0.9862131,-0.1818884,-1.0580394,-0.223242,-0.5982001,-0.20723714,-0.64661944,-0.31604806
4,243,-0.9909329,-0.15800093,-1.062267,-0.19965236,-0.6013818,-0.14438367,-0.64946926,-0.25397822
4,244,-0.9949262,-0.13430645,-1.0655767,-0.17622241,-0.60407376,-0.082037985,-0.6517004,-0.19232862
4,245,-0.998166,-0.11085133,-1.0679753,-0.15296887,-0.60625774,-0.020322151,-0.65331733,-0.13114315
4,246,-1.0006266,-0.08768073,-1.06947,-0.12990808,-0.6079165,0.04064508,-0.654325,-0.07046488
4,247,-1.0022831,-0.06483753,-1.0700686,-0.10705601,-0.60903317,0.10075083,-0.6547285,-0.0103357695
4,248,-1.0031135,-0.042361755,-1.0697795,-0.08442827,-0.609593,0.1598898,-0.6545336,0.049203046
4,249,-1.003098,-0.020289842,-1.068612,-0.06204017,-0.6095825,0.21796611,-0.65374655,0.10811134
4,250,-1.0022199,0.0013461076,-1.0665754,-0.03990667,-0.60899055,0.2748953,-0.6523737,0.1663497
4,251,-1.000466,0.022518206,-1.0636802,-0.018042441,-0.60780823,0.33060402,-0.6504219,0.22387955
4,252,-0.99782616,0.04320365,-1.0599369,0.0035381326,-0.6060287,0.3850322,-0.6478985,0.28066304
4,253,-0.9942944,0.063384235,-1.0553572,0.024820955,-0.6036478,0.43813202,-0.6448113,0.33666307
4,254,-0.98986787,0.08304663,-1.0499527,0.04579219,-0.60066384,0.48986834,-0.64116806,0.39184326
4,255,-0.98454756,0.10218181,-1.043736,0.06643826,-0.5970773,0.5402174,-0.6369772,0.44616786
4,256,-0.97833776,0.12078506,-1.03672,0.086745836,-0.5928912,0.5891669,-0.6322477,0.49960178
4,257,-0.97124624,0.13885503,-1.0289181,0.10670183,-0.5881107,0.63671315,-0.6269883,0.5521106
4,258,-0.9632838,0.15639353,-1.0203445,0.1262934,-0.58274305,0.68286103,-0.6212086,0.60366064
4,259,-0.9544639,0.17340487,-1.0110134,0.14550795,-0.5767974,0.7276218,-0.6149184,0.65421855
4,260,-0.9448029,0.18989503,-1.0009398,0.16433305,-0.5702848,0.77101123,-0.60812765,0.70375174
4,261,-0.93431973,0.20587127,-0.99013937,0.18275657,-0.56321794,0.81304836,-0.6008469,0.7522283
4,262,-0.92303544,0.22134148,-0.9786278,0.20076658,-0.555611,0.8537541,-0.5930867,0.79961675
4,263,-0.9109734,0.23631349,-0.9664215,0.21835142,-0.5474798,0.89314896,-0.58485824,0.8458866
4,264,-0.8981588,0.25079483,-0.9535373,0.23549964,-0.53884125,0.9312527,-0.57617277,0.8910075
4,265,-0.8846185,0.264792,-0.9399924,0.25220007,-0.5297135,0.9680825,-0.567042,0.93495023
4,266,-0.8703815,0.2783106,-0.9258047,0.26844174,-0.5201161,1.003653,-0.5574778,0.9776858
4,267,-0.8554776,0.29135448,-0.9109921,0.28421405,-0.51006913,1.0379746,-0.5474924,1.0191864
4,268,-0.83993834,0.30392623,-0.8955732,0.2995066,-0.49959388,1.0710537,-0.5370982,1.0594246
4,269,-0.82379633,0.31602663,-0.87956697,0.3143093,-0.48871228,1.1028928,-0.5263082,1.098374
4,270,-0.8070853,0.32765493,-0.86299264,0.32861242,-0.4774471,1.1334895,-0.51513517,1.1360089
4,271,-0.7898392,0.33880883,-0.8458699,0.34240648,-0.46582124,1.162838,-0.50359243,1.1723042
4,272,-0.77209294,0.34948474,-0.8282189,0.35568237,-0.45385817,1.1909287,-0.4916936,1.2072362
4,273,-0.7538816,0.35967788,-0.8100599,0.36843142,-0.44158158,1.2177492,-0.47945234,1.2407819
4,274,-0.7352401,0.36938265,-0.7914137,0.38064522,-0.42901507,1.2432848,-0.46688265,1.2729192
4,275,-0.71620345,0.37859297,-0.7723014,0.3923158,-0.41618216,1.2675192,-0.45399868,1.3036273
4,276,-0.6968061,0.38730237,-0.75274426,0.4034357,-0.40310606,1.2904357,-0.4408149,1.3328862
4,277,-0.6770816,0.39550444,-0.73276395,0.41399777,-0.38980946,1.3120172,-0.42734584,1.3606775
4,278,-0.6570631,0.40319324,-0.7123824,0.42399538,-0.37631467,1.3322482,-0.4136063,1.3869835
4,279,-0.6367826,0.41036314,-0.6916217,0.4334224,-0.36264324,1.3511139,-0.3996112,1.4117881
4,280,-0.6162706,0.41700953,-0.6705043,0.44227317,-0.34881577,1.3686022,-0.3853756,1.4350766
4,281,-0.5955566,0.42312872,-0.64905274,0.4505426,-0.3348521,1.3847032,-0.37091476,1.4568353
4,282,-0.57466865,0.4287181,-0.62728983,0.45822608,-0.3207712,1.39941,-0.356244,1.4770525
4,283,-0.5536334,0.4337761,-0.6052385,0.4653196,-0.30659097,1.4127188,-0.34137884,1.495717
4,284,-0.5324759,0.4383027,-0.58292186,0.47181973,-0.29232836,1.4246293,-0.3263348,1.5128204
4,285,-0.51121986,0.4422987,-0.5603632,0.47772366,-0.2779993,1.4351438,-0.31112763,1.5283551
4,286,-0.48988742,0.44576645,-0.53758574,0.4830291,-0.26361877,1.4442682,-0.29577297,1.5423149
4,287,-0.4684994,0.44870895,-0.51461285,0.4877345,-0.24920075,1.4520106,-0.28028658,1.5546958
4,288,-0.44707534,0.4511305,-0.49146807,0.49183887,-0.23475844,1.4583824,-0.26468432,1.5654955
4,289,-0.42563352,0.45303625,-0.46817482,0.49534193,-0.22030415,1.4633968,-0.24898194,1.5747128
4,290,-0.404191,0.4544319,-0.44475657,0.49824402,-0.20584938,1.467069,-0.2331953,1.5823488
4,291,-0.3827639,0.455324,-0.42123675,0.50054616,-0.19140503,1.4694164,-0.21734022,1.5884063
4,292,-0.36136737,0.4557194,-0.39763874,0.5022501,-0.17698129,1.4704568,-0.2014324,1.5928898
4,293,-0.3400157,0.4556253,-0.3739859,0.5033581,-0.16258778,1.4702091,-0.18548763,1.5958053
4,294,-0.3187226,0.45504934,-0.35030136,0.50387335,-0.14823374,1.4686936,-0.1695215,1.5971609
4,295,-0.29750103,0.45399907,-0.3266082,0.5037995,-0.13392793,1.4659301,-0.15354955,1.5969666
4,296,-0.27636352,0.45248222,-0.30292937,0.503141,-0.11967879,1.461939,-0.13758726,1.5952339
4,297,-0.2553222,0.45050642,-0.27928758,0.50190294,-0.10549448,1.4567401,-0.121649936,1.5919764
4,298,-0.23438881,0.4480792,-0.25570533,0.500091,-0.09138294,1.4503535,-0.10575276,1.5872087
4,299,-0.21357507,0.44520804,-0.2322049,0.49771163,-0.077352054,1.4427989,-0.08991073,1.580948
4,300,-0.19289231,0.4419001,-0.2088083,0.4947719,-0.06340947,1.4340949,-0.0741387,1.573213
4,301,-0.17235199,0.43816248,-0.18553726,0.49127945,-0.049562894,1.4242604,-0.058451306,1.5640234
4,302,-0.15196541,0.43400198,-0.1624132,0.4872426,-0.03581997,1.4133132,-0.042862993,1.5534016
4,303,-0.13174406,0.4294253,-0.13945717,0.48267025,-0.022188423,1.4012709,-0.027387958,1.5413706
4,304,-0.1116994,0.42443886,-0.11668991,0.47757185,-0.008675992,1.3881503,-0.012040176,1.5279557
4,305,-0.09184311,0.419049,-0.09413176,0.47195745,0.004709461,1.3739684,0.003166646,1.5131829
4,306,-0.07218699,0.41326195,-0.07180265,0.4658376,0.017959977,1.3587414,0.018219065,1.4970801
4,307,-0.05274305,0.40708375,-0.0497221,0.45922345,0.031067457,1.3424851,0.033103928,1.4796767
4,308,-0.033523515,0.40052056,-0.027909176,0.45212653,0.044023667,1.3252158,0.04780838,1.4610031
4,309,-0.01454084,0.39357853,-0.006382485,0.44455892,0.056820195,1.3069497,0.06231988,1.441091
4,310,0.0041923523,0.38626385,0.014839841,0.4365331,0.06944855,1.2877032,0.0766262,1.4199731
4,311,0.022663157,0.3785829,0.035740167,0.42806196,0.08190002,1.2674928,0.09071545,1.3976836
4,312,0.040858503,0.37054232,0.05630137,0.4191588,0.09416581,1.2463361,0.1045761,1.3742572
4,313,0.0587652,0.3621489,0.07650685,0.40983722,0.10623701,1.2242512,0.11819695,1.34973
4,314,0.07636982,0.35340995,0.09634055,0.40011123,0.11810458,1.2012569,0.13156717,1.3241386
4,315,0.093658864,0.34433305,0.11578696,0.38999507,0.1297594,1.1773734,0.14467631,1.2975208
4,316,0.1106188,0.3349263,0.13483113,0.3795033,0.14119238,1.1526221,0.1575143,1.2699145
4,317,0.12723604,0.32519835,0.1534587,0.3686507,0.15239432,1.1270256,0.17007145,1.2413589
4,318,0.14349708,0.31515837,0.17165588,0.35745227,0.16335617,1.1006081,0.18233846,1.2118932
4,319,0.15938848,0.3048161,0.18940943,0.34592316,0.17406882,1.0733953,0.19430643,1.1815574
4,320,0.17489704,0.2941819,0.20670676,0.33407876,0.1845234,1.0454142,0.20596686,1.150392
4,321,0.19000977,0.28326687,0.22353588,0.3219345,0.19471113,1.0166942,0.21731164,1.1184376
4,322,0.20471399,0.27208272,0.23988537,0.30950597,0.20462348,0.98726606,0.22833309,1.0857353
4,323,0.21899746,0.2606417,0.25574446,0.29680878,0.2142522,0.9571621,0.23902397,1.0523261
4,324,0.23284836,0.24895677,0.27110296,0.2838587,0.22358933,0.92641634,0.2493774,1.0182514
4,325,0.24625544,0.2370415,0.28595132,0.27067143,0.23262726,0.89506453,0.25938693,0.98355263
4,326,0.2592081,0.22490989,0.30028057,0.25726274,0.24135888,0.8631434,0.2690465,0.9482713
4,327,0.27169636,0.21257654,0.31408238,0.24364837,0.2497774,0.8306915,0.27835053,0.9124487
4,328,0.283711,0.20005642,0.32734904,0.229844,0.25787666,0.79774815,0.2872938,0.8761262
4,329,0.29524353,0.18736482,0.34007344,0.21586533,0.26565096,0.76435363,0.29587153,0.8393451
4,330,0.3062864,0.1745174,0.35224906,0.20172791,0.27309513,0.7305491,0.30407932,0.80214626
4,331,0.3168328,0.16152984,0.36387,0.18744726,0.28020462,0.69637585,0.3119132,0.76457053
4,332,0.3268769,0.14841801,0.374931,0.17303878,0.28697553,0.6618756,0.31936958,0.7266585
4,333,0.33641377,0.13519785,0.3854274,0.15851773,0.2934045,0.6270903,0.32644537,0.6884503
4,334,0.3454392,0.121885076,0.39535502,0.14389928,0.29948866,0.5920613,0.33313775,0.64998573
4,335,0.35395002,0.108495295,0.40471038,0.12919842,0.30522597,0.5568297,0.33944437,0.6113044
4,336,0.36194396,0.09504393,0.4134906,0.11443001,0.3106148,0.521436,0.34536323,0.5724453
4,337,0.36941952,0.08154605,0.42169327,0.09960874,0.3156542,0.48591995,0.35089278,0.5334471
4,338,0.37637594,0.06801635,0.42931664,0.08474912,0.32034364,0.45032018,0.3560318,0.49434796
4,339,0.38281336,0.054469112,0.4363595,0.069865465,0.32468322,0.41467425,0.36077955,0.45518562
4,340,0.38873255,0.040918212,0.44282117,0.05497193,0.32867345,0.3790187,0.36513546,0.4159973
4,341,0.39413494,0.027376961,0.44870153,0.040082444,0.33231527,0.34338853,0.36909953,0.37681958
4,342,0.39902255,0.013858277,0.45400107,0.025210736,0.3356101,0.30781773,0.372672,0.33768868
4,343,0.403398,0.000374455,0.45872065,0.010370338,0.33855966,0.27233866,0.37585357,0.29864016
4,344,0.40726444,-0.013062742,0.46286184,-0.004425445,0.34116608,0.23698229,0.37864518,0.25970903
4,345,0.4106253,-0.026441894,0.46642658,-0.019163525,0.3434317,0.20177865,0.38104826,0.22092971
4,346,0.4134845,-0.039752167,0.4694174,-0.033831038,0.34535912,0.16675623,0.3830644,0.18233609
4,347,0.41584635,-0.052983206,0.4718373,-0.04841534,0.34695128,0.1319423,0.38469574,0.14396141
4,348,0.41771528,-0.06612502,0.47368976,-0.06290403,0.34821117,0.097363144,0.3859445,0.10583831
4,349,0.41909608,-0.07916802,0.47497877,-0.077284925,0.349142,0.06304398,0.38681343,0.06799885
4,350,0.4199937,-0.09210302,0.47570875,-0.09154609,0.34974706,0.029009005,0.38730553,0.030474419
4,351,0.4204133,-0.10492109,0.47588462,-0.105675824,0.35002995,-0.0047183023,0.38742405,-0.006704189
4,352,0.42036012,-0.11761361,0.4755117,-0.11966267,0.3499941,-0.03811528,0.3871727,-0.043506827
4,353,0.41983953,-0.13017216,0.47459581,-0.1334954,0.34964317,-0.071159735,0.38655528,-0.07990395
4,354,0.41885704,-0.14258857,0.47314322,-0.14716305,0.34898084,-0.10383018,0.38557604,-0.11586669
4,355,0.41741827,-0.15485473,0.47116053,-0.16065487,0.34801096,-0.13610528,0.38423946,-0.1513668
4,356,0.4155288,-0.16696274,0.4686548,-0.17396039,0.34673724,-0.16796428,0.38255033,-0.1863767
4,357,0.4131944,-0.17890479,0.46563357,-0.18706937,0.34516355,-0.19938657,0.38051367,-0.22086948
4,358,0.41042092,-0.19067305,0.46210465,-0.19997184,0.34329394,-0.2303516,0.3781348,-0.25481886
4,359,0.40721416,-0.20225987,0.4580763,-0.21265809,0.34113216,-0.2608392,0.37541917,-0.28819934
4,360,0.4035802,-0.21365742,0.45355713,-0.22511864,0.33868244,-0.2908288,0.37237275,-0.3209859
4,361,0.39952502,-0.22485805,0.44855618,-0.2373443,0.33594882,-0.32030022,0.3690015,-0.35315445
4,362,0.39505485,-0.23585403,0.44308275,-0.24932612,0.3329354,-0.3492332,0.36531177,-0.38468143
4,363,0.390176,-0.24663764,0.43714654,-0.26105544,0.3296465,-0.3776074,0.3613101,-0.41554397
4,364,0.38489497,-0.25720116,0.43075758,-0.27252385,0.32608646,-0.40540248,0.35700318,-0.44572002
4,365,0.37921825,-0.26753688,0.4239262,-0.28372324,0.3222597,-0.43259814,0.35239807,-0.4751882
4,366,0.37315264,-0.27763703,0.41666308,-0.29464576,0.31817076,-0.45917398,0.34750187,-0.5039279
4,367,0.36670515,-0.2874939,0.40897912,-0.3052838,0.31382442,-0.48510972,0.34232196,-0.53191906
4,368,0.3598829,-0.2970999,0.40088564,-0.31563017,0.3092254,-0.5103853,0.33686602,-0.5591427
4,369,0.35269323,-0.3064474,0.3923941,-0.3256778,0.30437875,-0.5349807,0.33114174,-0.5855804
4,370,0.34514377,-0.31552887,0.3835163,-0.33542007,0.29928952,-0.5588762,0.32515708,-0.6112146
4,371,0.3372423,-0.32433695,0.37426433,-0.34485054,0.29396302,-0.5820523,0.31892017,-0.6360283
4,372,0.32899702,-0.3328644,0.36465046,-0.35396314,0.28840473,-0.60449,0.3124393,-0.6600056
4,373,0.32041618,-0.34110415,0.35468718,-0.36275208,0.28262025,-0.6261707,0.3057229,-0.6831314
4,374,0.3115085,-0.34904942,0.34438726,-0.37121192,0.27661544,-0.64707655,0.29877955,-0.70539117
4,375,0.30228284,-0.35669357,0.33376366,-0.3793375,0.27039626,-0.66719,0.291618,-0.7267715
4,376,0.29274836,-0.3640303,0.32282948,-0.38712403,0.2639689,-0.6864947,0.2842471,-0.7472597
4,377,0.28291458,-0.37105364,0.3115981,-0.39456698,0.2573398,-0.7049747,0.27667582,-0.7668438
4,378,0.27279127,-0.377758,0.30008295,-0.40166226,0.25051552,-0.7226154,0.26891327,-0.7855131
4,379,0.26238856,-0.384138,0.28829768,-0.40840605,0.24350287,-0.73940265,0.26096863,-0.8032576
4,380,0.25171673,-0.3901889,0.27625614,-0.41479483,0.23630881,-0.75532407,0.25285125,-0.82006794
4,381,0.24078651,-0.39590624,0.2639722,-0.42082554,0.22894056,-0.7703677,0.24457042,-0.8359361
4,382,0.22960882,-0.40128607,0.2514599,-0.42649537,0.22140549,-0.78452325,0.23613568,-0.85085475
4,383,0.21819486,-0.4063249,0.23873337,-0.43180192,0.21371116,-0.7977816,0.2275565,-0.8648175
4,384,0.20655628,-0.4110198,0.22580683,-0.43674314,0.2058654,-0.81013495,0.21884252,-0.877819
4,385,0.19470485,-0.4153682,0.21269459,-0.44131735,0.19787616,-0.8215766,0.21000335,-0.88985485
4,386,0.1826527,-0.41936824,0.19941099,-0.4455232,0.1897516,-0.83210164,0.20104864,-0.9009214
4,387,0.1704122,-0.4230184,0.18597043,-0.44935974,0.18150008,-0.84170604,0.19198814,-0.9110162
4,388,0.157996,-0.4263178,0.17238733,-0.4528264,0.17313012,-0.8503876,0.18283156,-0.9201378
4,389,0.14541714,-0.4292661,0.15867616,-0.45592293,0.16465051,-0.8581452,0.17358862,-0.9282855
4,390,0.1326887,-0.43186328,0.14485133,-0.4586495,0.15607005,-0.86497897,0.16426909,-0.9354597
4,391,0.1198242,-0.43411013,0.1309273,-0.46100658,0.14739789,-0.870891,0.15488267,-0.9416618
4,392,0.10683738,-0.43600777,0.11691846,-0.4629951,0.13864325,-0.8758841,0.14543907,-0.94689405
4,393,0.09374212,-0.4375577,0.10283918,-0.46461633,0.12981552,-0.8799623,0.135948,-0.95115983
4,394,0.08055261,-0.43876213,0.08870377,-0.46587184,0.12092426,-0.88313144,0.12641908,-0.95446336
4,395,0.06728323,-0.43962368,0.074526444,-0.46676362,0.11197915,-0.8853984,0.116861925,-0.9568099
4,396,0.053948525,-0.44014528,0.06032138,-0.46729404,0.10299001,-0.88677084,0.10728605,-0.9582055
4,397,0.04056331,-0.44033033,0.04610262,-0.4674658,0.09396682,-0.88725775,0.09770095,-0.95865744
4,398,0.027142387,-0.44018275,0.031884108,-0.46728194,0.08491955,-0.88686943,0.08811602,-0.9581737
4,399,0.013700809,-0.43970668,0.017679656,-0.46674585,0.075858355,-0.8856168,0.07854056,-0.95676315
4,400,0.0002536662,-0.43890688,0.003502942,-0.46586132,0.06679342,-0.8835123,0.06898381,-0.9544357
4,401,-0.013183866,-0.437788,-0.01063251,-0.46463236,0.057734955,-0.8805683,0.059454866,-0.95120203
4,402,-0.026596628,-0.4363556,-0.024713345,-0.46306342,0.048693195,-0.8767993,0.049962744,-0.94707376
4,403,-0.039969385,-0.4346149,-0.03872638,-0.46115926,0.039678395,-0.87221915,0.040516328,-0.9420635
4,404,-0.05328705,-0.43257192,-0.05265863,-0.45892486,0.030700738,-0.8668436,0.031124366,-0.9361843
4,405,-0.06653458,-0.43023258,-0.0664973,-0.4563656,0.02177036,-0.86068827,0.021795489,-0.9294502
4,406,-0.07969709,-0.42760333,-0.08022984,-0.4534871,0.012897297,-0.8537701,0.012538158,-0.92187625
4,407,-0.09275988,-0.42469046,-0.093843885,-0.45029533,0.0040914547,-0.84610564,0.0033607075,-0.91347796
4,408,-0.105708465,-0.4215007,-0.10732734,-0.44679645,-0.0046374016,-0.83771265,-0.0057287132,-0.9042716
4,409,-0.118528605,-0.418041,-0.12066834,-0.44299698,-0.013279669,-0.82860935,-0.014722098,-0.89427435
4,410,-0.13120641,-0.41431814,-0.13385527,-0.43890363,-0.021825986,-0.8188137,-0.023611626,-0.8835038
4,411,-0.14372835,-0.4103394,-0.14687681,-0.43452337,-0.03026723,-0.8083446,-0.032389663,-0.8719783
4,412,-0.15608127,-0.40611172,-0.1597219,-0.42986342,-0.038594544,-0.79722065,-0.041048747,-0.8597169
4,413,-0.16825242,-0.40164262,-0.17237976,-0.4249312,-0.046799313,-0.7854614,-0.049581617,-0.84673905
4,414,-0.18022959,-0.39693922,-0.18483992,-0.41973433,-0.054873317,-0.77308565,-0.057981215,-0.8330649
4,415,-0.192001,-0.392009,-0.19709219,-0.4142807,-0.06280862,-0.7601131,-0.066240676,-0.81871516
4,416,-0.20355535,-0.3868594,-0.20912673,-0.4085783,-0.0705976,-0.7465633,-0.07435335,-0.8037108
4,417,-0.21488197,-0.38149774,-0.22093394,-0.40263534,-0.078233056,-0.73245555,-0.08231279,-0.7880735
4,418,-0.22597067,-0.37593156,-0.23250465,-0.39646015,-0.085708134,-0.7178097,-0.0901128,-0.77182513
4,419,-0.23681189,-0.37016827,-0.2438299,-0.3900613,-0.09301638,-0.7026451,-0.09774734,-0.75498825
4,420,-0.24739648,-0.3642153,-0.25490117,-0.3834474,-0.10015163,-0.6869815,-0.10521066,-0.7375856
4,421,-0.25771603,-0.3580801,-0.26571023,-0.3766272,-0.107108206,-0.6708383,-0.112497225,-0.7196401
4,422,-0.2677626,-0.35177004,-0.2762492,-0.36960965,-0.11388076,-0.6542351,-0.11960172,-0.7011753
4,423,-0.27752888,-0.3452925,-0.28651056,-0.36240366,-0.12046437,-0.63719124,-0.12651907,-0.6822146
4,424,-0.287008,-0.33865494,-0.29648712,-0.35501832,-0.12685439,-0.61972624,-0.13324444,-0.6627821
4,425,-0.29619366,-0.33186457,-0.30617204,-0.3474628,-0.13304661,-0.6018592,-0.1397732,-0.6429018
4,426,-0.30508018,-0.32492876,-0.3155589,-0.33974633,-0.13903715,-0.58360946,-0.14610104,-0.62259793
4,427,-0.3136622,-0.31785476,-0.3246416,-0.33187813,-0.14482243,-0.5649961,-0.15222383,-0.60189486
4,428,-0.32193503,-0.3106499,-0.33341435,-0.32386753,-0.15039928,-0.5460385,-0.15813768,-0.58081716
4,429,-0.32989424,-0.3033214,-0.3418718,-0.3157239,-0.15576473,-0.5267555,-0.163839,-0.55938935
4,430,-0.337536,-0.2958765,-0.35000896,-0.30745655,-0.16091616,-0.50716627,-0.1693244,-0.53763604
4,431,-0.34485683,-0.28832254,-0.35782114,-0.2990749,-0.16585125,-0.48729002,-0.1745907,-0.51558197
4,432,-0.35185358,-0.2806667,-0.3653041,-0.2905883,-0.17056787,-0.46714577,-0.17963511,-0.49325174
4,433,-0.35852355,-0.27291626,-0.37245393,-0.2820061,-0.1750642,-0.44675252,-0.18445492,-0.47067004
4,434,-0.36486438,-0.26507846,-0.37926704,-0.2733377,-0.17933866,-0.42612946,-0.18904774,-0.44786143
4,435,-0.37087402,-0.2571606,-0.38574028,-0.26459235,-0.18338987,-0.40529576,-0.19341145,-0.4248504
4,436,-0.37655076,-0.24917,-0.3918708,-0.25577936,-0.18721665,-0.38427064,-0.19754414,-0.40166137
4,437,-0.38189313,-0.24111408,-0.39765617,-0.24690796,-0.19081803,-0.36307362,-0.20144416,-0.37831867
4,438,-0.38690004,-0.23300004,-0.4030943,-0.23798735,-0.19419327,-0.3417237,-0.20511009,-0.35484648
4,439,-0.39157054,-0.2248354,-0.4081834,-0.22902663,-0.19734174,-0.32024065,-0.20854074,-0.33126876
4,440,-0.39590403,-0.21662754,-0.4129221,-0.22003484,-0.20026301,-0.29864386,-0.21173519,-0.30760926
4,441,-0.39990017,-0.20838395,-0.4173094,-0.21102098,-0.20295687,-0.27695307,-0.21469273,-0.2838917
4,442,-0.40355876,-0.20011213,-0.42134458,-0.2019939,-0.20542319,-0.25518802,-0.2174129,-0.26013938
4,443,-0.40687993,-0.19181967,-0.42502728,-0.19296242,-0.20766205,-0.2333686,-0.21989547,-0.23637547
4,444,-0.40986407,-0.18351403,-0.42835754,-0.18393524,-0.2096737,-0.21151455,-0.22214046,-0.21262285
4,445,-0.4125117,-0.1752029,-0.43133566,-0.17492095,-0.21145852,-0.18964605,-0.22414805,-0.18890415
4,446,-0.41482365,-0.16689387,-0.43396232,-0.16592802,-0.21301705,-0.16778305,-0.22591873,-0.16524169
4,447,-0.41680098,-0.15859464,-0.4362385,-0.15696484,-0.21434999,-0.14594585,-0.22745314,-0.14165747
4,448,-0.41844493,-0.1503128,-0.43816558,-0.14803965,-0.2154582,-0.124154404,-0.22875221,-0.11817324
4,449,-0.41975707,-0.1420561,-0.43974513,-0.13916057,-0.21634273,-0.10242911,-0.22981702,-0.09481032
4,450,-0.42073914,-0.13383214,-0.44097915,-0.1303356,-0.21700478,-0.08078998,-0.23064889,-0.07158977
4,451,-0.42139313,-0.12564866,-0.44186988,-0.12157257,-0.21744563,-0.059257355,-0.23124935,-0.048532207
4,452,-0.42172143,-0.117513314,-0.44241992,-0.11287921,-0.21766694,-0.037851367,-0.23162013,-0.025657965
4,453,-0.4217265,-0.10943368,-0.44263214,-0.10426309,-0.21767037,-0.016591981,-0.2317632,-0.0029869569
4,454,-0.4214111,-0.10141742,-0.44250965,-0.09573162,-0.21745774,0.004500653,-0.23168063,0.019461308
4,455,-0.42077842,-0.09347211,-0.44205594,-0.08729207,-0.21703126,0.025406616,-0.23137477,0.041667737
4,456,-0.4198318,-0.08560522,-0.4412747,-0.07895154,-0.21639313,0.046106227,-0.23084813,0.0636136
4,457,-0.41857496,-0.077824175,-0.44017,-0.07071697,-0.21554586,0.06657995,-0.23010342,0.085280664
4,458,-0.41701177,-0.0701364,-0.43874604,-0.06259514,-0.21449208,0.08680828,-0.22914352,0.10665109
4,459,-0.41514644,-0.062549114,-0.43700737,-0.05459264,-0.21323463,0.106772184,-0.22797145,0.12770751
4,460,-0.41298357,-0.055069547,-0.4349588,-0.04671592,-0.21177661,0.12645265,-0.22659047,0.14843298
4,461,-0.41052797,-0.047704753,-0.4326053,-0.038971227,-0.21012126,0.14583114,-0.22500394,0.16881105
4,462,-0.40778476,-0.04046164,-0.4299522,-0.03136464,-0.20827201,0.16488944,-0.22321545,0.18882576
4,463,-0.40475932,-0.03334705,-0.427005,-0.023902042,-0.2062325,0.18360956,-0.22122869,0.20846158
4,464,-0.40145743,-0.026367638,-0.4237694,-0.016589144,-0.20400664,0.20197402,-0.21904753,0.22770353
4,465,-0.39788496,-0.01952986,-0.4202514,-0.009431458,-0.20159839,0.2199658,-0.21667597,0.24653704
4,466,-0.3940483,-0.01284007,-0.41645712,-0.002434306,-0.19901204,0.2375682,-0.21411818,0.2649482
4,467,-0.38995394,-0.0063044094,-0.41239294,0.004397186,-0.19625196,0.25476503,-0.21137846,0.2829234
4,468,-0.3856086,7.1167946e-05,-0.40806544,0.01105809,-0.1933227,0.27154067,-0.20846121,0.3004498
4,469,-0.38101944,0.00628097,-0.40348133,0.01754368,-0.19022907,0.28788006,-0.20537099,0.3175149
4,470,-0.3761936,0.012319464,-0.39864758,0.02384943,-0.1869759,0.30376875,-0.20211248,0.33410677
4,471,-0.37113872,0.018181417,-0.3935713,0.029971024,-0.18356831,0.31919292,-0.19869047,0.3502141
4,472,-0.36586246,0.023861714,-0.3882597,0.035904355,-0.1800115,0.33413908,-0.19510984,0.36582607
4,473,-0.3603727,0.029355608,-0.3827203,0.04164552,-0.17631075,0.34859478,-0.19137564,0.3809324
4,474,-0.3546776,0.03465855,-0.37696058,0.047190834,-0.17247158,0.36254808,-0.18749292,0.3955234
4,475,-0.34878534,0.039766315,-0.3709883,0.052536823,-0.16849953,0.37598777,-0.18346691,0.40958995
4,476,-0.3427044,0.044674903,-0.36481133,0.057680234,-0.16440025,0.3889034,-0.17930292,0.42312345
4,477,-0.33644322,0.049380645,-0.35843757,0.06261803,-0.1601795,0.40128532,-0.17500626,0.43611595
4,478,-0.33001056,0.05388009,-0.35187516,0.067347385,-0.15584314,0.4131244,-0.17058243,0.44855997
4,479,-0.3234151,0.05817017,-0.34513226,0.071865715,-0.15139703,0.4244126,-0.16603692,0.46044874
4,480,-0.31666568,0.06224805,-0.33821717,0.07617063,-0.14684713,0.43514246,-0.16137534,0.47177595
4,481,-0.30977118,0.06611125,-0.33113822,0.080259986,-0.14219944,0.44530743,-0.1566033,0.48253602
4,482,-0.30274054,0.069757566,-0.32390392,0.08413185,-0.13745996,0.45490173,-0.15172654,0.4927238
4,483,-0.2955828,0.073185116,-0.31652275,0.087784514,-0.13263482,0.4639204,-0.14675078,0.5023348
4,484,-0.2883069,0.07639231,-0.30900332,0.091216505,-0.12773001,0.47235927,-0.14168182,0.5113652
4,485,-0.28092182,0.079377875,-0.30135423,0.09442656,-0.12275161,0.48021498,-0.13652544,0.5198116
4,486,-0.2734366,0.082140855,-0.29358423,0.097413644,-0.1177057,0.48748502,-0.13128754,0.5276713
4,487,-0.26586017,0.08468059,-0.285702,0.10017696,-0.1125983,0.49416766,-0.125974,0.5349422
4,488,-0.25820145,0.086996704,-0.27771625,0.102715924,-0.107435435,0.5002619,-0.12059068,0.5416228
4,489,-0.25046936,0.08908913,-0.2696358,0.10503017,-0.1022231,0.5057675,-0.115143515,0.5477121
4,490,-0.24267265,0.09095813,-0.26146942,0.10711957,-0.09696721,0.5106853,-0.10963843,0.5532098
4,491,-0.23482014,0.09260419,-0.25322586,0.1089842,-0.09167371,0.5150165,-0.10408131,0.5581161
4,492,-0.22692052,0.0940281,-0.2449139,0.11062437,-0.08634844,0.5187631,-0.09847808,0.56243175
4,493,-0.21898232,0.09523095,-0.23654231,0.11204061,-0.08099718,0.52192813,-0.09283465,0.56615824
4,494,-0.2110141,0.09621406,-0.22811979,0.11323365,-0.075625665,0.52451485,-0.08715689,0.5692974
4,495,-0.20302425,0.09697905,-0.21965504,0.11420444,-0.07023957,0.52652776,-0.08145066,0.57185173
4,496,-0.19502103,0.09752773,-0.21115673,0.11495415,-0.064844474,0.52797145,-0.07572181,0.5738244
4,497,-0.18701264,0.097862184,-0.20263343,0.11548416,-0.059445884,0.5288515,-0.069976114,0.575219
4,498,-0.17900711,0.09798472,-0.1940937,0.115796044,-0.054049224,0.5291739,-0.06421935,0.5760396
4,499,-0.17101242,0.0978979,-0.18554606,0.11589159,-0.04865987,0.52894545,-0.058457233,0.576291
4,500,-0.16308242,0.58196306,-0.16221564,0.87191117,-0.04331413,1.802633,-0.042729814,2.5655537
4,501,-0.12727027,0.7712347,-0.12432247,0.863319,-0.019172568,2.3006506,-0.017185407,2.5429456
4,502,-0.08593328,0.85067,-0.08678147,0.85386926,0.008693375,2.5096633,0.008121596,2.5180814
4,503,-0.04397863,0.8717498,-0.049625766,0.84357953,0.036975697,2.5651293,0.03316887,2.4910066
4,504,-0.002912324,0.86276144,-0.0128877815,0.8324688,0.06465917,2.5414786,0.057934552,2.4617717
4,505,0.036863487,0.83963305,0.023400825,0.82055694,0.09147271,2.4806225,0.0823973,2.430429
4,506,0.075280815,0.8112731,0.059209194,0.8078652,0.11737046,2.4060009,0.106536314,2.397034
4,507,0.11237781,0.7823969,0.094507314,0.79441565,0.14237815,2.330021,0.13033135,2.3616452
4,508,0.1482238,0.7552081,0.12926605,0.78023136,0.16654253,2.2584808,0.1537628,2.324323
4,509,0.18289526,0.7304694,0.16345719,0.7653362,0.18991512,2.1933877,0.1768116,2.2851303
4,510,0.21646957,0.70818233,0.19705346,0.7497549,0.2125481,2.1347454,0.1994594,2.2441323
4,511,0.24902405,0.6879954,0.23002857,0.73351264,0.23449363,2.0816288,0.22168846,2.2013953
4,512,0.2806343,0.66943586,0.26235723,0.71663547,0.25580263,2.0327942,0.24348176,2.1569874
4,513,0.31137094,0.6520309,0.29401517,0.69914967,0.2765227,1.9869977,0.2648229,2.1109781
4,514,0.34129623,0.6353614,0.3249792,0.6810821,0.29669583,1.9431365,0.28569624,2.0634384
4,515,0.37046078,0.6190811,0.35522705,0.66245997,0.31635612,1.9002992,0.30608684,2.014439
4,516,0.3989017,0.6029163,0.38473767,0.6433106,0.33552864,1.8577659,0.32598042,1.9640527
4,517,0.4266421,0.58665687,0.41349098,0.6236616,0.35422888,1.8149836,0.3453635,1.9123516
4,518,0.4536915,0.5701452,0.44146806,0.6035406,0.37246335,1.7715375,0.3642233,1.8594086
4,519,0.4800478,0.5532647,0.46865103,0.5829753,0.39023054,1.727121,0.3825478,1.8052967
4,520,0.5056987,0.53593117,0.49502304,0.5619934,0.4075222,1.6815125,0.4003256,1.7500883
4,521,0.53062356,0.518085,0.5205684,0.5406224,0.42432448,1.6345551,0.41754612,1.6938562
4,522,0.55479604,0.4996856,0.5452724,0.5188897,0.44061956,1.586142,0.4341995,1.6366725
4,523,0.5781855,0.48070785,0.5691216,0.49682242,0.45638677,1.5362071,0.45027664,1.5786083
4,524,0.60075897,0.46113938,0.5921033,0.4744475,0.47160393,1.484718,0.465769,1.5197347
4,525,0.62248224,0.44097877,0.6142061,0.4517915,0.48624793,1.4316708,0.48066884,1.4601215
4,526,0.6433214,0.42023423,0.63541955,0.42888063,0.50029594,1.377087,0.4949692,1.3998377
4,527,0.66324425,0.39892322,0.6557341,0.40574077,0.5137263,1.3210129,0.5086636,1.3389513
4,528,0.68222034,0.37707135,0.6751415,0.38239735,0.52651834,1.2635155,0.5217464,1.2775295
4,529,0.7002226,0.35471192,0.69363415,0.3588753,0.53865397,1.2046827,0.5342126,1.2156374
4,530,0.7172277,0.3318853,0.7112056,0.3351992,0.55011743,1.1446205,0.5460578,1.1533402
4,531,0.7332163,0.3086376,0.72785026,0.311393,0.56089556,1.0834504,0.5572783,1.0907005
4,532,0.7481738,0.28502014,0.7435636,0.28748026,0.57097864,1.0213075,0.56787086,1.0277807
4,533,0.7620902,0.26108804,0.75834185,0.26348403,0.58035994,0.95833653,0.5778331,0.964641
4,534,0.7749607,0.23689882,0.7721822,0.2394268,0.58903617,0.8946891,0.58716315,0.9013408
4,535,0.786785,0.2125113,0.78508276,0.21533057,0.59700716,0.8305199,0.59585965,0.837938
4,536,0.79756784,0.18798399,0.79704237,0.19121681,0.604276,0.76598287,0.6039218,0.7744891
4,537,0.8073182,0.16337395,0.8080607,0.1671065,0.6108489,0.70122814,0.61134946,0.71104926
4,538,0.8160489,0.13873571,0.8181384,0.14302006,0.61673445,0.6363992,0.61814296,0.64767236
4,539,0.8237767,0.11412014,0.82727677,0.11897749,0.62194383,0.57162994,0.6243033,0.5844107
4,540,0.83052087,0.089573875,0.8354778,0.094998226,0.6264902,0.507043,0.6298318,0.52131575
4,541,0.8363031,0.06513859,0.84274447,0.07110126,0.6303881,0.44274813,0.63473034,0.4584373
4,542,0.84114695,0.040851127,0.84908026,0.047305137,0.6336534,0.3788422,0.63900137,0.39582416
4,543,0.84507686,0.016742926,0.8544895,0.02362791,0.63630265,0.3154079,0.64264786,0.3335239
4,544,0.8481177,-0.007159654,0.85897714,8.722741e-05,0.6383525,0.2525147,0.64567304,0.2715829
4,545,0.85029423,-0.030834805,0.86254895,-0.023299694,0.63981974,0.19021986,0.6480809,0.2100465
4,546,0.8516308,-0.05426513,0.8652111,-0.046516035,0.6407208,0.12856926,0.64987546,0.14895894
4,547,0.8521505,-0.07743713,0.8669708,-0.06954536,0.6410711,0.06759836,0.6510617,0.08836344
4,548,0.8518754,-0.100340515,0.8678354,-0.092371605,0.64088565,0.007334245,0.6516445,0.028302293
4,549,0.8508258,-0.12296787,0.8678133,-0.11497908,0.6401781,-0.052203566,0.6516296,-0.031183215
4,550,0.8490204,-0.14531371,0.86691326,-0.1373524,0.6389611,-0.11100065,0.6510229,-0.09005262
4,551,0.846476,-0.16737436,0.8651448,-0.15947655,0.63724583,-0.16904733,0.64983076,-0.14826636
4,552,0.8432075,-0.18914704,0.8625179,-0.18133675,0.6350424,-0.2263363,0.6480599,-0.2057856
4,553,0.83922815,-0.21062966,0.8590431,-0.20291857,0.6323599,-0.28286204,0.6457175,-0.2625724
4,554,0.83454907,-0.2318202,0.8547316,-0.22420785,0.6292057,-0.33861926,0.64281106,-0.31858942
4,555,0.82918024,-0.25271636,0.84959507,-0.2451907,0.62558645,-0.39360192,0.63934845,-0.37380016
4,556,0.82312965,-0.27331516,0.8436457,-0.2658535,0.62150764,-0.44780213,0.6353379,-0.42816877
4,557,0.8164043,-0.29361275,0.8368963,-0.28618282,0.616974,-0.5012098,0.63078797,-0.48165992
4,558,0.8090098,-0.31360403,0.8293601,-0.30616558,0.6119892,-0.5538115,0.62570775,-0.5342392
4,559,0.8009509,-0.33328256,0.82105094,-0.32578886,0.6065566,-0.6055903,0.62010634,-0.5858726
4,560,0.79223186,-0.35264015,0.811983,-0.34504002,0.6006789,-0.6565246,0.6139935,-0.6365269
4,561,0.7828563,-0.37166697,0.8021711,-0.3639066,0.59435874,-0.7065885,0.60737914,-0.6861692
4,562,0.77282757,-0.3903513,0.79163057,-0.38237646,0.5875982,-0.7557513,0.6002736,-0.7347677
4,563,0.7621493,-0.40867966,0.780377,-0.4004376,0.5803998,-0.8039775,0.59268737,-0.7822907
4,564,0.75082517,-0.42663684,0.76842666,-0.4180783,0.572766,-0.85122705,0.58463144,-0.8287075
4,565,0.7388595,-0.44420552,0.75579613,-0.43528712,0.56469977,-0.89745426,0.57611704,-0.8739879
4,566,0.72625726,-0.461367,0.7425025,-0.4520528,0.5562044,-0.94261014,0.5671556,-0.9181023
4,567,0.7130244,-0.47810096,0.7285633,-0.46836442,0.5472839,-0.98664105,0.5577589,-0.96102196
4,568,0.69916797,-0.49438566,0.71399647,-0.48421124,0.53794307,-1.0294899,0.5479392,-1.0027186
4,569,0.6846962,-0.5101987,0.69882035,-0.49958286,0.5281874,-1.0710976,0.5377087,-1.0431648
4,570,0.6696187,-0.5255164,0.6830537,-0.51446915,0.51802343,-1.111402,0.5270801,-1.0823342
4,571,0.65394694,-0.540315,0.66671556,-0.52886033,0.5074588,-1.1503406,0.5160664,-1.1202008
4,572,0.6376934,-0.5545703,0.6498256,-0.5427469,0.49650204,-1.1878496,0.5046805,-1.1567395
4,573,0.62087226,-0.5682588,0.63240355,-0.5561196,0.48516262,-1.2238673,0.49293604,-1.1919262
4,574,0.6034997,-0.5813574,0.6144697,-0.56896985,0.4734515,-1.2583327,0.48084655,-1.2257382
4,575,0.58559275,-0.5938441,0.59604466,-0.581289,0.46138012,-1.2911881,0.46842593,-1.2581527
4,576,0.5671702,-0.60569805,0.5771493,-0.59306914,0.44896117,-1.3223785,0.45568824,-1.2891489
4,577,0.5482521,-0.61690056,0.5578047,-0.6043027,0.4362082,-1.3518549,0.44264773,-1.3187071
4,578,0.52885944,-0.6274347,0.5380325,-0.6149824,0.42313525,-1.3795726,0.42931896,-1.346808
4,579,0.50901437,-0.63728577,0.5178543,-0.6251016,0.40975738,-1.4054931,0.4157165,-1.3734338
4,580,0.48873958,-0.64644176,0.49729216,-0.63465405,0.39608982,-1.4295847,0.40185523,-1.3985685
4,581,0.46805856,-0.6548932,0.47636834,-0.6436339,0.3821484,-1.4518224,0.38775018,-1.4221966
4,582,0.44699505,-0.66263336,0.45510525,-0.6520361,0.36794916,-1.4721886,0.37341633,-1.4443046
4,583,0.42557314,-0.669658,0.4335256,-0.6598558,0.3535083,-1.490672,0.35886917,-1.4648801
4,584,0.4038168,-0.675966,0.41165212,-0.6670889,0.33884197,-1.5072699,0.3441239,-1.4839122
4,585,0.38175008,-0.6815586,0.38950786,-0.6737319,0.32396644,-1.5219853,0.3291961,-1.5013914
4,586,0.3593968,-0.6864395,0.36711586,-0.6797818,0.3088977,-1.5348281,0.31410128,-1.51731
4,587,0.33678064,-0.69061476,0.34449932,-0.68523616,0.2936518,-1.5458142,0.2988551,-1.5316617
4,588,0.313925,-0.6940925,0.32168156,-0.6900933,0.27824444,-1.5549649,0.28347325,-1.5444419
4,589,0.2908532,-0.69688267,0.29868588,-0.69435203,0.26269135,-1.5623064,0.2679715,-1.5556477
4,590,0.2675883,-0.6989967,0.27553564,-0.698012,0.24700809,-1.567869,0.25236553,-1.5652779
4,591,0.24415348,-0.7004478,0.25225425,-0.7010733,0.23121029,-1.5716871,0.23667116,-1.5733329
4,592,0.22057183,-0.7012499,0.22886503,-0.7035368,0.21531351,-1.5737976,0.22090411,-1.579815
4,593,0.1968667,-0.701418,0.2053913,-0.705404,0.1993335,-1.5742399,0.20508008,-1.584728
4,594,0.17306197,-0.70096785,0.18185629,-0.7066771,0.18328634,-1.5730555,0.18921474,-1.5880778
4,595,0.1491818,-0.69991595,0.15828314,-0.707359,0.16718833,-1.5702877,0.17332369,-1.5898721
4,596,0.1252511,-0.6982787,0.13469486,-0.7074532,0.15105624,-1.5659797,0.15742244,-1.59012
4,597,0.10129547,-0.69607323,0.11111429,-0.7069639,0.13490736,-1.5601766,0.1415264,-1.5888325
4,598,0.07734139,-0.69331664,0.08756414,-0.705896,0.11875953,-1.5529233,0.12565085,-1.5860226
4,599,0.053416114,-0.690026,0.06406687,-0.7042551,0.10263111,-1.5442649,0.109810956,-1.581705
4,600,0.029547837,-0.6862186,0.04064473,-0.70204735,0.0865411,-1.5342468,0.09402171,-1.5758959
4,601,0.0057655126,-0.6819115,0.017319722,-0.6992796,0.07050905,-1.5229139,0.07829793,-1.5686133
4,602,-0.017901156,-0.67712176,-0.005886449,-0.6959593,0.05455495,-1.5103109,0.062654264,-1.5598769
4,603,-0.041421887,-0.67186624,-0.028952368,-0.69209456,0.03869924,-1.4964824,0.047105152,-1.5497078
4,604,-0.06476601,-0.66616166,-0.051856954,-0.68769413,0.02296258,-1.4814724,0.03166479,-1.5381292
4,605,-0.08790273,-0.6600246,-0.07457947,-0.68276715,0.007365736,-1.4653243,0.016347166,-1.5251652
4,606,-0.110801265,-0.6534713,-0.097099565,-0.6773236,-0.008070542,-1.448081,0.001166,-1.510842
4,607,-0.13343118,-0.64651793,-0.11939727,-0.6713737,-0.023325741,-1.4297851,-0.013865249,-1.4951864
4,608,-0.15576282,-0.6391801,-0.14145303,-0.6649285,-0.038379867,-1.4104776,-0.0287334,-1.4782276
4,609,-0.17776729,-0.63147336,-0.16324773,-0.65799934,-0.05321344,-1.3901994,-0.043425567,-1.4599954
4,610,-0.19941702,-0.62341267,-0.18476273,-0.65059805,-0.06780788,-1.3689898,-0.057929184,-1.4405209
4,611,-0.22068585,-0.6150127,-0.20597982,-0.642737,-0.08214555,-1.3468876,-0.07223197,-1.4198365
4,612,-0.24154936,-0.60628754,-0.22688131,-0.6344288,-0.09620998,-1.3239297,-0.08632201,-1.3979758
4,613,-0.26198488,-0.59725076,-0.24745,-0.6256867,-0.10998591,-1.3001518,-0.1001877,-1.3749733
4,614,-0.2819718,-0.5879156,-0.2676692,-0.6165241,-0.12345943,-1.2755888,-0.113817796,-1.3508644
4,615,-0.3014918,-0.5782944,-0.2875228,-0.6069548,-0.13661817,-1.2502732,-0.12720144,-1.3256854
4,616,-0.32052842,-0.5683992,-0.30699518,-0.59699297,-0.14945106,-1.2242366,-0.1403281,-1.2994735
4,617,-0.3390677,-0.55824125,-0.3260713,-0.58665293,-0.1619487,-1.1975087,-0.15318762,-1.2722664
4,618,-0.35709754,-0.54783124,-0.34473667,-0.57594943,-0.17410292,-1.1701176,-0.16577025,-1.2441031
4,619,-0.37460816,-0.5371792,-0.3629774,-0.56489724,-0.18590711,-1.1420895,-0.17806661,-1.2150222
4,620,-0.39159164,-0.52629465,-0.3807802,-0.55351144,-0.19735596,-1.1134498,-0.19006778,-1.1850635
4,621,-0.40804195,-0.5151865,-0.39813226,-0.5418073,-0.20844539,-1.0842216,-0.2017651,-1.1542672
4,622,-0.4239547,-0.5038633,-0.41502154,-0.5298001,-0.21917243,-1.0544276,-0.21315044,-1.1226735
4,623,-0.43932697,-0.49233288,-0.4314365,-0.51750535,-0.22953513,-1.0240885,-0.22421604,-1.0903231
4,624,-0.45415738,-0.48060292,-0.4473662,-0.50493866,-0.23953256,-0.99322426,-0.2349545,-1.0572573
4,625,-0.46844545,-0.46868074,-0.46280035,-0.49211556,-0.24916437,-0.9618543,-0.24535893,-1.0235167
4,626,-0.4821919,-0.4565734,-0.47772923,-0.47905177,-0.25843108,-0.929997,-0.25542274,-0.98914284
4,627,-0.49539807,-0.44428763,-0.49214375,-0.46576294,-0.2673336,-0.8976703,-0.2651398,-0.95417684
4,628,-0.50806594,-0.43183023,-0.50603545,-0.45226476,-0.2758732,-0.864892,-0.27450442,-0.91866
4,629,-0.5201981,-0.41920802,-0.5193965,-0.43857288,-0.2840517,-0.83168006,-0.2835113,-0.8826335
4,630,-0.53179723,-0.40642762,-0.5322195,-0.42470288,-0.29187086,-0.7980519,-0.29215553,-0.8461383
4,631,-0.54286635,-0.393496,-0.54449797,-0.41067034,-0.29933274,-0.7640258,-0.30043262,-0.8092154
4,632,-0.55340827,-0.38042015,-0.5562258,-0.39649066,-0.30643922,-0.72962016,-0.30833855,-0.7719054
4,633,-0.5634259,-0.36720744,-0.5673975,-0.38217926,-0.31319225,-0.6948545,-0.31586957,-0.7342488
4,634,-0.572922,-0.3538655,-0.5780083,-0.36775136,-0.31959373,-0.65974873,-0.32302248,-0.69628567
4,635,-0.58189905,-0.34040225,-0.5880539,-0.35322207,-0.32564533,-0.6243238,-0.3297944,-0.6580557
4,636,-0.59035915,-0.3268261,-0.59753066,-0.33860642,-0.33134842,-0.5886018,-0.33618283,-0.61959857
4,637,-0.59830403,-0.31314576,-0.6064355,-0.3239192,-0.3367042,-0.5526057,-0.34218574,-0.5809531
4,638,-0.6057352,-0.2993706,-0.6147659,-0.30917513,-0.34171367,-0.51636,-0.34780142,-0.542158
4,639,-0.61265355,-0.28551024,-0.6225199,-0.2943887,-0.34637746,-0.47989023,-0.35302854,-0.50325155
4,640,-0.61905956,-0.271575,-0.62969625,-0.27957422,-0.35069585,-0.4432234,-0.35786623,-0.46427116
4,641,-0.6249535,-0.2575755,-0.63629395,-0.26474583,-0.35466906,-0.40638748,-0.36231384,-0.42525426
4,642,-0.63033503,-0.243523,-0.6423129,-0.24991746,-0.35829684,-0.36941206,-0.3663713,-0.38623738
4,643,-0.6352035,-0.22942913,-0.64775324,-0.23510288,-0.36157873,-0.3323278,-0.37003872,-0.34725675
4,644,-0.63955796,-0.21530595,-0.6526158,-0.2203156,-0.36451417,-0.29516646,-0.37331665,-0.30834803
4,645,-0.6433971,-0.2011661,-0.65690196,-0.20556895,-0.36710218,-0.2579612,-0.37620604,-0.26954615
4,646,-0.6467196,-0.18702242,-0.66061354,-0.19087605,-0.3693419,-0.22074594,-0.37870806,-0.23088573
4,647,-0.6495236,-0.17288817,-0.66375285,-0.17624976,-0.37123218,-0.18355545,-0.38082433,-0.19240056
4,648,-0.65180767,-0.15877694,-0.66632277,-0.16170274,-0.3727719,-0.14642553,-0.38255677,-0.15412398
4,649,-0.65357006,-0.14470254,-0.6683267,-0.14724743,-0.37395996,-0.10939252,-0.38390762,-0.116088726
4,650,-0.65480906,-0.13067901,-0.66976833,-0.13289602,-0.37479517,-0.07249337,-0.38487947,-0.078326836
4,651,-0.65552324,-0.11672042,-0.67065203,-0.11866048,-0.37527663,-0.03576509,-0.3854752,-0.04086983
4,652,-0.65571153,-0.10284108,-0.67098254,-0.10455254,-0.37540355,0.0007546818,-0.385698,-0.0037485606
4,653,-0.6553729,-0.089055195,-0.67076504,-0.09058367,-0.3751753,0.037028536,-0.38555136,0.033006772
4,654,-0.6545072,-0.07537708,-0.6700052,-0.076765135,-0.3745917,0.07301884,-0.38503915,0.06936654
4,655,-0.65311456,-0.061820883,-0.66870916,-0.06310795,-0.37365288,0.108688325,-0.38416547,0.10530175
4,656,-0.65119547,-0.048400756,-0.6668833,-0.049622875,-0.3723592,0.14399979,-0.3829346,0.14078411
4,657,-0.6487516,-0.03513055,-0.6645347,-0.036320414,-0.37071174,0.17891677,-0.38135138,0.17578596
4,658,-0.64578503,-0.022024065,-0.6616705,-0.023210844,-0.36871192,0.21340297,-0.37942058,0.21028028
4,659,-0.6422988,-0.009094816,-0.6582986,-0.0103041725,-0.36636183,0.24742281,-0.37714756,0.24424073
4,660,-0.63829684,0.0036438964,-0.65442705,0.0023898412,-0.36366403,0.28094134,-0.37453765,0.27764162
4,661,-0.63378394,0.01617907,-0.6500643,0.014861695,-0.3606218,0.31392428,-0.37159666,0.31045797
4,662,-0.62876594,0.02849793,-0.6452192,0.027102144,-0.35723907,0.34633806,-0.3683305,0.3426654
4,663,-0.62324953,0.040588107,-0.63990104,0.03910221,-0.3535204,0.37815014,-0.36474544,0.37424037
4,664,-0.6172426,0.052437373,-0.63411933,0.050853185,-0.349471,0.40932825,-0.3608479,0.4051599
4,665,-0.61075395,0.064034,-0.6278839,0.06234662,-0.34509692,0.4398417,-0.35664448,0.43540183
4,666,-0.60379326,0.07536646,-0.62120503,0.073574334,-0.3404046,0.46966,-0.35214216,0.4649445
4,667,-0.5963714,0.08642362,-0.61409324,0.08452845,-0.3354014,0.49875396,-0.34734797,0.49376732
4,668,-0.58850014,0.09719466,-0.6065594,0.09520134,-0.33009523,0.5270951,-0.34226927,0.52185017
4,669,-0.5801921,0.10766919,-0.5986145,0.10558569,-0.32449463,0.55465597,-0.3369135,0.5491738
4,670,-0.5714607,0.11783709,-0.5902701,0.115674436,-0.31860867,0.5814101,-0.3312884,0.57571965
4,671,-0.56232035,0.12768874,-0.5815377,0.12546085,-0.31244698,0.60733205,-0.32540175,0.60147
4,672,-0.55278605,0.13721485,-0.5724294,0.13493848,-0.30601975,0.6323975,-0.31926167,0.6264078
4,673,-0.5428733,0.1464066,-0.5629572,0.14410119,-0.29933745,0.65658313,-0.3128763,0.65051705
4,674,-0.5325986,0.15525566,-0.5531337,0.15294313,-0.2924111,0.67986697,-0.30625415,0.6737822
4,675,-0.52197844,0.16375418,-0.5429714,0.16145879,-0.28525186,0.70222855,-0.29940352,0.6961889
4,676,-0.51103014,0.17189474,-0.53248316,0.16964294,-0.27787143,0.72364825,-0.29233325,0.71772325
4,677,-0.49977103,0.17967068,-0.521682,0.17749073,-0.27028146,0.74410856,-0.28505203,0.7383726
4,678,-0.48821887,0.18707569,-0.5105812,0.18499757,-0.26249397,0.76359284,-0.2775688,0.7581248
4,679,-0.47639146,0.19410416,-0.49919412,0.19215928,-0.25452092,0.78208643,-0.26989257,0.77696896
4,680,-0.46430665,0.20075111,-0.48753428,0.19897193,-0.24637434,0.79957604,-0.26203248,0.79489464
4,681,-0.45198238,0.20701224,-0.4756154,0.205432,-0.23806635,0.8160506,-0.25399777,0.81189257
4,682,-0.4394365,0.2128838,-0.4634513,0.21153629,-0.22960897,0.8315,-0.24579774,0.8279544
4,683,-0.42668667,0.21836281,-0.45105594,0.21728195,-0.2210141,0.84591657,-0.23744182,0.84307253
4,684,-0.41375056,0.2234469,-0.43844333,0.22266649,-0.21229365,0.859294,-0.22893946,0.8572405
4,685,-0.4006453,0.22813445,-0.42562765,0.22768775,-0.20345917,0.87162805,-0.2203002,0.87045264
4,686,-0.387388,0.23242444,-0.41262308,0.23234396,-0.1945222,0.882916,-0.21153359,0.88270414
4,687,-0.37399542,0.23631647,-0.39944392,0.2366337,-0.18549407,0.8931568,-0.20264931,0.8939915
4,688,-0.36048397,0.23981091,-0.3861045,0.24055594,-0.17638576,0.9023515,-0.19365698,0.90431184
4,689,-0.34686974,0.24290869,-0.37261915,0.24410997,-0.16720818,0.91050243,-0.18456629,0.91366327
4,690,-0.33316842,0.24561122,-0.3590023,0.24729548,-0.1579719,0.91761345,-0.17538694,0.9220451
4,691,-0.3193954,0.24792069,-0.34526828,0.25011253,-0.14868727,0.9236902,-0.16612862,0.9294574
4,692,-0.3055657,0.24983954,-0.3314315,0.2525615,-0.13936447,0.92873913,-0.15680102,0.9359013
4,693,-0.29169396,0.25137106,-0.3175063,0.2546432,-0.13001329,0.9327689,-0.14741382,0.94137865
4,694,-0.2777945,0.25251874,-0.303507,0.2563588,-0.12064344,0.93578875,-0.13797665,0.9458928
4,695,-0.26388136,0.25328663,-0.28944784,0.25770977,-0.11126435,0.9378092,-0.12849914,0.9494475
4,696,-0.24996804,0.2536791,-0.27534306,0.25869802,-0.101885155,0.9388419,-0.118990876,0.9520478
4,697,-0.23606792,0.253701,-0.26120675,0.2593258,-0.09251486,0.9388995,-0.10946135,0.9536997
4,698,-0.22219403,0.25335747,-0.24705291,0.25959566,-0.08316224,0.9379956,-0.09992002,0.9544098
4,699,-0.20835905,0.25265402,-0.23289548,0.25951058,-0.07383585,0.93614465,-0.09037626,0.9541859
4,700,-0.18348715,-0.23883763,-0.23722726,-0.68609947,-0.05706929,-0.35708377,-0.09329639,-1.5339333
4,701,-0.18747643,-0.52719563,-0.25979736,-0.6765607,-0.05975853,-1.1158205,-0.10851126,-1.5088346
4,702,-0.21401589,-0.66007453,-0.2819861,-0.6665605,-0.07764921,-1.4654557,-0.12346905,-1.4825217
4,703,-0.24596673,-0.71205276,-0.30377573,-0.656114,-0.099187806,-1.6022224,-0.1381578,-1.4550346
4,704,-0.27819604,-0.7202826,-0.32514915,-0.64523685,-0.12091412,-1.623877,-0.15256599,-1.4264143
4,705,-0.3087959,-0.7065037,-0.34608987,-0.633945,-0.14154199,-1.5876216,-0.16668247,-1.3967028
4,706,-0.33722308,-0.6831458,-0.36658204,-0.6222546,-0.16070522,-1.5261616,-0.18049657,-1.3659427
4,707,-0.36348745,-0.65692884,-0.38661036,-0.61018205,-0.17841046,-1.4571786,-0.193998,-1.334177
4,708,-0.38780883,-0.63115335,-0.40616027,-0.597744,-0.1948059,-1.3893573,-0.20717691,-1.3014495
4,709,-0.4104554,-0.60717434,-0.42521784,-0.5849573,-0.21007234,-1.326263,-0.22002393,-1.2678049
4,710,-0.4316708,-0.5853181,-0.44376978,-0.5718389,-0.224374,-1.2687541,-0.2325301,-1.2332873
4,711,-0.4516495,-0.5654242,-0.46180347,-0.5584058,-0.23784195,-1.2164087,-0.2446869,-1.1979418
4,712,-0.47053728,-0.5471464,-0.479307,-0.5446753,-0.2505745,-1.1683155,-0.25648633,-1.1618135
4,713,-0.4884412,-0.5301065,-0.49626905,-0.53066456,-0.26264384,-1.1234796,-0.26792073,-1.124948
4,714,-0.5054409,-0.513964,-0.51267904,-0.5163908,-0.2741036,-1.081005,-0.27898297,-1.0873905
4,715,-0.52159715,-0.4984398,-0.528527,-0.5018713,-0.2849948,-1.0401572,-0.28966635,-1.0491862
4,716,-0.53695834,-0.48331755,-0.5438038,-0.48712325,-0.29535004,-1.0003672,-0.2999647,-1.0103807
4,717,-0.5515641,-0.4684356,-0.5585007,-0.47216392,-0.30519602,-0.9612092,-0.30987212,-0.9710193
4,718,-0.5654478,-0.45367676,-0.5726099,-0.4570104,-0.31455526,-0.9223753,-0.31938335,-0.93114686
4,719,-0.57863796,-0.4389581,-0.58612406,-0.4416797,-0.32344696,-0.88364714,-0.32849348,-0.8908082
4,720,-0.59115887,-0.42422217,-0.5990367,-0.42618874,-0.3318875,-0.8448734,-0.3371981,-0.85004795
4,721,-0.60303205,-0.40943056,-0.61134183,-0.41055438,-0.33989143,-0.8059533,-0.3454932,-0.8089103
4,722,-0.61427546,-0.39455855,-0.6230342,-0.39479324,-0.34747082,-0.76682156,-0.3533752,-0.7674391
4,723,-0.624905,-0.3795915,-0.63410914,-0.37892184,-0.35463634,-0.7274398,-0.360841,-0.7256778
4,724,-0.634934,-0.3645218,-0.6445627,-0.3629565,-0.3613971,-0.68778795,-0.36788794,-0.68366927
4,725,-0.6443737,-0.34934738,-0.6543915,-0.34691337,-0.36776054,-0.6478605,-0.37451372,-0.64145607
4,726,-0.6532337,-0.3340699,-0.66359293,-0.3308084,-0.3737332,-0.60766196,-0.38071653,-0.5990802
4,727,-0.66152143,-0.318694,-0.67216474,-0.3146574,-0.3793201,-0.56720436,-0.38649493,-0.5565831
4,728,-0.66924304,-0.30322668,-0.6801055,-0.29847583,-0.38452536,-0.52650625,-0.39184794,-0.5140057
4,729,-0.67640316,-0.28767657,-0.6874143,-0.28227904,-0.3893521,-0.48559034,-0.3967749,-0.4713882
4,730,-0.6830048,-0.27205393,-0.69409084,-0.26608217,-0.39380237,-0.44448355,-0.40127566,-0.42877045
4,731,-0.68904996,-0.2563701,-0.7001354,-0.2499,-0.39787754,-0.40321574,-0.40535042,-0.38619143
4,732,-0.69453955,-0.24063757,-0.70554894,-0.23374721,-0.40157816,-0.36181983,-0.40899977,-0.3436897
4,733,-0.6994731,-0.22486961,-0.71033275,-0.21763816,-0.40490392,-0.32033065,-0.41222462,-0.30130306
4,734,-0.7038497,-0.20908043,-0.71448886,-0.20158699,-0.40785426,-0.27878568,-0.4150263,-0.2590687
4,735,-0.7076673,-0.19328482,-0.71801984,-0.1856076,-0.41042778,-0.23722377,-0.41740662,-0.21702321
4,736,-0.7109236,-0.17749822,-0.7209287,-0.1697136,-0.41262293,-0.19568557,-0.41936752,-0.17520241
4,737,-0.71361566,-0.16173652,-0.72321916,-0.15391839,-0.41443768,-0.15421286,-0.42091155,-0.13364154
4,738,-0.7157401,-0.14601597,-0.7248951,-0.13823509,-0.41586977,-0.11284847,-0.42204136,-0.09237517
4,739,-0.71729356,-0.13035315,-0.7259614,-0.12267658,-0.416917,-0.07163596,-0.42276013,-0.05143712
4,740,-0.71827275,-0.114764825,-0.726423,-0.10725548,-0.4175771,-0.030619456,-0.42307132,-0.010860632
4,741,-0.7186742,-0.099267855,-0.7262856,-0.09198415,-0.41784772,0.010156662,-0.42297867,0.029321771
4,742,-0.71849495,-0.08387908,-0.7255552,-0.07687468,-0.41772687,0.05064809,-0.4224863,0.0690783
4,743,-0.71773237,-0.06861527,-0.7242384,-0.061938923,-0.4172128,0.090810716,-0.42159864,0.10837774
4,744,-0.7163846,-0.053492982,-0.7223422,-0.047188465,-0.41630426,0.13060096,-0.42032036,0.14718962
4,745,-0.7144502,-0.038528543,-0.719874,-0.03263462,-0.41500023,0.16997586,-0.41865653,0.18548414
4,746,-0.71192867,-0.023737986,-0.7168418,-0.018288458,-0.41330045,0.20889324,-0.41661248,0.22323224
4,747,-0.7088205,-0.009136993,-0.7132539,-0.0041607665,-0.4112052,0.24731185,-0.4141938,0.26040545
4,748,-0.70512724,0.005259227,-0.70911896,0.00973792,-0.4087155,0.28519163,-0.41140637,0.29697612
4,749,-0.7008515,0.019435875,-0.7044462,0.02339734,-0.40583315,0.3224937,-0.40825638,0.3329172
4,750,-0.6959971,0.033378538,-0.6992451,0.036807496,-0.40256074,0.35918006,-0.40475023,0.36820245
4,751,-0.6905693,0.047073342,-0.69352555,0.04995867,-0.39890173,0.39521426,-0.4008946,0.40280622
4,752,-0.68457437,0.06050681,-0.68729794,0.06284141,-0.39486045,0.43056083,-0.39669648,0.43670368
4,753,-0.6780202,0.07366595,-0.6805728,0.075446546,-0.39044216,0.46518558,-0.39216295,0.46987075
4,754,-0.67091584,0.08653827,-0.6733613,0.08776519,-0.38565302,0.49905565,-0.38730153,0.50228393
4,755,-0.6632719,0.0991116,-0.6656747,0.09978873,-0.3805001,0.532139,-0.38211986,0.53392065
4,756,-0.6551001,0.111374244,-0.65752465,0.11150887,-0.3749914,0.56440485,-0.3766258,0.5647591
4,757,-0.6464137,0.12331489,-0.64892316,0.12291757,-0.3691357,0.59582347,-0.3708274,0.594778
4,758,-0.6372268,0.13492262,-0.6398826,0.13400711,-0.3629427,0.6263661,-0.364733,0.62395716
4,759,-0.62755513,0.14618687,-0.63041556,0.14477009,-0.35642284,0.65600497,-0.3583511,0.65227705
4,760,-0.6174151,0.15709752,-0.6205349,0.15519936,-0.34958726,0.68471336,-0.3516904,0.67971885
4,761,-0.60682416,0.16764478,-0.61025375,0.16528817,-0.34244776,0.71246564,-0.3447597,0.70626485
4,762,-0.5958009,0.17781937,-0.5995856,0.17503001,-0.33501676,0.73923737,-0.33756813,0.7318979
4,763,-0.58436424,0.18761234,-0.5885441,0.18441874,-0.32730713,0.76500493,-0.33012483,0.75660187
4,764,-0.5725341,0.1970153,-0.577143,0.19344854,-0.31933224,0.7897463,-0.3224392,0.78036135
4,765,-0.5603308,0.20602033,-0.56539667,0.20211394,-0.31110582,0.8134406,-0.31452078,0.803162
4,766,-0.547775,0.21462002,-0.5533193,0.2104098,-0.30264172,0.83606845,-0.30637923,0.82499033
4,767,-0.5348875,0.22280768,-0.5409253,0.21833135,-0.29395404,0.857612,-0.29802427,0.8458338
4,768,-0.52168953,0.23057717,-0.5282296,0.22587414,-0.2850571,0.8780554,-0.28946584,0.8656806
4,769,-0.5082022,0.23792297,-0.51524687,0.23303412,-0.27596506,0.89738387,-0.28071398,0.8845201
4,770,-0.4944466,0.24484035,-0.5019922,0.23980759,-0.2666922,0.9155851,-0.27177882,0.90234274
4,771,-0.48044357,0.25132525,-0.48848084,0.24619122,-0.2572525,0.93264836,-0.26267055,0.9191395
4,772,-0.46621373,0.25737447,-0.4747279,0.2521821,-0.24765994,0.94856524,-0.2533995,0.93490297
4,773,-0.45177758,0.2629854,-0.46074882,0.25777763,-0.23792829,0.96332896,-0.24397595,0.9496261
4,774,-0.43715495,0.2681564,-0.4465591,0.26297566,-0.22807093,0.9769351,-0.23441043,0.9633033
4,775,-0.42236555,0.2728865,-0.43217427,0.2677744,-0.21810116,0.9893811,-0.22471337,0.9759299
4,776,-0.4074283,0.27717555,-0.41760996,0.2721725,-0.20803171,1.0006665,-0.21489534,0.98750234
4,777,-0.39236194,0.28102407,-0.40288183,0.27616894,-0.19787523,1.0107929,-0.20496686,0.9980179
4,778,-0.37718442,0.2844333,-0.38800552,0.27976316,-0.18764381,1.0197634,-0.1949385,1.0074751
4,779,-0.36191347,0.28740525,-0.3729968,0.282955,-0.17734942,1.0275832,-0.18482088,1.0158736
4,780,-0.34656605,0.2899424,-0.35787135,0.28574467,-0.16700347,1.0342591,-0.17462456,1.0232139
4,781,-0.3311588,0.29204804,-0.34264484,0.2881328,-0.15661718,1.0397995,-0.16436012,1.0294975
4,782,-0.3157077,0.29372594,-0.32733294,0.29012042,-0.14620136,1.0442144,-0.15403812,1.0347275
4,783,-0.30022842,0.29498023,-0.31195125,0.29170898,-0.1357665,1.0475148,-0.14366905,1.0389073
4,784,-0.28473607,0.29581568,-0.29651532,0.29290035,-0.12532285,1.049713,-0.13326344,1.0420421
4,785,-0.26924536,0.29623747,-0.2810406,0.29369676,-0.11488031,1.0508229,-0.12283169,1.0441376
4,786,-0.2537706,0.29625106,-0.26554245,0.29410082,-0.10444852,1.0508586,-0.11238412,1.0452008
4,787,-0.23832564,0.2958623,-0.25003615,0.29411563,-0.094036825,1.0498357,-0.10193107,1.0452398
4,788,-0.22292417,0.29507738,-0.2345368,0.2937446,-0.08365444,1.0477704,-0.0914827,1.0442635
4,789,-0.20757942,0.2939027,-0.21905941,0.2929915,-0.073310286,1.0446795,-0.08104914,1.0422819
4,790,-0.19230434,0.29234496,-0.20361881,0.29186055,-0.06301311,1.0405807,-0.07064038,1.0393062
4,791,-0.17711161,0.290411,-0.18822965,0.29035628,-0.052771438,1.0354921,-0.06026629,1.035348
4,792,-0.16201368,0.28810787,-0.1729064,0.28848365,-0.042593673,1.0294319,-0.049936634,1.0304208
4,793,-0.14702272,0.28544286,-0.15766336,0.28624788,-0.032488026,1.0224197,-0.039661054,1.0245379
4,794,-0.13215074,0.28242344,-0.14251457,0.28365463,-0.022462575,1.0144749,-0.029449005,1.0177145
4,795,-0.11740951,0.27905712,-0.12747389,0.28070986,-0.012525271,1.0056174,-0.019309834,1.0099661
4,796,-0.10281065,0.27535167,-0.112554915,0.2774198,-0.0026839373,0.9958675,-0.009252707,1.0013092
4,797,-0.088365525,0.27131498,-0.09777099,0.27379107,0.00705376,0.985246,0.00071338203,0.99176115
4,798,-0.07408537,0.26695508,-0.083135195,0.26983055,0.016680248,0.9737741,0.010579611,0.9813401
4,799,-0.05998124,0.26228017,-0.06866035,0.2655455,0.026188074,0.9614733,0.020337343,0.9700651
4,800,-0.046064,0.25729853,-0.054358967,0.26094326,0.035569914,0.94836545,0.029978141,0.9579556
4,801,-0.03234434,0.25201875,-0.040243287,0.25603166,0.044818565,0.93447316,0.039493755,0.94503206
4,802,-0.018832762,0.24644941,-0.026325224,0.25081864,0.05392694,0.91981894,0.04887615,0.93131536
4,803,-0.0055395328,0.24059935,-0.012616387,0.24531245,0.06288812,0.90442604,0.058117505,0.9168273
4,804,0.0075252317,0.23447756,0.00087194773,0.23952155,0.0716953,0.8883182,0.06721021,0.90159005
4,805,0.020351712,0.22809322,0.014128833,0.23345457,0.08034184,0.8715195,0.07614689,0.88562644
4,806,0.032930266,0.2214556,0.027143667,0.2271204,0.088821255,0.8540544,0.08492041,0.8689598
4,807,0.045251522,0.2145742,0.039906196,0.22052808,0.097127214,0.8359478,0.09352384,0.8516139
4,808,0.057306442,0.20745873,0.052406523,0.21368684,0.10525364,0.8172254,0.10195052,0.833613
4,809,0.06908621,0.20011894,0.0646351,0.20660608,0.11319457,0.79791266,0.110194005,0.8149818
4,810,0.080582336,0.19256485,0.076582775,0.1992953,0.1209443,0.7780361,0.11824813,0.7957455
4,811,0.09178668,0.18480647,0.08824076,0.19176413,0.12849733,0.75762206,0.12610696,0.7759292
4,812,0.10269146,0.17685415,0.09960064,0.18402238,0.13584842,0.7366976,0.13376485,0.7555589
4,813,0.11328928,0.16871813,0.1106544,0.17607988,0.14299259,0.7152899,0.14121637,0.7346603
4,814,0.12357305,0.16040896,0.12139439,0.16794662,0.14992505,0.6934265,0.14845636,0.7132599
4,815,0.13353615,0.15193711,0.13181336,0.15963261,0.15664133,0.6711351,0.15547998,0.6913838
4,816,0.14317237,0.1433132,0.14190446,0.15114796,0.16313727,0.64844364,0.16228256,0.66905874
4,817,0.15247595,0.13454784,0.1516612,0.14250281,0.16940898,0.62538,0.16885972,0.64631134
4,818,0.16144149,0.12565169,0.16107754,0.13370736,0.17545278,0.6019721,0.17520744,0.62316847
4,819,0.17006414,0.11663538,0.17014782,0.12477178,0.18126544,0.57824814,0.18132186,0.5996569
4,820,0.1783394,0.10750952,0.17886674,0.11570633,0.18684395,0.5542359,0.18719944,0.5758036
4,821,0.18626331,0.09828469,0.18722947,0.10652123,0.19218558,0.5299632,0.19283688,0.55163544
4,822,0.19383234,0.08897135,0.1952315,0.09722668,0.19728799,0.50545764,0.19823119,0.5271793
4,823,0.20104338,0.07957992,0.20286877,0.08783289,0.20214906,0.4807466,0.20337959,0.5024621
4,824,0.20789383,0.07012067,0.2101376,0.07835002,0.20676707,0.45585713,0.20827964,0.47751045
4,825,0.21438147,0.06060375,0.21703474,0.068788216,0.21114048,0.4308159,0.2129291,0.45235112
4,826,0.22050457,0.051039133,0.22355726,0.05915754,0.21526816,0.4056492,0.21732606,0.4270106
4,827,0.22626184,0.04143667,0.22970271,0.049468014,0.21914925,0.3803829,0.2214688,0.4015152
4,828,0.23165224,0.03180596,0.23546897,0.039729603,0.222783,0.35504225,0.22535592,0.37589118
4,829,0.2366754,0.022156488,0.24085432,0.029952178,0.2261692,0.32965225,0.2289863,0.35016453
4,830,0.24133112,0.012497503,0.24585743,0.02014554,0.2293077,0.30423722,0.23235895,0.32436097
4,831,0.24561958,0.002838049,0.25047734,0.010319389,0.23219861,0.27882096,0.23547332,0.2985061
4,832,0.24954145,-0.0068130493,0.2547135,0.0004833382,0.2348424,0.2534267,0.238329,0.27262515
4,833,0.25309756,-0.01644719,0.25856572,-0.009353114,0.23723966,0.22807702,0.24092583,0.24674319
4,834,0.2562892,-0.026055906,0.26203412,-0.019180577,0.23939121,0.20279425,0.24326393,0.22088484
4,835,0.2591179,-0.03563099,0.26511928,-0.028989779,0.24129806,0.1776,0.2453437,0.19507457
4,836,0.26158544,-0.045164477,0.26782206,-0.038771573,0.24296148,0.15251519,0.24716568,0.1693364
4,837,0.26369387,-0.05464859,0.2701437,-0.048516944,0.2443828,0.12756029,0.24873073,0.14369407
4,838,0.26544556,-0.06407569,0.27208582,-0.05821701,0.24556364,0.1027554,0.25003996,0.11817095
4,839,0.26684305,-0.07343836,0.27365035,-0.06786303,0.24650572,0.07812005,0.25109464,0.09279003
4,840,0.2678891,-0.08272937,0.27483958,-0.077446416,0.24721089,0.053673252,0.25189632,0.06757393
4,841,0.26858678,-0.091941714,0.2756561,-0.08695873,0.2476812,0.029433437,0.25244674,0.042544827
4,842,0.26893917,-0.10106838,0.27610284,-0.09639167,0.24791874,0.005419071,0.2527479,0.017724572
4,843,0.26894972,-0.11010273,0.2761831,-0.10573712,0.24792585,-0.018352399,0.25280198,-0.0068654725
4,844,0.26862195,-0.11903812,0.2759004,-0.11498712,0.24770491,-0.041863486,0.25261143,-0.031204367
4,845,0.26795956,-0.1278681,0.27525866,-0.12413387,0.24725838,-0.06509721,0.25217882,-0.055271585
4,846,0.26696652,-0.1365864,0.274262,-0.13316976,0.24658895,-0.08803707,0.25150695,-0.07904709
4,847,0.26564685,-0.1451867,0.27291498,-0.14208733,0.24569933,-0.110666476,0.2505989,-0.10251129
4,848,0.2640047,-0.15366302,0.2712223,-0.15087934,0.24459234,-0.13296963,0.24945784,-0.12564512
4,849,0.26204452,-0.1620094,0.269189,-0.1595387,0.24327095,-0.15493089,0.24808715,-0.1484299
4,850,0.25977072,-0.17021996,0.26682043,-0.16805851,0.24173814,-0.17653476,0.24649046,-0.1708475
4,851,0.25718802,-0.17828895,0.26412213,-0.1764321,0.2399971,-0.19776616,0.2446715,-0.19288036
4,852,0.25430122,-0.18621074,0.26109993,-0.18465295,0.23805106,-0.21861021,0.24263419,-0.21451132
4,853,0.2511153,-0.1939798,0.25775996,-0.19271477,0.23590337,-0.23905241,0.24038266,-0.23572381
4,854,0.24763526,-0.20159075,0.25410852,-0.20061144,0.23355742,-0.2590786,0.23792116,-0.2565018
4,855,0.24386649,-0.20903824,0.25015217,-0.20833707,0.23101683,-0.27867466,0.23525412,-0.27682972
4,856,0.23981427,-0.21631712,0.2458977,-0.21588597,0.22828516,-0.29782706,0.2323861,-0.2966926
4,857,0.23548423,-0.22342232,0.24135211,-0.22325264,0.2253662,-0.3165225,0.22932185,-0.31607604
4,858,0.23088203,-0.23034886,0.23652263,-0.23043185,0.2222638,-0.33474782,0.22606622,-0.3349662
4,859,0.22601362,-0.23709196,0.23141667,-0.23741853,0.2189819,-0.35249048,0.22262421,-0.35334978
4,860,0.22088496,-0.24364695,0.22604185,-0.24420784,0.2155246,-0.3697382,0.21900095,-0.37121403
4,861,0.21550225,-0.2500093,0.22040595,-0.25079522,0.21189602,-0.38647902,0.21520169,-0.38854694
4,862,0.2098719,-0.25617462,0.21451694,-0.25717622,0.20810051,-0.4027014,0.21123183,-0.40533686
4,863,0.2040004,-0.2621387,0.20838296,-0.2633467,0.20414244,-0.41839427,0.20709682,-0.4215728
4,864,0.19789444,-0.26789758,0.20201232,-0.26930276,0.2000263,-0.43354723,0.20280224,-0.43724456
4,865,0.19156085,-0.27344733,0.19541343,-0.2750407,0.19575673,-0.44814992,0.19835381,-0.4523424
4,866,0.1850067,-0.2787843,0.1885949,-0.280557,0.19133846,-0.4621927,0.19375734,-0.4668571
4,867,0.17823915,-0.28390515,0.18156543,-0.28584853,0.18677635,-0.47566685,0.18901867,-0.48078033
4,868,0.17126562,-0.28880653,0.17433387,-0.2909122,0.18207538,-0.4885635,0.18414375,-0.49410406
4,869,0.16409361,-0.29348546,0.16690914,-0.2957453,0.17724063,-0.5008749,0.17913862,-0.50682104
4,870,0.15673086,-0.2979392,0.15930033,-0.30034533,0.17227727,-0.51259375,0.1740094,-0.5189248
4,871,0.14918521,-0.30216515,0.15151653,-0.30471003,0.16719063,-0.5237132,0.1687622,-0.53040934
4,872,0.14146471,-0.30616096,0.14356701,-0.30883732,0.16198611,-0.534227,0.1634033,-0.5412692
4,873,0.13357757,-0.30992466,0.13546105,-0.31272542,0.15666926,-0.5441302,0.15793894,-0.55149966
4,874,0.12553215,-0.3134545,0.12720801,-0.31637284,0.15124571,-0.55341804,0.15237543,-0.56109685
4,875,0.11733697,-0.31674883,0.11881733,-0.31977823,0.14572121,-0.56208616,0.14671914,-0.5700573
4,876,0.1090007,-0.31980646,0.11029847,-0.32294053,0.14010158,-0.57013154,0.14097643,-0.57837796
4,877,0.100532174,-0.32262635,0.10166093,-0.32585898,0.13439281,-0.5775513,0.13515373,-0.5860571
4,878,0.09194031,-0.3252078,0.092914246,-0.32853296,0.1286009,-0.5843437,0.12925744,-0.593093
4,879,0.08323428,-0.3275504,0.08406797,-0.33096218,0.12273202,-0.5905076,0.123294026,-0.5994848
4,880,0.07442325,-0.32965392,0.075131655,-0.33314654,0.11679236,-0.59604245,0.1172699,-0.60523236
4,881,0.065516606,-0.33151847,0.06611486,-0.3350862,0.11078824,-0.6009485,0.11119153,-0.61033607
4,882,0.056523744,-0.33314446,0.057027116,-0.33678156,0.104726,-0.6052269,0.10506534,-0.61479694
4,883,0.04745427,-0.33453247,0.047877956,-0.33823326,0.09861212,-0.6088791,0.09889773,-0.6186167
4,884,0.038317803,-0.33568347,0.03867688,-0.33944216,0.09245308,-0.6119076,0.09269514,-0.6217976
4,885,0.029124092,-0.33659855,0.029433334,-0.3404094,0.08625545,-0.6143154,0.086463906,-0.6243426
4,886,0.019882899,-0.33727926,0.020156732,-0.34113625,0.08002581,-0.6161065,0.0802104,-0.62625515
4,887,0.010604095,-0.33772716,0.010856425,-0.34162432,0.07377081,-0.617285,0.07394091,-0.62753934
4,888,0.001297541,-0.33794418,0.0015416986,-0.3418754,0.06749711,-0.6178561,0.0676617,-0.62820005
4,889,-0.008026838,-0.33793253,-0.0077782352,-0.3418915,0.061211396,-0.6178254,0.06137898,-0.6282424
4,890,-0.017359149,-0.33769456,-0.017094247,-0.34167483,0.054920327,-0.61719924,0.055098906,-0.62767226
4,891,-0.02668951,-0.33723292,-0.026397297,-0.34122783,0.048630577,-0.61598456,0.048827562,-0.62649614
4,892,-0.03600799,-0.33655035,-0.03567845,-0.34055316,0.042348836,-0.6141886,0.042570986,-0.62472093
4,893,-0.04530476,-0.33565003,-0.04492887,-0.3396537,0.03608173,-0.6118196,0.036335126,-0.6223542
4,894,-0.05457008,-0.33453512,-0.054139845,-0.33853248,0.029835828,-0.60888606,0.030125855,-0.619404
4,895,-0.06379421,-0.33320904,-0.06330278,-0.33719274,0.023617689,-0.6053968,0.023948971,-0.6158789
4,896,-0.07296759,-0.3316753,-0.07240921,-0.33563796,0.017433763,-0.60136116,0.017810173,-0.61178786
4,897,-0.08208072,-0.32993776,-0.08145082,-0.33387175,0.01129045,-0.5967893,0.011715077,-0.60714054
4,898,-0.09112424,-0.32800037,-0.09041943,-0.3318979,0.0051940675,-0.5916916,0.005669191,-0.60194695
4,899,-0.100088954,-0.32586715,-0.09930701,-0.32972044,-0.0008491964,-0.5860786,-0.0003220738,-0.5962175
4,900,-0.10896583,-0.3235423,-0.10810569,-0.32734346,-0.0068332446,-0.57996136,-0.00625341,-0.58996314
4,901,-0.11774601,-0.32103026,-0.116807766,-0.3247713,-0.012752109,-0.5733516,-0.012119624,-0.5831952
4,902,-0.12642084,-0.31833538,-0.12540571,-0.32200843,-0.018599955,-0.56626076,-0.017915642,-0.5759254
4,903,-0.13498192,-0.3154623,-0.13389216,-0.31905943,-0.024371117,-0.558701,-0.023636498,-0.5681659
4,904,-0.14342101,-0.3124157,-0.14225997,-0.31592909,-0.03006005,-0.5506847,-0.029277373,-0.55992925
4,905,-0.15173018,-0.30920044,-0.15050212,-0.31262228,-0.0356614,-0.5422246,-0.03483354,-0.5512283
4,906,-0.1599017,-0.3058213,-0.15861183,-0.30914402,-0.04116995,-0.5333333,-0.040300433,-0.5420762
4,907,-0.16792811,-0.3022833,-0.16658252,-0.30549946,-0.04658069,-0.524024,-0.045673605,-0.5324865
4,908,-0.17580228,-0.29859138,-0.17440781,-0.30169386,-0.05188879,-0.5143097,-0.05094876,-0.52247304
4,909,-0.18351726,-0.29475072,-0.18208149,-0.29773256,-0.057089593,-0.50420403,-0.056121714,-0.51205
4,910,-0.1910665,-0.29076642,-0.18959759,-0.29362103,-0.06217866,-0.49372044,-0.06118844,-0.5012316
4,911,-0.19844367,-0.28664374,-0.19695039,-0.28936484,-0.067151725,-0.48287272,-0.066145085,-0.49003258
4,912,-0.2056428,-0.28238797,-0.2041343,-0.28496963,-0.07200479,-0.4716748,-0.07098787,-0.47846773
4,913,-0.21265814,-0.2780043,-0.21114404,-0.2804411,-0.07673393,-0.46014032,-0.07571326,-0.46655214
4,914,-0.21948425,-0.27349818,-0.21797451,-0.2757851,-0.08133554,-0.4482837,-0.080317795,-0.4543011
4,915,-0.22611608,-0.268875,-0.22462086,-0.27100742,-0.08580615,-0.43611905,-0.08479821,-0.44172993
4,916,-0.23254877,-0.26414013,-0.23107845,-0.26611403,-0.09014254,-0.4236605,-0.08915137,-0.4288543
4,917,-0.23877786,-0.25929904,-0.23734286,-0.26111087,-0.09434167,-0.41092247,-0.09337432,-0.41568983
4,918,-0.24479915,-0.25435716,-0.24340996,-0.25600398,-0.09840072,-0.39791924,-0.09746425,-0.4022524
4,919,-0.25060868,-0.24932006,-0.24927579,-0.2507994,-0.10231702,-0.38466546,-0.101418495,-0.3885579
4,920,-0.25620288,-0.24419326,-0.25493667,-0.24550319,-0.10608816,-0.37117565,-0.105234586,-0.37462237
4,921,-0.26157838,-0.2389822,-0.26038915,-0.2401215,-0.10971188,-0.35746416,-0.108910196,-0.36046192
4,922,-0.26673216,-0.23369253,-0.26562998,-0.23466045,-0.11318612,-0.3435458,-0.11244313,-0.3460926
4,923,-0.27166143,-0.22832978,-0.27065623,-0.22912616,-0.11650903,-0.32943517,-0.115831405,-0.33153063
4,924,-0.27636367,-0.22289956,-0.2754651,-0.22352478,-0.119678885,-0.31514698,-0.119073145,-0.3167921
4,925,-0.28083673,-0.2174074,-0.28005415,-0.21786246,-0.12269425,-0.30069587,-0.1221667,-0.30189323
4,926,-0.28507856,-0.211859,-0.2844211,-0.21214533,-0.12555373,-0.28609675,-0.12511052,-0.28685012
4,927,-0.2890875,-0.20625989,-0.2885639,-0.2063795,-0.12825623,-0.27136418,-0.12790327,-0.2716789
4,928,-0.29286212,-0.20061572,-0.29248083,-0.2005711,-0.13080075,-0.25651306,-0.13054372,-0.25639567
4,929,-0.29640117,-0.19493212,-0.2961703,-0.1947262,-0.13318649,-0.24155818,-0.13303086,-0.24101636
4,930,-0.29970372,-0.18921468,-0.29963103,-0.18885083,-0.1354128,-0.22651426,-0.1353638,-0.22555692
4,931,-0.30276904,-0.18346906,-0.3028619,-0.18295103,-0.13747917,-0.21139622,-0.13754177,-0.21003318
4,932,-0.30559665,-0.17770086,-0.30586213,-0.17703275,-0.13938531,-0.19621876,-0.13956428,-0.19446081
4,933,-0.30818626,-0.17191568,-0.3086311,-0.17110194,-0.14113101,-0.1809966,-0.14143088,-0.17885546
4,934,-0.31053796,-0.16611916,-0.31116843,-0.16516444,-0.14271633,-0.1657446,-0.14314134,-0.16323252
4,935,-0.31265184,-0.16031682,-0.31347394,-0.1592261,-0.14414135,-0.15047732,-0.14469554,-0.14760739
4,936,-0.31452838,-0.15451428,-0.31554776,-0.15329267,-0.14540634,-0.13520949,-0.14609353,-0.13199514
4,937,-0.31616825,-0.14871712,-0.31739017,-0.14736983,-0.14651181,-0.119955815,-0.14733553,-0.116410784
4,938,-0.31757227,-0.14293079,-0.3190017,-0.14146322,-0.14745829,-0.104730636,-0.14842188,-0.10086912
4,939,-0.31874153,-0.13716085,-0.3203831,-0.13557836,-0.1482465,-0.089548595,-0.1493531,-0.085384704
4,940,-0.31967732,-0.13141274,-0.3215353,-0.12972075,-0.14887734,-0.07442399,-0.15012982,-0.06997196
4,941,-0.3203812,-0.12569194,-0.3224595,-0.123895735,-0.14935182,-0.059371214,-0.15075284,-0.054644994
4,942,-0.3208548,-0.12000376,-0.323157,-0.118108645,-0.1496711,-0.044404306,-0.15122305,-0.039417822
4,943,-0.3211001,-0.11435358,-0.3236295,-0.11236469,-0.14983644,-0.029537383,-0.15154156,-0.024304138
4,944,-0.32111922,-0.10874668,-0.3238787,-0.106668964,-0.14984934,-0.014784316,-0.15170956,-0.00931737
4,945,-0.32091442,-0.10318829,-0.32390663,-0.101026505,-0.14971128,-0.00015891324,-0.15172838,0.0055292463
4,946,-0.32048824,-0.097683564,-0.32371542,-0.09544221,-0.14942399,0.0143253,-0.15159948,0.020222815
4,947,-0.3198435,-0.09223758,-0.32330748,-0.0899209,-0.14898935,0.028654953,-0.15132448,0.034750666
4,948,-0.31898302,-0.0868554,-0.3226853,-0.08446727,-0.14840929,0.04281672,-0.15090506,0.049100436
4,949,-0.31790993,-0.081541896,-0.32185167,-0.07908591,-0.1476859,0.056797773,-0.15034309,0.06326004
4,950,-0.31662753,-0.07630196,-0.32080948,-0.0737813,-0.14682142,0.07058525,-0.14964055,0.077217706
4,951,-0.3151393,-0.071140334,-0.3195618,-0.06855779,-0.14581817,0.08416669,-0.14879946,0.09096196
4,952,-0.3134489,-0.066061616,-0.3181119,-0.06341963,-0.14467865,0.09752998,-0.14782205,0.104481645
4,953,-0.31156018,-0.061070386,-0.31646314,-0.058370925,-0.14340544,0.11066306,-0.1467106,0.11776596
4,954,-0.30947712,-0.05617108,-0.31461915,-0.053415675,-0.14200121,0.123554274,-0.14546753,0.13080437
4,955,-0.30720392,-0.051367957,-0.31258366,-0.04855774,-0.1404688,0.1361924,-0.14409538,0.14358672
4,956,-0.30474493,-0.046665218,-0.3103605,-0.04380085,-0.13881116,0.1485664,-0.1425967,0.15610321
4,957,-0.30210456,-0.042066913,-0.30795366,-0.03914861,-0.13703124,0.1606656,-0.14097421,0.16834432
4,958,-0.29928753,-0.037576955,-0.30536738,-0.03460449,-0.13513224,0.1724797,-0.13923076,0.18030097
4,959,-0.2962986,-0.033199083,-0.30260587,-0.030171817,-0.13311735,0.18399891,-0.13736919,0.19196434
4,960,-0.2931427,-0.028936926,-0.29967356,-0.025853788,-0.13098991,0.19521363,-0.13539246,0.20332609
4,961,-0.28982484,-0.024793956,-0.29657504,-0.021653457,-0.12875329,0.20611474,-0.1333037,0.21437813
4,962,-0.28635028,-0.02077346,-0.29331487,-0.017573735,-0.12641102,0.21669361,-0.13110597,0.22511283
4,963,-0.2827242,-0.016878594,-0.2898979,-0.013617396,-0.12396663,0.2269419,-0.12880252,0.23552287
4,964,-0.27895206,-0.013112336,-0.2863289,-0.009787065,-0.121423766,0.2368518,-0.12639661,0.24560136
4,965,-0.27503935,-0.009477451,-0.28261295,-0.0060852244,-0.118786134,0.24641603,-0.12389163,0.25534177
4,966,-0.27099162,-0.00597661,-0.27875504,-0.0025142094,-0.1160575,0.25562754,-0.121290945,0.26473793
4,967,-0.26681453,-0.0026122406,-0.27476034,0.00092379237,-0.11324165,0.26448,-0.11859805,0.2737841
4,968,-0.26251385,0.0006134026,-0.27063408,0.0042267404,-0.11034249,0.2729674,-0.115816474,0.28247494
4,969,-0.25809535,0.0036982223,-0.26638156,0.0073927436,-0.10736391,0.28108427,-0.11294978,0.29080543
4,970,-0.25356495,0.006640319,-0.26200816,0.01042006,-0.104309894,0.2888256,-0.1100016,0.298771
4,971,-0.2489285,0.009437967,-0.25751933,0.013307097,-0.10118438,0.29618686,-0.10697561,0.30636746
4,972,-0.24419199,0.012089673,-0.2529206,0.016052416,-0.09799142,0.30316412,-0.103875525,0.31359103
4,973,-0.23936138,0.0145941,-0.24821748,0.01865472,-0.09473503,0.30975387,-0.10070507,0.3204383
4,974,-0.23444268,0.016950052,-0.2434156,0.021112872,-0.09141926,0.3159529,-0.09746804,0.32690626
4,975,-0.22944191,0.019156657,-0.2385206,0.023425879,-0.08804815,0.32175902,-0.09416825,0.33299232
4,976,-0.22436514,0.021213062,-0.23353817,0.025592899,-0.084625825,0.3271699,-0.09080951,0.33869424
4,977,-0.2192184,0.023118727,-0.228474,0.02761324,-0.08115632,0.3321841,-0.087395675,0.34401023
4,978,-0.2140077,0.024873246,-0.22333387,0.029486356,-0.0776437,0.33680066,-0.08393062,0.34893885
4,979,-0.20873907,0.026476417,-0.2181235,0.031211857,-0.07409203,0.34101897,-0.08041822,0.35347903
4,980,-0.20341852,0.027928203,-0.21284865,0.032789495,-0.07050536,0.34483898,-0.076862365,0.35763016
4,981,-0.19805202,0.029228758,-0.20751512,0.034219164,-0.066887714,0.34826106,-0.073266946,0.36139193
4,982,-0.1926455,0.030378398,-0.20212866,0.035500918,-0.06324309,0.35128602,-0.069635846,0.36476454
4,983,-0.18720487,0.031377625,-0.19669507,0.03663494,-0.05957547,0.3539152,-0.06597297,0.3677484
4,984,-0.181736,0.032227118,-0.19122009,0.03762156,-0.055888817,0.35615042,-0.062282193,0.37034443
4,985,-0.17624468,0.032927725,-0.18570948,0.038461257,-0.05218702,0.35799387,-0.058567397,0.37255386
4,986,-0.17073666,0.03348041,-0.18016893,0.03915464,-0.048473973,0.3594481,-0.054832425,0.37437832
4,987,-0.16521765,0.033886384,-0.17460418,0.039702464,-0.04475352,0.36051634,-0.051081136,0.37581977
4,988,-0.15969327,0.03414694,-0.16902086,0.04010561,-0.04102945,0.3612019,-0.04731733,0.37688056
4,989,-0.15416907,0.03426351,-0.16342461,0.040365104,-0.037305493,0.36150864,-0.043544803,0.37756333
4,990,-0.14865051,0.03423773,-0.15782101,0.040482093,-0.033585344,0.3614408,-0.03976733,0.37787116
4,991,-0.14314301,0.034071367,-0.15221563,0.040457863,-0.029872647,0.36100307,-0.035988647,0.3778074
4,992,-0.13765188,0.033766273,-0.14661391,0.040293824,-0.02617098,0.3602003,-0.032212436,0.3773758
4,993,-0.13218233,0.033324484,-0.1410213,0.039991505,-0.02248387,0.35903782,-0.028442362,0.3765803
4,994,-0.12673949,0.032748144,-0.13544317,0.039552562,-0.01881476,0.35752136,-0.024682054,0.37542534
4,995,-0.1213284,0.032039497,-0.1298848,0.03897877,-0.015167057,0.35565674,-0.020935064,0.37391558
4,996,-0.115954,0.031200942,-0.12435143,0.038272016,-0.011544083,0.35345033,-0.01720493,0.37205592
4,997,-0.110621125,0.030234952,-0.118848205,0.037434306,-0.007949106,0.35090855,-0.0134951165,0.36985174
4,998,-0.10533449,0.029144112,-0.11338019,0.03646775,-0.004385299,0.34803832,-0.00980904,0.3673085
5,0,-0.07051462,-0.13516405,-0.10620818,-0.2911696,0.01908735,-0.08429455,-0.0049742693,-0.49478135
5,1,-0.08708982,-0.22740412,-0.1135065,-0.28902245,0.007913733,-0.32699955,-0.009894188,-0.48913163
5,2,-0.10069372,-0.27506372,-0.120717876,-0.28671524,-0.0012568776,-0.452403,-0.014755493,-0.48306084
5,3,-0.112209916,-0.2955821,-0.12783614,-0.2842518,-0.009020137,-0.5063916,-0.01955403,-0.47657898
5,4,-0.1221551,-0.30042583,-0.13485527,-0.28163612,-0.01572435,-0.5191366,-0.024285743,-0.4696965
5,5,-0.13090579,-0.2969829,-0.1417694,-0.2788723,-0.021623336,-0.5100775,-0.028946668,-0.46242428
5,6,-0.13877802,-0.28977036,-0.14857282,-0.27596453,-0.026930131,-0.4910996,-0.03353297,-0.45477325
5,7,-0.146027,-0.281367,-0.15526,-0.27291706,-0.031816788,-0.4689884,-0.038040906,-0.44675463
5,8,-0.15284073,-0.27310467,-0.16182558,-0.26973435,-0.03641004,-0.44724828,-0.04246687,-0.4383802
5,9,-0.15934466,-0.26555914,-0.16826436,-0.2664208,-0.040794443,-0.42739424,-0.04680736,-0.4296615
5,10,-0.16561434,-0.25888187,-0.17457134,-0.26298106,-0.045020934,-0.4098248,-0.051058996,-0.42061073
5,11,-0.17169043,-0.25301152,-0.18074167,-0.2594197,-0.04911693,-0.39437857,-0.055218518,-0.41123998
5,12,-0.17759174,-0.24779984,-0.18677068,-0.2557415,-0.0530951,-0.38066542,-0.059282772,-0.40156177
5,13,-0.18332466,-0.24308074,-0.19265391,-0.2519512,-0.05695976,-0.36824834,-0.06324875,-0.39158857
5,14,-0.18888953,-0.23870325,-0.1983871,-0.24805361,-0.060711127,-0.3567302,-0.06711359,-0.38133314
5,15,-0.19428405,-0.23454428,-0.20396614,-0.24405369,-0.06434766,-0.34578696,-0.07087452,-0.37080842
5,16,-0.19950534,-0.2305103,-0.20938714,-0.23995638,-0.06786742,-0.33517262,-0.0745289,-0.36002746
5,17,-0.2045507,-0.2265338,-0.21464638,-0.23576665,-0.07126858,-0.32470953,-0.07807425,-0.3490033
5,18,-0.20941783,-0.22256845,-0.21974038,-0.23148954,-0.07454959,-0.31427577,-0.08150819,-0.33774924
5,19,-0.21410488,-0.21858388,-0.2246658,-0.22713013,-0.077709205,-0.30379146,-0.0848285,-0.32627863
5,20,-0.21861033,-0.21456157,-0.22941954,-0.22269349,-0.080746405,-0.29320782,-0.08803307,-0.3146048
5,21,-0.22293298,-0.210491,-0.2339987,-0.21818475,-0.08366038,-0.28249723,-0.09111996,-0.30274126
5,22,-0.22707182,-0.20636743,-0.23840053,-0.21360904,-0.086450435,-0.27164716,-0.09408731,-0.2907015
5,23,-0.23102596,-0.20218977,-0.24262255,-0.2089715,-0.08911599,-0.26065475,-0.09693344,-0.27849907
5,24,-0.2347946,-0.19795944,-0.24666244,-0.20427729,-0.09165649,-0.24952376,-0.0996568,-0.2661475
5,25,-0.23837706,-0.19367917,-0.25051805,-0.19953156,-0.094071485,-0.23826139,-0.102255926,-0.25366038
5,26,-0.24177274,-0.18935281,-0.25418752,-0.19473943,-0.09636057,-0.22687773,-0.10472958,-0.24105118
5,27,-0.24498112,-0.18498468,-0.25766915,-0.18990606,-0.09852339,-0.21538419,-0.1070766,-0.22833346
5,28,-0.24800177,-0.18057927,-0.26096135,-0.18503658,-0.10055966,-0.20379253,-0.10929593,-0.21552074
5,29,-0.25083438,-0.17614141,-0.2640629,-0.18013607,-0.10246917,-0.19211549,-0.11138674,-0.20262635
5,30,-0.25347874,-0.1716758,-0.26697263,-0.17520964,-0.10425177,-0.18036543,-0.11334823,-0.18966378
5,31,-0.25593475,-0.16718721,-0.26968965,-0.1702623,-0.10590741,-0.16855492,-0.115179814,-0.17664619
5,32,-0.2582024,-0.16268036,-0.27221325,-0.16529912,-0.107436076,-0.15669633,-0.11688102,-0.16358688
5,33,-0.26028195,-0.15815996,-0.2745429,-0.16032505,-0.10883793,-0.14480211,-0.11845147,-0.15049897
5,34,-0.26217356,-0.1536306,-0.27667826,-0.15534504,-0.1101131,-0.13288431,-0.11989096,-0.1373954
5,35,-0.26387772,-0.1490969,-0.2786192,-0.15036398,-0.1112619,-0.12095512,-0.12119938,-0.12428909
5,36,-0.26539496,-0.14456333,-0.28036577,-0.14538671,-0.11228469,-0.10902623,-0.12237676,-0.11119273
5,37,-0.266726,-0.14003444,-0.28191823,-0.14041804,-0.11318196,-0.09710966,-0.1234233,-0.098119006
5,38,-0.2678717,-0.13551463,-0.28327698,-0.13546267,-0.11395431,-0.08521701,-0.12433926,-0.08508029
5,39,-0.26883313,-0.1310083,-0.28444266,-0.1305253,-0.114602424,-0.073359795,-0.12512507,-0.072088934
5,40,-0.2696113,-0.12651978,-0.28541604,-0.12561053,-0.115127,-0.061549477,-0.12578124,-0.05915702
5,41,-0.2702076,-0.12205337,-0.2861981,-0.120722875,-0.115528986,-0.049797308,-0.12630844,-0.046296466
5,42,-0.27062345,-0.117613316,-0.28679,-0.115866825,-0.11580931,-0.038114496,-0.12670745,-0.033519074
5,43,-0.27086046,-0.113203764,-0.28719303,-0.111046754,-0.115969084,-0.026511945,-0.12697913,-0.020836351
5,44,-0.2709204,-0.10882886,-0.2874087,-0.106266975,-0.11600948,-0.01500055,-0.12712453,-0.008259646
5,45,-0.27080515,-0.104492664,-0.28743866,-0.10153172,-0.115931794,-0.0035910213,-0.12714472,0.0041999053
5,46,-0.2705168,-0.10019924,-0.28728473,-0.09684513,-0.11573742,0.0077059795,-0.12704095,0.01653142
5,47,-0.2700575,-0.09595242,-0.2869489,-0.092211254,-0.11542779,0.018880337,-0.12681456,0.028724216
5,48,-0.2694296,-0.091756135,-0.28643328,-0.08763406,-0.11500451,0.029921738,-0.12646697,0.040767882
5,49,-0.2686356,-0.087614134,-0.28574017,-0.0831174,-0.11446927,0.040820304,-0.12599973,0.052652247
5,50,-0.26767814,-0.08353014,-0.284872,-0.07866506,-0.11382382,0.051566232,-0.12541449,0.06436738
5,51,-0.26655993,-0.0795078,-0.28383136,-0.07428072,-0.11307002,0.062149953,-0.124712974,0.07590362
5,52,-0.26528385,-0.0755506,-0.28262097,-0.06996793,-0.1122098,0.072562255,-0.12389703,0.08725155
5,53,-0.26385298,-0.07166205,-0.2812437,-0.065730184,-0.11124522,0.08279393,-0.1229686,0.098402046
5,54,-0.26227048,-0.067845464,-0.27970254,-0.061570823,-0.11017843,0.09283626,-0.121929675,0.10934629
5,55,-0.26053956,-0.06410408,-0.27800065,-0.057493113,-0.10901159,0.102680705,-0.120782405,0.120075695
5,56,-0.25866362,-0.06044111,-0.2761412,-0.05350019,-0.107746996,0.11231883,-0.11952891,0.130582
5,57,-0.25664616,-0.05685955,-0.2741276,-0.04959509,-0.10638698,0.12174275,-0.11817151,0.14085722
5,58,-0.25449082,-0.05336235,-0.27196336,-0.045780737,-0.10493404,0.13094468,-0.11671256,0.15089367
5,59,-0.2522013,-0.04995236,-0.26965204,-0.042059924,-0.10339063,0.13991715,-0.11515446,0.16068399
5,60,-0.24978136,-0.046632264,-0.26719737,-0.038435347,-0.10175931,0.1486531,-0.11349973,0.17022109
5,61,-0.24723496,-0.043404635,-0.26460314,-0.034909572,-0.10004274,0.15714574,-0.111750916,0.17949821
5,62,-0.24456608,-0.04027195,-0.26187328,-0.031485043,-0.09824361,0.16538855,-0.10991067,0.18850896
5,63,-0.2417788,-0.037236568,-0.25901175,-0.028164098,-0.096364655,0.17337535,-0.10798167,0.19724713
5,64,-0.23887725,-0.03430071,-0.25602263,-0.024948936,-0.094408676,0.18110026,-0.10596666,0.20570695
5,65,-0.23586568,-0.031466406,-0.25291014,-0.021841643,-0.09237853,0.18855798,-0.10386847,0.21388297
5,66,-0.23274837,-0.028735686,-0.2496785,-0.01884418,-0.0902771,0.19574314,-0.10168998,0.22176999
5,67,-0.22952968,-0.026110299,-0.24633205,-0.015958382,-0.08810732,0.20265114,-0.09943408,0.22936319
5,68,-0.226214,-0.02359198,-0.24287516,-0.0131859565,-0.08587217,0.20927744,-0.09710373,0.2366581
5,69,-0.22280583,-0.021182254,-0.23931229,-0.010528491,-0.08357466,0.21561798,-0.09470194,0.2436505
5,70,-0.21930964,-0.018882565,-0.23564798,-0.0079874415,-0.081217825,0.22166899,-0.092231765,0.2503366
5,71,-0.21572997,-0.016694132,-0.23188677,-0.005564142,-0.07880471,0.22742726,-0.08969627,0.25671285
5,72,-0.21207137,-0.01461814,-0.22803329,-0.0032597957,-0.07633839,0.23288968,-0.087098576,0.26277614
5,73,-0.20833848,-0.012655571,-0.22409222,-0.0010754818,-0.073821984,0.23805366,-0.08444183,0.26852354
5,74,-0.20453589,-0.010807276,-0.22006823,0.0009878476,-0.07125859,0.24291696,-0.0817292,0.27395266
5,75,-0.20066822,-0.009073984,-0.21596609,0.0029293667,-0.06865133,0.24747764,-0.07896388,0.27906123
5,76,-0.19674014,-0.0074562803,-0.21179055,0.0047483756,-0.066003345,0.2517342,-0.076149076,0.28384748
5,77,-0.19275627,-0.005954597,-0.20754641,0.0064443005,-0.06331775,0.25568548,-0.07328804,0.28830984
5,78,-0.18872127,-0.004569251,-0.20323849,0.008016693,-0.0605977,0.25933063,-0.070383996,0.29244718
5,79,-0.1846398,-0.0033004247,-0.19887161,0.009465229,-0.05784631,0.2626692,-0.06744021,0.2962586
5,80,-0.18051645,-0.0021481402,-0.19445062,0.010789708,-0.055066697,0.26570114,-0.06445994,0.29974362
5,81,-0.17635585,-0.0011123121,-0.18998033,0.011990054,-0.052261967,0.26842666,-0.06144645,0.302902
5,82,-0.1721626,-0.00019270182,-0.18546563,0.0130663095,-0.04943523,0.27084637,-0.058403023,0.3057339
5,83,-0.16794126,0.0006110072,-0.18091133,0.014018642,-0.04658955,0.2729611,-0.05533289,0.3082397
5,84,-0.16369636,0.0012993254,-0.17632228,0.014847335,-0.043727998,0.27477223,-0.052239336,0.3104202
5,85,-0.1594324,0.0018728264,-0.1717033,0.015552795,-0.04085359,0.27628124,-0.0491256,0.31227642
5,86,-0.15515384,0.002332233,-0.16705915,0.016135538,-0.037969343,0.27749005,-0.045994908,0.31380972
5,87,-0.15086511,0.0026784353,-0.16239467,0.016596204,-0.03507824,0.278401,-0.042850506,0.31502187
5,88,-0.14657056,0.002912335,-0.15771456,0.016935539,-0.032183215,0.27901644,-0.03969557,0.31591472
5,89,-0.14227454,0.0030350126,-0.15302357,0.017154405,-0.029287199,0.27933922,-0.036533292,0.31649062
5,90,-0.1379813,0.0030476563,-0.14832637,0.017253773,-0.026393048,0.27937248,-0.033366833,0.31675208
5,91,-0.13369504,0.00295154,-0.14362761,0.017234724,-0.02350361,0.27911958,-0.030199325,0.31670195
5,92,-0.12941992,0.0027480498,-0.13893187,0.01709844,-0.020621685,0.27858415,-0.027033847,0.31634337
5,93,-0.12516001,0.0024386793,-0.13424374,0.016846213,-0.017750008,0.27777013,-0.023873502,0.31567967
5,94,-0.12091933,0.002025012,-0.12956768,0.01647943,-0.014891298,0.27668166,-0.020721294,0.3147146
5,95,-0.11670184,0.0015087016,-0.12490815,0.015999584,-0.0120482175,0.27532312,-0.017580226,0.313452
5,96,-0.11251135,0.0008915365,-0.12026952,0.015408256,-0.00922334,0.27369922,-0.01445325,0.3118961
5,97,-0.10835172,0.00017534569,-0.11565613,0.01470713,-0.006419265,0.27181476,-0.011343286,0.31005126
5,98,-0.104226604,-0.00063792616,-0.11107221,0.013897978,-0.0036384545,0.26967487,-0.0082531925,0.30792218
5,99,-0.10013967,-0.0015462823,-0.10652196,0.012982659,-0.00088338496,0.26728475,-0.0051857894,0.30551377
5,100,-0.09609446,-0.0025476478,-0.10200947,0.011963122,0.0018435583,0.26464993,-0.0021438464,0.30283114
5,101,-0.09209439,-0.0036398508,-0.09753877,0.010841398,0.00454007,0.2617761,0.00086992513,0.29987964
5,102,-0.08814289,-0.0048206784,-0.09311382,0.009619596,0.007203844,0.25866908,0.0038528582,0.29666477
5,103,-0.08424319,-0.0060878694,-0.08873847,0.008299909,0.009832691,0.2553348,0.0068023507,0.2931924
5,104,-0.08039851,-0.007439062,-0.08441651,0.006884597,0.012424458,0.2517795,0.009715857,0.28946838
5,105,-0.076611914,-0.008871879,-0.08015162,0.0053759976,0.014977063,0.24800941,0.01259089,0.2854989
5,106,-0.07288642,-0.010383848,-0.07594739,0.0037765137,0.017488478,0.24403107,0.01542503,0.2812903
5,107,-0.069224924,-0.0119725205,-0.071807325,0.0020886154,0.019956755,0.23985091,0.018215915,0.27684903
5,108,-0.06563021,-0.013635326,-0.06773483,0.00031483424,0.02238001,0.23547569,0.020961251,0.27218178
5,109,-0.062105004,-0.015369695,-0.0637332,-0.0015422389,0.02475641,0.23091216,0.023658818,0.26729542
5,110,-0.05865188,-0.017173007,-0.05980564,-0.003479957,0.027084218,0.22616723,0.02630645,0.2621968
5,111,-0.055273347,-0.019042607,-0.05595524,-0.0054956204,0.029361743,0.22124788,0.028902069,0.25689313
5,112,-0.051971808,-0.020975836,-0.052184995,-0.0075864806,0.031587362,0.21616112,0.03144365,0.25139162
5,113,-0.04874955,-0.022969961,-0.04849778,-0.009749741,0.03375954,0.2109141,0.033929262,0.24569957
5,114,-0.045608748,-0.025022265,-0.04489637,-0.011982566,0.035876807,0.20551401,0.036357034,0.23982449
5,115,-0.042551488,-0.02713,-0.041383434,-0.014282069,0.037937757,0.19996808,0.03872516,0.23377396
5,116,-0.03957975,-0.029290404,-0.0379615,-0.016645344,0.039941054,0.19428355,0.04103194,0.22755565
5,117,-0.036695417,-0.03150071,-0.03463301,-0.01906944,0.04188543,0.18846773,0.043275736,0.22117728
5,118,-0.033900235,-0.033758093,-0.031400274,-0.021551386,0.04376971,0.18252802,0.045454975,0.21464671
5,119,-0.031195875,-0.036059786,-0.028265495,-0.024088174,0.045592763,0.17647174,0.04756818,0.20797183
5,120,-0.028583884,-0.03840295,-0.025230752,-0.026676778,0.04735355,0.17030632,0.04961395,0.20116061
5,121,-0.026065728,-0.040784825,-0.022298012,-0.029314151,0.04905108,0.16403908,0.05159096,0.19422106
5,122,-0.023642723,-0.043202583,-0.019469114,-0.031997234,0.050684467,0.1576774,0.053497963,0.18716127
5,123,-0.021316119,-0.04565345,-0.016745787,-0.034722943,0.052252874,0.15122859,0.055333804,0.17998928
5,124,-0.019087048,-0.04813459,-0.01412963,-0.037488192,0.05375552,0.14470014,0.0570974,0.17271328
5,125,-0.01695653,-0.05064326,-0.011622129,-0.040289894,0.05519174,0.13809924,0.05878775,0.16534135
5,126,-0.014925506,-0.05317666,-0.009224646,-0.04312494,0.056560885,0.13143328,0.060403932,0.15788169
5,127,-0.012994785,-0.055732053,-0.0069384207,-0.045990236,0.057862416,0.12470945,0.06194511,0.15034243
5,128,-0.011165079,-0.05830666,-0.0047645746,-0.048882686,0.059095852,0.11793506,0.063410535,0.14273173
5,129,-0.009437036,-0.06089781,-0.002704107,-0.05179919,0.060260754,0.11111715,0.06479953,0.13505773
5,130,-0.0078111254,-0.06350276,-0.000757896,-0.05473667,0.06135681,0.104262926,0.066111505,0.12732853
5,131,-0.0062877946,-0.06611884,0.0010732992,-0.057692047,0.06238371,0.097379416,0.06734595,0.119552255
5,132,-0.00486736,-0.06874339,0.0027888399,-0.06066227,0.06334125,0.0904736,0.06850242,0.11173691
5,133,-0.0035500117,-0.071373776,0.004388206,-0.06364428,0.064229295,0.08355245,0.06958058,0.10389054
5,134,-0.0023359023,-0.07400739,0.005870997,-0.06663507,0.06504775,0.0766228,0.07058015,0.09602108
5,135,-0.0012250431,-0.07664169,0.007236928,-0.06963163,0.06579659,0.06969134,0.07150095,0.08813644
5,136,-0.00021736696,-0.07927416,0.008485833,-0.07263099,0.06647588,0.062764704,0.07234286,0.08024444
5,137,0.00068729743,-0.08190222,0.009617659,-0.07563018,0.067085735,0.05584967,0.07310584,0.072352864
5,138,0.0014891885,-0.084523454,0.010632472,-0.078626305,0.067626305,0.0489526,0.07378994,0.06446937
5,139,0.0021886714,-0.087135404,0.011530446,-0.08161646,0.06809784,0.042079955,0.074395284,0.056601573
5,140,0.0027861632,-0.08973569,0.012311869,-0.08459781,0.068500616,0.035238005,0.074922055,0.04875695
5,141,0.0032821856,-0.09232192,0.012977142,-0.08756753,0.06883499,0.028433034,0.07537052,0.040942926
5,142,0.003677357,-0.094891846,0.013526771,-0.09052285,0.069101386,0.021670956,0.07574104,0.033166803
5,143,0.0039723814,-0.09744316,0.013961374,-0.09346102,0.069300264,0.01495785,0.07603401,0.025435787
5,144,0.004168004,-0.099973634,0.0142816715,-0.09637938,0.06943214,0.008299595,0.07624993,0.017756918
5,145,0.004265126,-0.10248113,0.014488488,-0.09927525,0.06949761,0.0017018003,0.07638935,0.010137195
5,146,0.00426466,-0.10496347,0.014582754,-0.10214607,0.069497295,-0.004829811,0.076452896,0.0025834208
5,147,0.0041676387,-0.10741854,0.014565496,-0.10498927,0.06943189,-0.01128967,0.07644126,-0.0048977
5,148,0.0039751567,-0.1098444,0.014437839,-0.107802376,0.069302134,-0.017672682,0.076355204,-0.01229964
5,149,0.0036883838,-0.11223897,0.01420101,-0.11058293,0.069108814,-0.023973357,0.07619555,-0.01961593
5,150,0.0033085681,-0.11460039,0.013856322,-0.113328576,0.068852775,-0.030186791,0.07596319,-0.026840353
5,151,0.0028370246,-0.11692673,0.013405184,-0.11603697,0.0685349,-0.03630793,0.075659074,-0.033966757
5,152,0.002275139,-0.119216174,0.012849097,-0.11870585,0.06815613,-0.042331986,0.075284205,-0.040989198
5,153,0.0016243905,-0.121466905,0.012189644,-0.12133301,0.06771745,-0.04825418,0.07483966,-0.047901873
5,154,0.00088627264,-0.12367727,0.011428497,-0.12391631,0.06721987,-0.05407016,0.07432655,-0.05469914
5,155,6.240234e-05,-0.1258456,0.010567408,-0.12645367,0.06666448,-0.05977553,0.07374608,-0.06137551
5,156,-0.00084559247,-0.12797025,0.009608209,-0.12894309,0.06605239,-0.065365985,0.07309947,-0.067925744
5,157,-0.0018359907,-0.13004968,0.008552811,-0.1313826,0.065384746,-0.07083744,0.07238801,-0.07434467
5,158,-0.0029069968,-0.13208242,0.0074031986,-0.13377033,0.06466276,-0.07618605,0.071613036,-0.08062735
5,159,-0.0040568,-0.134067,0.0061614276,-0.13610448,0.06388766,-0.08140795,0.07077593,-0.08676903
5,160,-0.005283516,-0.136002,0.004829625,-0.13838328,0.06306071,-0.08649939,0.069878146,-0.09276509
5,161,-0.006585192,-0.13788627,0.003409983,-0.14060509,0.06218323,-0.09145734,0.06892114,-0.09861118
5,162,-0.007959861,-0.1397184,0.001904758,-0.14276831,0.061256543,-0.096278094,0.06790645,-0.104303114
5,163,-0.009405445,-0.14149724,0.00031626748,-0.1448714,0.06028205,-0.10095863,0.06683562,-0.10983683
5,164,-0.010919876,-0.14322172,-0.0013531131,-0.1469129,0.05926115,-0.105496146,0.06571026,-0.1152085
5,165,-0.012501042,-0.1448907,-0.0031009528,-0.14889145,0.05819526,-0.10988761,0.06453201,-0.12041451
5,166,-0.014146727,-0.14650317,-0.0049247686,-0.15080574,0.057085875,-0.114130385,0.06330255,-0.12545146
5,167,-0.015854731,-0.1480582,-0.0068220277,-0.15265454,0.055934485,-0.11822206,0.062023573,-0.1303161
5,168,-0.017622802,-0.14955497,-0.008790151,-0.1544367,0.054742593,-0.12216038,0.06069683,-0.13500534
5,169,-0.019448634,-0.15099262,-0.010826516,-0.15615113,0.053511772,-0.12594317,0.059324082,-0.13951641
5,170,-0.02132991,-0.15237033,-0.012928459,-0.15779686,0.052243575,-0.12956826,0.057907127,-0.1438467
5,171,-0.023264267,-0.15368754,-0.01509328,-0.15937293,0.050939593,-0.13303412,0.05644779,-0.14799371
5,172,-0.025249314,-0.15494351,-0.017318243,-0.16087851,0.04960144,-0.13633889,0.0549479,-0.15195525
5,173,-0.02728264,-0.15613773,-0.019600583,-0.16231284,0.04823074,-0.13948117,0.05340934,-0.1557293
5,174,-0.02936179,-0.1572697,-0.021937504,-0.1636752,0.046829153,-0.14245963,0.051833987,-0.15931399
5,175,-0.03148431,-0.15833896,-0.02432619,-0.164965,0.045398325,-0.14527312,0.050223734,-0.16270776
5,176,-0.033647712,-0.15934515,-0.026763793,-0.16618168,0.04393994,-0.14792062,0.0485805,-0.16590913
5,177,-0.0358495,-0.16028798,-0.029247452,-0.1673248,0.042455677,-0.15040141,0.04690623,-0.16891693
5,178,-0.038087152,-0.16116719,-0.031774286,-0.16839394,0.04094724,-0.15271483,0.045202848,-0.17173009
5,179,-0.040358137,-0.16198258,-0.034341402,-0.16938882,0.03941633,-0.15486032,0.043472312,-0.17434783
5,180,-0.04265991,-0.16273406,-0.036945898,-0.17030919,0.03786467,-0.15683763,0.04171658,-0.17676954
5,181,-0.044989925,-0.16342154,-0.039584864,-0.17115489,0.036293965,-0.15864655,0.039937608,-0.17899477
5,182,-0.047345627,-0.16404505,-0.042255376,-0.17192581,0.034705948,-0.16028716,0.038137373,-0.18102327
5,183,-0.049724467,-0.1646046,-0.044954523,-0.17262198,0.033102334,-0.16175947,0.036317833,-0.18285504
5,184,-0.05212387,-0.16510038,-0.047679383,-0.17324345,0.031484857,-0.16306397,0.03448096,-0.18449026
5,185,-0.05454129,-0.16553251,-0.050427046,-0.17379032,0.029855235,-0.164201,0.032628715,-0.18592921
5,186,-0.056974195,-0.16590127,-0.0531946,-0.17426284,0.028215174,-0.16517131,0.03076306,-0.18717252
5,187,-0.059420012,-0.16620697,-0.055979155,-0.17466125,0.026566407,-0.16597566,0.028885946,-0.18822083
5,188,-0.061876215,-0.1664499,-0.058777817,-0.1749859,0.02491064,-0.16661488,0.02699932,-0.18907507
5,189,-0.06434029,-0.16663055,-0.061587717,-0.17523722,0.023249565,-0.1670902,0.02510512,-0.18973635
5,190,-0.066809714,-0.16674936,-0.06440601,-0.1754157,0.021584887,-0.1674028,0.023205265,-0.19020595
5,191,-0.06928203,-0.16680682,-0.067229845,-0.17552184,0.019918257,-0.16755399,0.02130167,-0.19048524
5,192,-0.071754746,-0.16680354,-0.07005643,-0.17555629,0.01825136,-0.16754538,0.019396221,-0.19057588
5,193,-0.07422541,-0.16674012,-0.072882965,-0.17551972,0.016585844,-0.1673785,0.017490808,-0.19047967
5,194,-0.076691605,-0.16661727,-0.075706705,-0.17541288,0.014923342,-0.16705526,0.015587279,-0.19019854
5,195,-0.07915092,-0.16643567,-0.07852492,-0.17523655,0.013265476,-0.16657743,0.013687476,-0.1897346
5,196,-0.08160101,-0.16619615,-0.081334904,-0.17499161,0.011613832,-0.1659472,0.011793218,-0.18909007
5,197,-0.084039494,-0.16589954,-0.084134005,-0.17467895,0.009970008,-0.16516675,0.009906298,-0.18826741
5,198,-0.08646412,-0.16554667,-0.0869196,-0.1742996,0.008335527,-0.16423826,0.008028483,-0.18726924
5,199,-0.0888726,-0.16513845,-0.089689106,-0.17385453,0.0067119347,-0.16316415,0.0061615123,-0.18609816
5,200,-0.09350316,0.08471565,-0.085048385,0.20472424,0.0035903943,0.4942599,0.009289899,0.8100303
5,201,-0.08480581,0.1904601,-0.07310078,0.20116651,0.009453423,0.772498,0.017343974,0.80066913
5,202,-0.072091036,0.2357671,-0.06129716,0.19734722,0.01802466,0.8917113,0.02530099,0.7906197
5,203,-0.058662284,0.24789056,-0.049647618,0.19327277,0.027077204,0.9236109,0.033154137,0.7798988
5,204,-0.04551682,0.24303025,-0.03816198,0.18894972,0.035938777,0.91082233,0.040896796,0.7685239
5,205,-0.032865055,0.23058611,-0.026849827,0.18438485,0.044467542,0.8780789,0.048522506,0.7565127
5,206,-0.020697583,0.21575591,-0.015720457,0.17958511,0.052669834,0.8390572,0.056025,0.74388343
5,207,-0.0089650005,0.20115331,-0.0047828974,0.17455763,0.060578965,0.8006344,0.06339819,0.73065495
5,208,0.0023754276,0.18787037,0.0059541003,0.16930968,0.06822373,0.7656838,0.07063617,0.7168464
5,209,0.013353478,0.17616916,0.016482078,0.1638487,0.07562421,0.7348953,0.077733256,0.7024773
5,210,0.02398919,0.1659109,0.026792865,0.15818226,0.08279392,0.70790344,0.08468393,0.6875676
5,211,0.034296613,0.15680392,0.03687858,0.1523181,0.08974233,0.6839408,0.09148287,0.6721376
5,212,0.044286218,0.14853448,0.046731666,0.146264,0.09647649,0.66218203,0.098125,0.65620786
5,213,0.053966235,0.14082633,0.05634487,0.1400279,0.10300195,0.6419001,0.10460542,0.63979924
5,214,0.06334306,0.13346079,0.065711245,0.13361782,0.109323025,0.6225197,0.11091945,0.62293285
5,215,0.07242164,0.12627676,0.07482416,0.12704188,0.115443036,0.60361683,0.11706261,0.60563004
5,216,0.08120538,0.11916225,0.08367729,0.120308235,0.1213643,0.58489686,0.12303066,0.58791226
5,217,0.08969648,0.11204374,0.09226465,0.113425165,0.1270883,0.56616646,0.12881954,0.5698013
5,218,0.097896025,0.10487579,0.10058057,0.106400974,0.13261575,0.5473059,0.13442545,0.551319
5,219,0.1058041,0.09763278,0.108619705,0.09924401,0.13794671,0.5282479,0.13984475,0.5324874
5,220,0.11342016,0.09030233,0.116377026,0.09196267,0.14308082,0.5089598,0.14507408,0.5133285
5,221,0.12074308,0.082880765,0.12384786,0.084565364,0.14801732,0.4894319,0.1501103,0.49386445
5,222,0.12777157,0.075369775,0.13102782,0.07706053,0.15275533,0.46966875,0.15495043,0.4741175
5,223,0.13450399,0.06777427,0.1379129,0.0694566,0.15729378,0.4496832,0.15959178,0.4541098
5,224,0.14093876,0.060101062,0.14449938,0.06176202,0.16163155,0.42949322,0.16403183,0.43386358
5,225,0.14707427,0.052357923,0.15078388,0.05398523,0.16576761,0.40911925,0.16826832,0.41340104
5,226,0.15290906,0.044553082,0.15676339,0.046134636,0.16970092,0.3885829,0.17229919,0.39274433
5,227,0.15844177,0.036694918,0.16243514,0.038218625,0.17343062,0.3679062,0.17612262,0.37191543
5,228,0.16367131,0.0287919,0.16779679,0.030245556,0.17695595,0.34711158,0.179737,0.35093647
5,229,0.16859676,0.020852271,0.17284626,0.022223739,0.18027626,0.32622054,0.18314093,0.32982922
5,230,0.17321743,0.012884218,0.17758179,0.014161438,0.18339114,0.30525476,0.18633322,0.30861542
5,231,0.17753287,0.0048957206,0.18200198,0.0060668606,0.18630023,0.28423515,0.18931295,0.2873167
5,232,0.18154286,-0.0031053983,0.18610573,-0.0020518487,0.18900344,0.26318237,0.19207935,0.2659545
5,233,0.18524751,-0.011111457,0.18989223,-0.010186616,0.19150081,0.24211657,0.1946319,0.24455003
5,234,0.18864703,-0.019114967,0.19336104,-0.018329443,0.19379249,0.22105747,0.19697028,0.22312438
5,235,0.19174202,-0.027108595,0.19651198,-0.026472414,0.19587886,0.2000244,0.19909438,0.20169835
5,236,0.19453324,-0.035085168,0.19934522,-0.0346077,0.19776048,0.17903619,0.2010043,0.18029252
5,237,0.19702171,-0.04303765,0.20186119,-0.042727575,0.19943799,0.15811136,0.20270036,0.15892725
5,238,0.1992087,-0.05095918,0.20406064,-0.0508244,0.2009123,0.13726798,0.20418306,0.13762262
5,239,0.20109569,-0.058843117,0.20594464,-0.058890652,0.20218432,0.11652352,0.20545308,0.116398446
5,240,0.20268439,-0.066682845,0.20751451,-0.06691891,0.2032553,0.09589538,0.20651136,0.09527424
5,241,0.20397659,-0.07447198,0.20877187,-0.07490188,0.20412639,0.07540036,0.20735897,0.0742692
5,242,0.20497452,-0.08220422,0.20971864,-0.08283239,0.2047991,0.055055037,0.20799722,0.053402185
5,243,0.20568039,-0.08987349,0.21035701,-0.09070337,0.20527494,0.034875408,0.20842755,0.03269181
5,244,0.20609675,-0.09747377,0.21068943,-0.098507896,0.20555563,0.014877316,0.20865163,0.012156292
5,245,0.20622618,-0.10499917,0.21071862,-0.10623918,0.20564288,-0.0049237544,0.2086713,-0.008186502
5,246,0.2060716,-0.112443954,0.21044758,-0.11389056,0.20553868,-0.024512708,0.2084886,-0.028319059
5,247,0.20563601,-0.11980258,0.20987956,-0.121455535,0.20524503,-0.043874953,0.20810568,-0.048224263
5,248,0.20492254,-0.1270695,0.20901804,-0.12892774,0.20476407,-0.06299592,0.20752491,-0.06788536
5,249,0.2039346,-0.13423938,0.20786679,-0.13630094,0.20409808,-0.08186151,0.20674884,-0.08728596
5,250,0.20267557,-0.14130698,0.20642976,-0.1435691,0.20324935,-0.10045802,0.20578012,-0.10641017
5,251,0.20114924,-0.14826716,0.2047112,-0.15072629,0.20222043,-0.11877187,0.20462161,-0.1252424
5,252,0.19935928,-0.15511495,0.20271553,-0.15776677,0.20101379,-0.13678998,0.20327629,-0.14376755
5,253,0.19730978,-0.16184543,0.20044743,-0.16468498,0.19963218,-0.15449944,0.20174733,-0.16197096
5,254,0.19500472,-0.16845378,0.19791175,-0.17147548,0.1980783,-0.17188755,0.20003799,-0.17983834
5,255,0.19244839,-0.17493545,0.19511361,-0.17813304,0.19635504,-0.1889423,0.19815171,-0.19735591
5,256,0.18964519,-0.18128578,0.1920583,-0.18465258,0.19446535,-0.20565152,0.19609208,-0.21451034
5,257,0.1865996,-0.18750043,0.18875128,-0.19102919,0.19241227,-0.2220037,0.19386277,-0.23128867
5,258,0.18331632,-0.19357505,0.18519823,-0.19725817,0.19019897,-0.23798743,0.19146758,-0.24767858
5,259,0.17980014,-0.19950551,0.18140501,-0.20333499,0.18782865,-0.25359184,0.18891053,-0.2636681
5,260,0.17605603,-0.20528772,0.17737764,-0.20925526,0.18530469,-0.2688062,0.18619561,-0.2792457
5,261,0.17208906,-0.21091783,0.17312232,-0.21501483,0.18263048,-0.2836203,0.18332702,-0.29440045
5,262,0.16790448,-0.21639201,0.16864537,-0.22060971,0.17980959,-0.29802415,0.18030903,-0.30912188
5,263,0.16350761,-0.22170669,0.16395333,-0.22603613,0.1768456,-0.3120083,0.17714606,-0.32340005
5,264,0.158904,-0.22685826,0.15905283,-0.23129046,0.17374222,-0.32556325,0.17384255,-0.3372254
5,265,0.15409929,-0.23184347,0.15395066,-0.2363693,0.17050329,-0.3386805,0.1704031,-0.350589
5,266,0.14909923,-0.23665908,0.14865373,-0.24126944,0.16713266,-0.3513515,0.16683234,-0.36348242
5,267,0.14390977,-0.24130213,0.14316908,-0.24598786,0.16363436,-0.36356843,0.16313505,-0.37589768
5,268,0.13853692,-0.24576971,0.13750383,-0.25052175,0.16001244,-0.37532368,0.15931602,-0.3878274
5,269,0.13298687,-0.25005916,0.13166529,-0.25486848,0.15627106,-0.3866102,0.15538016,-0.39926463
5,270,0.12726597,-0.2541679,0.12566076,-0.25902563,0.15241452,-0.3974213,0.15133241,-0.41020307
5,271,0.12138061,-0.2580937,0.11949772,-0.262991,0.1484471,-0.407751,0.1471778,-0.4206369
5,272,0.11533745,-0.26183432,0.11318366,-0.26676258,0.1443733,-0.4175934,0.14292139,-0.4305608
5,273,0.10914305,-0.2653878,0.106726214,-0.27033857,0.14019755,-0.42694342,0.13856831,-0.43997002
5,274,0.10280433,-0.26875243,0.100133024,-0.27371728,0.13592452,-0.43579653,0.13412374,-0.44886023
5,275,0.09632823,-0.27192658,0.09341183,-0.27689743,0.13155887,-0.44414845,0.12959288,-0.45722792
5,276,0.089721754,-0.2749089,0.086570404,-0.27987772,0.12710533,-0.45199564,0.12498095,-0.46506977
5,277,0.08299206,-0.2776982,0.07961657,-0.28265718,0.122568734,-0.4593349,0.12029325,-0.47238314
5,278,0.07614647,-0.2802935,0.07255817,-0.28523505,0.11795401,-0.46616375,0.11553507,-0.47916612
5,279,0.06919235,-0.28269404,0.065403104,-0.2876107,0.113266125,-0.47248015,0.11071173,-0.48541704
5,280,0.0621371,-0.2848993,0.05815926,-0.28978375,0.10851006,-0.4782827,0.10582854,-0.4911348
5,281,0.05498833,-0.28690886,0.050834548,-0.29175404,0.10369095,-0.48357034,0.10089083,-0.4963191
5,282,0.04775366,-0.28872266,0.043436896,-0.29352152,0.09881395,-0.48834285,0.09590395,-0.50096977
5,283,0.040440794,-0.29034072,0.035974205,-0.29508647,0.09388423,-0.49260032,0.09087322,-0.5050875
5,284,0.033057522,-0.2917633,0.02845438,-0.29644924,0.08890704,-0.4963435,0.085803986,-0.50867325
5,285,0.025611673,-0.29299083,0.020885298,-0.29761046,0.08388767,-0.49957338,0.08070154,-0.5117287
5,286,0.018111143,-0.29402405,0.01327481,-0.29857093,0.078831434,-0.50229204,0.07557118,-0.51425594
5,287,0.010563873,-0.29486382,0.005630736,-0.29933164,0.0737437,-0.50450164,0.07041819,-0.5162575
5,288,0.0029777922,-0.29551125,-0.0020391508,-0.29989374,0.068629794,-0.5062052,0.06524779,-0.51773655
5,289,-0.0046391003,-0.2959674,-0.009727123,-0.3002586,0.06349512,-0.5074054,0.060065202,-0.5186966
5,290,-0.012278806,-0.29623395,-0.017425515,-0.3004278,0.058345072,-0.50810677,0.054875594,-0.51914173
5,291,-0.019933332,-0.29631248,-0.025126716,-0.30040303,0.053185027,-0.5083134,0.049684085,-0.5190766
5,292,-0.02759469,-0.2962048,-0.032823198,-0.3001862,0.04802038,-0.5080301,0.04449576,-0.51850605
5,293,-0.03525494,-0.29591286,-0.0405075,-0.29977936,0.04285648,-0.50726193,0.039315645,-0.51743555
5,294,-0.042906128,-0.29543883,-0.04817225,-0.29918477,0.03769869,-0.50601465,0.034148708,-0.51587105
5,295,-0.0505404,-0.29478508,-0.05581017,-0.29840487,0.032552302,-0.50429446,0.028999861,-0.513819
5,296,-0.05814991,-0.29395407,-0.06341407,-0.29744223,0.027422603,-0.5021079,0.02387395,-0.511286
5,297,-0.06572696,-0.29294845,-0.070976876,-0.29629955,0.02231479,-0.4994619,0.018775735,-0.5082794
5,298,-0.07326381,-0.291771,-0.07849161,-0.29497975,0.017234076,-0.4963637,0.013709926,-0.5048067
5,299,-0.08075291,-0.29042467,-0.08595143,-0.29348582,0.012185549,-0.49282125,0.008681139,-0.50087583
5,300,-0.088186815,-0.28891248,-0.09334959,-0.29182097,0.007174231,-0.48884228,0.0036939194,-0.49649522
5,301,-0.09555817,-0.28723764,-0.100679494,-0.28998855,0.002205082,-0.4844354,-0.0012472895,-0.49167368
5,302,-0.102859735,-0.28540346,-0.107934654,-0.28799194,-0.0027170258,-0.47960925,-0.0061381124,-0.48642015
5,303,-0.11008446,-0.28341335,-0.115108736,-0.2858348,-0.0075873313,-0.4743728,-0.01097428,-0.48074418
5,304,-0.11722539,-0.28127092,-0.12219555,-0.2835208,-0.012401153,-0.46873558,-0.015751617,-0.4746555
5,305,-0.124275774,-0.27897978,-0.12918904,-0.28105375,-0.01715393,-0.46270707,-0.020466046,-0.46816418
5,306,-0.13122903,-0.27654365,-0.13608332,-0.27843764,-0.021841234,-0.45629704,-0.025113592,-0.46128058
5,307,-0.13807869,-0.27396637,-0.14287265,-0.2756765,-0.026458703,-0.4495156,-0.029690389,-0.45401534
5,308,-0.14481856,-0.27125186,-0.14955144,-0.27277452,-0.03100216,-0.4423731,-0.03419267,-0.44637957
5,309,-0.1514426,-0.2684042,-0.15611427,-0.2697359,-0.03546754,-0.43488023,-0.038616784,-0.43838426
5,310,-0.15794498,-0.26542732,-0.1625559,-0.26656502,-0.039850894,-0.4270474,-0.042959195,-0.43004096
5,311,-0.16432002,-0.26232547,-0.16887127,-0.26326635,-0.044148415,-0.4188857,-0.047216486,-0.4213614
5,312,-0.17056239,-0.25910282,-0.17505544,-0.25984436,-0.048356496,-0.41040617,-0.05138534,-0.41235733
5,313,-0.17666684,-0.25576365,-0.18110374,-0.25630364,-0.052471608,-0.40162003,-0.055462595,-0.4030409
5,314,-0.1826284,-0.2523123,-0.18701157,-0.25264892,-0.05649039,-0.39253876,-0.05944516,-0.39342448
5,315,-0.18844232,-0.24875313,-0.1927746,-0.24888486,-0.060409654,-0.38317373,-0.063330114,-0.38352033
5,316,-0.19410409,-0.2450906,-0.19838865,-0.24501629,-0.064226344,-0.3735368,-0.06711464,-0.37334126
5,317,-0.19960938,-0.2413291,-0.20384975,-0.24104802,-0.06793755,-0.3636394,-0.07079606,-0.3628998
5,318,-0.20495416,-0.23747319,-0.20915408,-0.23698498,-0.07154056,-0.3534936,-0.07437179,-0.35220903
5,319,-0.21013461,-0.23352742,-0.21429807,-0.23283207,-0.075032786,-0.34311137,-0.07783944,-0.34128174
5,320,-0.21514711,-0.22949636,-0.21927828,-0.22859427,-0.07841179,-0.33250472,-0.08119668,-0.3301311
5,321,-0.21998824,-0.22538462,-0.2240915,-0.22427659,-0.081675276,-0.3216858,-0.08444136,-0.3187703
5,322,-0.22465491,-0.22119677,-0.22873472,-0.21988402,-0.08482116,-0.31066656,-0.08757142,-0.30721244
5,323,-0.22914423,-0.21693757,-0.23320511,-0.21542166,-0.087847486,-0.29945964,-0.090584986,-0.29547092
5,324,-0.23345347,-0.21261162,-0.23750004,-0.21089455,-0.09075241,-0.28807703,-0.093480274,-0.28355905
5,325,-0.23758021,-0.20822361,-0.24161708,-0.20630775,-0.09353431,-0.2765312,-0.09625564,-0.27149013
5,326,-0.24152218,-0.20377825,-0.24555402,-0.20166636,-0.09619166,-0.2648344,-0.09890959,-0.25927752
5,327,-0.24527742,-0.19928026,-0.2493088,-0.19697542,-0.09872313,-0.25299916,-0.10144075,-0.2469346
5,328,-0.24884409,-0.19473435,-0.2528796,-0.19224006,-0.10112748,-0.24103782,-0.103847876,-0.23447475
5,329,-0.25222066,-0.19014528,-0.25626478,-0.1874653,-0.10340369,-0.22896291,-0.10612989,-0.22191124
5,330,-0.25540572,-0.18551779,-0.25946292,-0.18265618,-0.10555079,-0.2167869,-0.108285815,-0.20925735
5,331,-0.25839815,-0.18085659,-0.26247275,-0.17781776,-0.107568026,-0.20452219,-0.11031479,-0.19652635
5,332,-0.261197,-0.17616636,-0.26529324,-0.17295502,-0.10945478,-0.19218111,-0.11221612,-0.18373135
5,333,-0.26380157,-0.1714519,-0.26792353,-0.16807295,-0.11121057,-0.17977628,-0.11398925,-0.1708855
5,334,-0.26621133,-0.16671789,-0.27036294,-0.16317646,-0.11283503,-0.16732,-0.1156337,-0.15800169
5,335,-0.26842597,-0.16196907,-0.27261105,-0.1582705,-0.11432795,-0.15482475,-0.11714918,-0.14509295
5,336,-0.2704453,-0.1572101,-0.2746676,-0.15335988,-0.1156892,-0.1423028,-0.118535526,-0.13217197
5,337,-0.2722694,-0.15244567,-0.2765324,-0.14844945,-0.11691887,-0.12976651,-0.11979263,-0.11925151
5,338,-0.2738986,-0.14768039,-0.27820566,-0.14354396,-0.118017145,-0.11722793,-0.120920606,-0.10634403
5,339,-0.27533332,-0.14291891,-0.27968758,-0.13864811,-0.118984304,-0.10469939,-0.12191959,-0.09346191
5,340,-0.2765742,-0.13816583,-0.2809787,-0.13376658,-0.1198208,-0.092192926,-0.12278996,-0.080617465
5,341,-0.27762207,-0.13342571,-0.28207964,-0.12890393,-0.12052719,-0.07972058,-0.12353211,-0.0678227
5,342,-0.2784779,-0.12870307,-0.2829912,-0.124064684,-0.12110413,-0.06729422,-0.12414661,-0.05508954
5,343,-0.27914298,-0.12400241,-0.2837144,-0.119253315,-0.12155246,-0.054925688,-0.12463414,-0.04242971
5,344,-0.27961862,-0.11932817,-0.28425047,-0.11447421,-0.1218731,-0.042626675,-0.12499551,-0.029854774
5,345,-0.27990633,-0.11468476,-0.28460065,-0.10973166,-0.12206705,-0.03040879,-0.12523156,-0.017376032
5,346,-0.2800079,-0.11007644,-0.2847665,-0.10502991,-0.12213552,-0.018283235,-0.12534337,-0.005004641
5,347,-0.27992517,-0.1055076,-0.28474972,-0.100373104,-0.12207975,-0.0062615457,-0.12533206,0.0072484957
5,348,-0.27966022,-0.1009824,-0.2845521,-0.0957653,-0.12190115,0.005645303,-0.12519884,0.019372698
5,349,-0.27921525,-0.096505,-0.28417563,-0.09121047,-0.12160118,0.017426372,-0.12494506,0.031357512
5,350,-0.27859262,-0.09207949,-0.2836225,-0.08671251,-0.12118145,0.029070916,-0.12457218,0.04319269
5,351,-0.27779493,-0.087709874,-0.28289497,-0.0822752,-0.12064372,0.04056839,-0.12408174,0.054868285
5,352,-0.27682477,-0.083400115,-0.28199548,-0.077902235,-0.11998972,0.051908366,-0.12347538,0.06637456
5,353,-0.27568504,-0.07915403,-0.28092661,-0.07359722,-0.11922141,0.0630808,-0.12275484,0.077702045
5,354,-0.27437875,-0.074975386,-0.2796911,-0.069363646,-0.11834081,0.07407578,-0.12192196,0.08884157
5,355,-0.27290893,-0.07086784,-0.2782918,-0.06520491,-0.11734998,0.0848837,-0.12097866,0.099784166
5,356,-0.27127892,-0.06683496,-0.27673167,-0.0611243,-0.11625117,0.095495135,-0.11992696,0.110521205
5,357,-0.26949206,-0.06288023,-0.27501386,-0.05712499,-0.11504662,0.10590093,-0.11876896,0.12104431
5,358,-0.26755193,-0.059007,-0.2731416,-0.05321006,-0.113738745,0.1160923,-0.11750683,0.13134539
5,359,-0.26546207,-0.05521853,-0.2711182,-0.04938247,-0.11232994,0.12606065,-0.116142824,0.14141667
5,360,-0.26322633,-0.051517945,-0.26894715,-0.045645073,-0.11082279,0.13579774,-0.11467929,0.15125063
5,361,-0.26084858,-0.04790825,-0.26663202,-0.042000595,-0.10921991,0.1452957,-0.11311862,0.1608401
5,362,-0.25833276,-0.04439239,-0.26417652,-0.038451664,-0.10752395,0.15454674,-0.11146332,0.17017816
5,363,-0.25568298,-0.040973093,-0.26158437,-0.035000782,-0.105737686,0.16354369,-0.109715916,0.17925821
5,364,-0.2529034,-0.037653033,-0.25885952,-0.03165033,-0.10386393,0.17227954,-0.10787904,0.18807404
5,365,-0.24999829,-0.034434747,-0.25600585,-0.028402574,-0.10190555,0.18074758,-0.10595535,0.19661964
5,366,-0.24697198,-0.03132057,-0.2530275,-0.02525966,-0.09986546,0.18894172,-0.10394759,0.20488939
5,367,-0.24382897,-0.028312769,-0.24992852,-0.022223612,-0.09774671,0.19685593,-0.10185851,0.21287791
5,368,-0.2405737,-0.025413465,-0.24671316,-0.01929633,-0.09555228,0.20448467,-0.09969099,0.22058028
5,369,-0.2372108,-0.022624608,-0.2433857,-0.016479589,-0.093285285,0.21182281,-0.097447895,0.22799177
5,370,-0.23374481,-0.01994804,-0.23995048,-0.013775047,-0.09094881,0.21886547,-0.09513215,0.23510805
5,371,-0.2301805,-0.017385405,-0.23641193,-0.011184232,-0.08854605,0.22560836,-0.09274676,0.24192509
5,372,-0.22652256,-0.014938273,-0.23277448,-0.0087085515,-0.08608017,0.23204733,-0.0902947,0.24843918
5,373,-0.22277574,-0.0126080215,-0.22904268,-0.0063492833,-0.08355438,0.23817877,-0.08777902,0.25464696
5,374,-0.2189449,-0.010395907,-0.22522107,-0.0041075847,-0.08097195,0.24399936,-0.08520281,0.26054537
5,375,-0.21503486,-0.008303013,-0.22131428,-0.0019844864,-0.07833612,0.24950624,-0.08256918,0.26613176
5,376,-0.21105047,-0.006330289,-0.21732695,1.9105048e-05,-0.07565018,0.25469694,-0.07988126,0.27140367
5,377,-0.2069966,-0.0044785403,-0.21326376,0.0019024079,-0.0729174,0.25956932,-0.0771422,0.27635908
5,378,-0.20287816,-0.0027484186,-0.20912942,0.0036647646,-0.07014109,0.26412165,-0.07435517,0.28099623
5,379,-0.19870003,-0.0011404082,-0.20492867,0.0053056413,-0.06732454,0.26835272,-0.07152337,0.28531376
5,380,-0.19446711,0.0003450811,-0.20066623,0.0068246284,-0.064471066,0.27226138,-0.06864999,0.28931057
5,381,-0.19018427,0.0017078519,-0.1963469,0.008221438,-0.06158393,0.27584717,-0.06573826,0.29298592
5,382,-0.18585642,0.0029478408,-0.19197543,0.009495905,-0.058666453,0.27910984,-0.062791385,0.29633933
5,383,-0.1814884,0.0040651225,-0.1875566,0.010647983,-0.055721898,0.28204966,-0.05981257,0.2993707
5,384,-0.17708506,0.005059857,-0.18309519,0.011677749,-0.052753534,0.28466704,-0.056805063,0.30208027
5,385,-0.17265122,0.0059324168,-0.17859598,0.012585398,-0.04976461,0.28696296,-0.05377207,0.30446848
5,386,-0.16819164,0.006683264,-0.1740637,0.0133712385,-0.04675834,0.2889386,-0.050716788,0.30653623
5,387,-0.16371109,0.007313013,-0.16950314,0.014035701,-0.043737922,0.29059562,-0.04764244,0.30828458
5,388,-0.15921424,0.007822406,-0.16491899,0.014579327,-0.04070653,0.29193595,-0.04455219,0.30971497
5,389,-0.1547058,0.008212283,-0.16031598,0.015002772,-0.037667308,0.2929618,-0.041449223,0.31082916
5,390,-0.15019034,0.008483656,-0.15569876,0.015306806,-0.034623366,0.29367587,-0.038336683,0.31162915
5,391,-0.14567244,0.008637607,-0.151072,0.015492304,-0.031577777,0.29408094,-0.035217706,0.31211725
5,392,-0.1411566,0.00867537,-0.1464403,0.015560253,-0.028533572,0.2941803,-0.032095402,0.31229603
5,393,-0.13664724,0.008598279,-0.14180821,0.015511743,-0.02549374,0.29397744,-0.028972836,0.3121684
5,394,-0.13214877,0.008407768,-0.13718027,0.015347969,-0.022461249,0.29347616,-0.025853064,0.31173745
5,395,-0.12766548,0.008105401,-0.13256097,0.015070229,-0.019438984,0.2926806,-0.022739116,0.31100667
5,396,-0.123201564,0.0076928213,-0.12795469,0.014679917,-0.016429788,0.29159498,-0.019633949,0.30997965
5,397,-0.11876126,0.007171776,-0.12336583,0.014178528,-0.013436504,0.290224,-0.01654052,0.3086604
5,398,-0.114348605,0.0065441467,-0.11879867,0.013567649,-0.010461862,0.28857255,-0.013461727,0.30705303
5,399,-0.10996759,0.005811833,-0.11425747,0.01284896,-0.0075085475,0.28664568,-0.010400427,0.30516198
5,400,-0.10562214,0.004976865,-0.10974639,0.012024231,-0.00457921,0.28444868,-0.007359433,0.30299193
5,401,-0.101316124,0.004041359,-0.105269544,0.01109532,-0.0016764521,0.28198716,-0.0043415176,0.30054778
5,402,-0.097053245,0.003007464,-0.10083096,0.010064167,0.0011972252,0.27926674,-0.001349393,0.29783458
5,403,-0.09283717,0.001877483,-0.09643457,0.008932795,0.004039351,0.2762935,0.0016142834,0.29485765
5,404,-0.08867147,0.0006537363,-0.09208427,0.0077033066,0.0068475185,0.27307352,0.0045468905,0.29162258
5,405,-0.08455959,-0.0006613843,-0.08778384,0.0063778777,0.009619404,0.26961315,0.007445881,0.28813508
5,406,-0.08050491,-0.0020654388,-0.08353698,0.0049587586,0.01235273,0.26591873,0.01030876,0.28440103
5,407,-0.07651069,-0.0035558604,-0.0793473,0.0034482696,0.015045299,0.2619971,0.013133096,0.2804266
5,408,-0.0725801,-0.0051301196,-0.07521832,0.0018487974,0.017694976,0.25785488,0.015916508,0.276218
5,409,-0.0687162,-0.00678562,-0.07115347,0.0001627926,0.020299695,0.25349885,0.01865669,0.27178174
5,410,-0.06492197,-0.008519601,-0.06715608,-0.0016072338,0.022857448,0.24893634,0.021351399,0.26712438
5,411,-0.061200246,-0.010329429,-0.06322937,-0.003458713,0.025366321,0.24417427,0.023998458,0.26225272
5,412,-0.057553798,-0.012212303,-0.05937647,-0.005389022,0.027824452,0.23922,0.026595758,0.25717363
5,413,-0.053985246,-0.014165487,-0.055600416,-0.0073954873,0.030230073,0.2340807,0.02914126,0.25189415
5,414,-0.05049714,-0.016186122,-0.05190412,-0.009475386,0.032581463,0.22876395,0.031632993,0.24642146
5,415,-0.0470919,-0.018271342,-0.04829039,-0.011625951,0.03487699,0.22327726,0.03406907,0.24076281
5,416,-0.043771848,-0.020418327,-0.04476194,-0.0138443755,0.037115093,0.21762803,0.036447655,0.23492563
5,417,-0.04053919,-0.022624157,-0.041321363,-0.016127806,0.03929428,0.211824,0.038767006,0.22891739
5,418,-0.03739602,-0.0248859,-0.03797113,-0.018473368,0.041413143,0.20587283,0.041025452,0.22274567
5,419,-0.034344316,-0.027200643,-0.034713622,-0.020878145,0.04347035,0.1997822,0.04322139,0.21641816
5,420,-0.031385973,-0.029565487,-0.03155108,-0.023339199,0.045464616,0.19355974,0.045353312,0.20994256
5,421,-0.028522722,-0.031977456,-0.028485652,-0.025853561,0.047394782,0.18721329,0.047419768,0.20332669
5,422,-0.02575624,-0.034433577,-0.025519354,-0.028418243,0.049259715,0.18075067,0.0494194,0.19657841
5,423,-0.023088064,-0.036930937,-0.022654096,-0.031030234,0.05105837,0.17417954,0.051350918,0.18970565
5,424,-0.02051961,-0.039466564,-0.019891663,-0.033686515,0.052789807,0.16750771,0.05321312,0.18271635
5,425,-0.01805221,-0.0420375,-0.017233726,-0.036384042,0.054453123,0.160743,0.055004876,0.17561854
5,426,-0.01568706,-0.044640865,-0.014681834,-0.039119776,0.05604751,0.15389293,0.056725148,0.1684202
5,427,-0.013425257,-0.04727367,-0.01223742,-0.041890666,0.05757223,0.14696541,0.05837297,0.16112934
5,428,-0.011267807,-0.049933027,-0.0099017965,-0.04469365,0.059026603,0.13996804,0.059947453,0.15375406
5,429,-0.009215571,-0.05261598,-0.0076761567,-0.047525674,0.06041005,0.13290855,0.06144779,0.14630233
5,430,-0.0072693415,-0.0553197,-0.005561574,-0.050383687,0.061722033,0.12579444,0.06287327,0.13878225
5,431,-0.0054297782,-0.058041293,-0.003559003,-0.05326464,0.062962115,0.11863331,0.06422323,0.13120179
5,432,-0.003697414,-0.06077795,-0.0016692806,-0.056165494,0.064129926,0.11143252,0.06549713,0.12356897
5,433,-0.0020727552,-0.06352681,0.000106875974,-0.059083223,0.06522514,0.10419964,0.06669446,0.11589175
5,434,-0.0005561076,-0.06628509,0.0017688667,-0.062014814,0.06624754,0.09694197,0.06781484,0.10817805
5,435,0.00085224584,-0.06905,0.0033162092,-0.064957276,0.06719693,0.08966684,0.06885793,0.10043575
5,436,0.0021522082,-0.07181886,0.004748537,-0.067907624,0.06807326,0.08238134,0.06982348,0.0926727
5,437,0.0033436753,-0.07458891,0.006065601,-0.070862904,0.068876445,0.07509269,0.07071134,0.084896676
5,438,0.0044267327,-0.077357456,0.0072672646,-0.073820196,0.06960655,0.067808,0.0715214,0.07711536
5,439,0.005401522,-0.08012198,0.008353507,-0.076776594,0.07026368,0.0605339,0.07225365,0.069336385
5,440,0.0062682964,-0.08287972,0.009324418,-0.07972922,0.07084798,0.05327764,0.07290816,0.061567336
5,441,0.0070274174,-0.085628256,0.010180202,-0.082675256,0.07135972,0.04604561,0.073485054,0.05381564
5,442,0.0076792836,-0.08836499,0.01092117,-0.08561189,0.07179915,0.03884463,0.073984556,0.04608868
5,443,0.008224446,-0.091087475,0.011547742,-0.08853635,0.07216665,0.031681135,0.07440694,0.038393732
5,444,0.008663531,-0.09379326,0.012060448,-0.091445915,0.07246265,0.024561595,0.07475256,0.030737998
5,445,0.008997243,-0.09647995,0.012459922,-0.094337896,0.0726876,0.017492281,0.075021856,0.023128528
5,446,0.0092263855,-0.09914522,0.0127469,-0.09720966,0.07284208,0.010479348,0.07521532,0.015572245
5,447,0.0093518235,-0.10178676,0.012922224,-0.100058615,0.07292663,0.0035288336,0.0753335,0.00807599
5,448,0.009374533,-0.10440232,0.012986834,-0.1028822,0.072941944,-0.0033533007,0.075377055,0.00064648624
5,449,0.009295572,-0.10698971,0.012941768,-0.10567793,0.07288872,-0.010161332,0.07534667,-0.006709737
5,450,0.009116072,-0.10954678,0.012788162,-0.108443365,0.07276771,-0.016889572,0.07524313,-0.013986229
5,451,0.008837234,-0.112071455,0.012527245,-0.11117611,0.07257974,-0.023532575,0.07506724,-0.021176718
5,452,0.008460358,-0.11456165,0.012160339,-0.113873824,0.072325684,-0.03008485,0.0748199,-0.02827503
5,453,0.00798681,-0.11701542,0.011688856,-0.11653424,0.07200646,-0.036541298,0.074502066,-0.0352752
5,454,0.007418018,-0.11943081,0.011114296,-0.11915514,0.07162303,-0.042896744,0.07411475,-0.04217139
5,455,0.00675549,-0.121805936,0.010438242,-0.12173436,0.0711764,-0.04914625,0.07365901,-0.048957914
5,456,0.006000828,-0.124139026,0.009662364,-0.1242698,0.07066768,-0.055285152,0.07313597,-0.055629242
5,457,0.0051556677,-0.12642829,0.00878841,-0.12675942,0.07009794,-0.061308738,0.07254683,-0.062180027
5,458,0.00422173,-0.128672,0.007818205,-0.1292013,0.06946836,-0.06721246,0.0718928,-0.06860515
5,459,0.0032007955,-0.13086857,0.006753654,-0.13159347,0.068780124,-0.07299214,0.071175165,-0.07489951
5,460,0.002094712,-0.13301641,0.005596731,-0.13393413,0.0680345,-0.0786436,0.07039526,-0.08105833
5,461,0.0009053685,-0.13511395,0.004349481,-0.1362215,0.06723274,-0.084162734,0.06955447,-0.08707693
5,462,-0.00036525354,-0.1371598,0.0030140174,-0.1384539,0.066376194,-0.08954581,0.06865422,-0.0929509
5,463,-0.0017151497,-0.13915251,0.0015925191,-0.14062968,0.0654662,-0.09478911,0.06769596,-0.098675884
5,464,-0.003142234,-0.14109078,8.722609e-05,-0.1427473,0.064504184,-0.099889144,0.06668122,-0.10424782
5,465,-0.0046443753,-0.14297333,-0.0014995617,-0.14480525,0.06349157,-0.10484258,0.06561154,-0.109662786
5,466,-0.0062194057,-0.14479896,-0.0031654881,-0.14680216,0.06242981,-0.10964624,0.06448851,-0.1149171
5,467,-0.007865105,-0.14656655,-0.0049081426,-0.14873664,0.06132042,-0.114297174,0.06331376,-0.12000718
5,468,-0.009579182,-0.14827505,-0.006725065,-0.15060745,0.060164936,-0.118792616,0.06208894,-0.12492971
5,469,-0.01135933,-0.14992341,-0.008613745,-0.15241338,0.058964904,-0.12312985,0.060815748,-0.12968154
5,470,-0.013203196,-0.15151067,-0.010571629,-0.15415335,0.057721928,-0.1273063,0.05949591,-0.13425979
5,471,-0.0151083805,-0.15303601,-0.012596121,-0.15582627,0.056437608,-0.13131982,0.058131166,-0.13866164
5,472,-0.017072465,-0.15449859,-0.014684586,-0.15743122,0.055113588,-0.13516821,0.056723297,-0.14288461
5,473,-0.019092953,-0.15589768,-0.01683435,-0.15896727,0.053751543,-0.13884953,0.055274103,-0.14692634
5,474,-0.02116736,-0.15723261,-0.01904271,-0.16043362,0.05235315,-0.14236204,0.05378541,-0.15078464
5,475,-0.023293154,-0.15850276,-0.021306932,-0.16182953,0.050920118,-0.14570409,0.052259065,-0.1544576
5,476,-0.025467787,-0.15970764,-0.023624254,-0.16315433,0.04945416,-0.1488744,0.050696917,-0.15794347
5,477,-0.027688667,-0.16084668,-0.025991889,-0.16440745,0.047957033,-0.1518715,0.049100854,-0.1612407
5,478,-0.0299532,-0.1619195,-0.028407028,-0.16558835,0.04643047,-0.15469435,0.04747277,-0.16434793
5,479,-0.032258764,-0.16292584,-0.030866843,-0.16669661,0.044876255,-0.15734224,0.04581457,-0.16726401
5,480,-0.0346027,-0.16386537,-0.033368494,-0.16773187,0.043296166,-0.15981437,0.044128165,-0.16998802
5,481,-0.03698237,-0.16473785,-0.035909124,-0.16869383,0.041691992,-0.16211006,0.04241549,-0.17251916
5,482,-0.039395116,-0.16554317,-0.038485866,-0.16958228,0.04006552,-0.16422905,0.04067846,-0.17485687
5,483,-0.04183822,-0.16628125,-0.04109585,-0.17039709,0.038418584,-0.16617112,0.038919028,-0.17700084
5,484,-0.044309042,-0.16695209,-0.0437362,-0.17113818,0.03675296,-0.16793624,0.03713912,-0.17895083
5,485,-0.046804886,-0.16755567,-0.046404038,-0.17180558,0.03507047,-0.16952442,0.03534069,-0.18070689
5,486,-0.049323037,-0.1680922,-0.049096487,-0.17239933,0.033372942,-0.17093615,0.033525664,-0.18226919
5,487,-0.05186085,-0.16856182,-0.05181068,-0.17291962,0.031662162,-0.1721718,0.03169598,-0.18363819
5,488,-0.054415606,-0.16896471,-0.05454375,-0.17336664,0.029939959,-0.17323193,0.029853577,-0.18481441
5,489,-0.056984648,-0.16930121,-0.05729284,-0.17374067,0.028208125,-0.17411733,0.028000368,-0.18579857
5,490,-0.0595653,-0.16957171,-0.060055114,-0.1740421,0.026468467,-0.17482908,0.026138274,-0.18659171
5,491,-0.06215491,-0.16977657,-0.06282774,-0.17427135,0.024722766,-0.17536812,0.024269199,-0.1871949
5,492,-0.06475085,-0.16991633,-0.06560792,-0.1744289,0.022972802,-0.17573585,0.022395037,-0.18760945
5,493,-0.06735046,-0.16999146,-0.06839285,-0.1745153,0.02122036,-0.17593354,0.02051767,-0.18783683
5,494,-0.06995115,-0.17000258,-0.071179785,-0.17453119,0.019467195,-0.17596279,0.01863895,-0.18787862
5,495,-0.07255035,-0.16995037,-0.07396597,-0.17447723,0.017715031,-0.1758254,0.016760739,-0.18773665
5,496,-0.075145505,-0.16983548,-0.07674869,-0.1743542,0.015965592,-0.1755231,0.014884858,-0.1874129
5,497,-0.077734075,-0.16965868,-0.079525284,-0.17416286,0.014220595,-0.1750579,0.013013111,-0.18690947
5,498,-0.080313556,-0.16942073,-0.082293086,-0.17390412,0.012481725,-0.17443182,0.011147291,-0.18622865
5,499,-0.08288148,-0.16912256,-0.085049495,-0.17357886,0.010750645,-0.17364725,0.00928915,-0.18537281
5,500,-0.0836954,-0.28505805,-0.09148774,-0.36222264,0.01020197,-0.4787004,0.0049490216,-0.6817383
5,501,-0.09140997,-0.3393224,-0.10155235,-0.35970193,0.0050014523,-0.62148243,-0.0018356973,-0.67510575
5,502,-0.10188051,-0.36281705,-0.11151416,-0.3569559,-0.002056916,-0.68330234,-0.008551115,-0.6678803
5,503,-0.11284071,-0.36990052,-0.12136447,-0.35398942,-0.009445367,-0.7019406,-0.015191371,-0.66007483
5,504,-0.12357983,-0.36860597,-0.13109477,-0.35080767,-0.016684784,-0.69853437,-0.021750728,-0.6517029
5,505,-0.13393813,-0.36341906,-0.14069676,-0.3474159,-0.023667486,-0.6848864,-0.02822359,-0.64277834
5,506,-0.14394155,-0.35675085,-0.15016235,-0.3438195,-0.030410955,-0.66734076,-0.0346045,-0.6333154
5,507,-0.15365781,-0.34980953,-0.15948369,-0.34002414,-0.036960844,-0.6490765,-0.040888164,-0.6233289
5,508,-0.16314545,-0.34312442,-0.16865307,-0.33603552,-0.04335662,-0.6314865,-0.047069397,-0.6128339
5,509,-0.17244124,-0.3368615,-0.17766309,-0.3318595,-0.049623065,-0.6150073,-0.053143196,-0.60184586
5,510,-0.18156208,-0.33100897,-0.18650655,-0.3275021,-0.05577157,-0.59960794,-0.059104722,-0.59038055
5,511,-0.19051094,-0.32548168,-0.19517651,-0.32296944,-0.061804146,-0.58506435,-0.06494928,-0.578454
5,512,-0.19928263,-0.32017684,-0.20366621,-0.31826776,-0.067717284,-0.5711061,-0.070672326,-0.56608284
5,513,-0.20786801,-0.31499943,-0.2119692,-0.31340343,-0.07350483,-0.55748314,-0.07626951,-0.55328363
5,514,-0.21625686,-0.30987215,-0.22007924,-0.30838284,-0.07915989,-0.54399204,-0.081736624,-0.54007334
5,515,-0.22443916,-0.3047372,-0.22799037,-0.30321255,-0.084675714,-0.5304808,-0.087069646,-0.5264691
5,516,-0.23240598,-0.29955396,-0.2356969,-0.29789916,-0.09004628,-0.5168425,-0.09226474,-0.5124883
5,517,-0.2401494,-0.29429546,-0.24319333,-0.29244933,-0.095266245,-0.50300616,-0.09731821,-0.49814856
5,518,-0.24766272,-0.2889454,-0.25047448,-0.28686982,-0.100331105,-0.48892894,-0.102226555,-0.4834676
5,519,-0.25494015,-0.28349483,-0.25753546,-0.28116745,-0.10523694,-0.4745872,-0.10698648,-0.46846333
5,520,-0.2619766,-0.27794027,-0.26437157,-0.27534902,-0.10998032,-0.45997187,-0.11159482,-0.4531537
5,521,-0.26876774,-0.2722817,-0.2709784,-0.26942143,-0.11455835,-0.44508287,-0.11604858,-0.43755683
5,522,-0.27530968,-0.26652157,-0.27735186,-0.2633916,-0.118968375,-0.42992663,-0.12034503,-0.42169097
5,523,-0.28159901,-0.26066393,-0.28348807,-0.25726652,-0.12320812,-0.4145138,-0.12448156,-0.40557444
5,524,-0.28763267,-0.25471368,-0.28938347,-0.25105307,-0.12727551,-0.39885736,-0.12845574,-0.3892254
5,525,-0.29340798,-0.24867645,-0.29503474,-0.24475826,-0.13116874,-0.38297197,-0.13226536,-0.3726623
5,526,-0.29892242,-0.24255818,-0.30043882,-0.23838906,-0.13488612,-0.36687338,-0.13590834,-0.35590348
5,527,-0.3041739,-0.23636502,-0.30559295,-0.23195243,-0.13842621,-0.35057774,-0.13938282,-0.3389672
5,528,-0.30916053,-0.23010328,-0.31049466,-0.22545533,-0.14178778,-0.33410168,-0.14268714,-0.32187182
5,529,-0.31388068,-0.22377929,-0.3151417,-0.21890467,-0.14496972,-0.3174618,-0.1458198,-0.30463552
5,530,-0.318333,-0.21739936,-0.31953213,-0.21230742,-0.14797111,-0.3006747,-0.14877945,-0.28727663
5,531,-0.32251626,-0.21096988,-0.32366425,-0.20567042,-0.15079111,-0.28375724,-0.15156499,-0.26981315
5,532,-0.32642967,-0.20449717,-0.32753664,-0.19900051,-0.1534292,-0.26672605,-0.15417543,-0.25226307
5,533,-0.33007252,-0.19798766,-0.33114815,-0.1923045,-0.1558849,-0.24959803,-0.15661,-0.23464432
5,534,-0.3334443,-0.19144757,-0.33449793,-0.18558915,-0.15815787,-0.23238954,-0.15886815,-0.21697468
5,535,-0.3365449,-0.18488327,-0.3375853,-0.17886114,-0.16024804,-0.21511732,-0.1609494,-0.19927172
5,536,-0.33937433,-0.17830107,-0.34040993,-0.17212713,-0.1621554,-0.19779803,-0.16285352,-0.18155296
5,537,-0.34193274,-0.17170727,-0.34297168,-0.16539365,-0.16388008,-0.18044823,-0.16458045,-0.16383563
5,538,-0.34422064,-0.16510814,-0.34527075,-0.15866722,-0.16542238,-0.1630844,-0.16613029,-0.14613684
5,539,-0.3462387,-0.15850997,-0.34730753,-0.15195426,-0.1667828,-0.14572307,-0.16750331,-0.12847349
5,540,-0.3479878,-0.15191896,-0.34908265,-0.14526111,-0.1679619,-0.1283806,-0.16869995,-0.11086225
5,541,-0.3494691,-0.14534141,-0.350597,-0.138594,-0.16896045,-0.11107354,-0.1697208,-0.09331954
5,542,-0.3506839,-0.1387835,-0.3518517,-0.13195913,-0.16977938,-0.09381816,-0.1705666,-0.07586165
5,543,-0.35163373,-0.13225138,-0.35284817,-0.12536253,-0.17041966,-0.07663064,-0.17123835,-0.058504473
5,544,-0.35232046,-0.12575124,-0.353588,-0.11881018,-0.17088261,-0.059527263,-0.17173709,-0.041263714
5,545,-0.3527461,-0.119289145,-0.35407305,-0.11230794,-0.17116953,-0.042523988,-0.17206405,-0.024154833
5,546,-0.35291278,-0.11287114,-0.3543054,-0.105861574,-0.1712819,-0.025636734,-0.17222068,-0.0071929414
5,547,-0.35282305,-0.10650325,-0.35428727,-0.099476725,-0.1712214,-0.008881334,-0.17220846,0.009607078
5,548,-0.3524795,-0.100191474,-0.35402122,-0.093158916,-0.17098981,0.007726407,-0.17202912,0.026230697
5,549,-0.35188505,-0.09394166,-0.35351,-0.08691356,-0.17058909,0.02417112,-0.17168449,0.04266367
5,550,-0.3510428,-0.087759584,-0.35275647,-0.080745935,-0.17002133,0.04043759,-0.17117652,0.058892127
5,551,-0.34995613,-0.08165105,-0.3517638,-0.07466121,-0.16928877,0.05651057,-0.17050737,0.07490245
5,552,-0.34862852,-0.07562168,-0.35053536,-0.06866441,-0.1683938,0.07237523,-0.16967924,0.090681426
5,553,-0.3470638,-0.069676995,-0.34907463,-0.06276043,-0.16733901,0.088017076,-0.16869454,0.10621617
5,554,-0.34526592,-0.06382248,-0.34738535,-0.05695404,-0.16612703,0.103421666,-0.16755576,0.121494114
5,555,-0.34323904,-0.05806346,-0.3454714,-0.05124986,-0.16476068,0.118574984,-0.16626555,0.13650313
5,556,-0.3409876,-0.052405145,-0.3433369,-0.045652375,-0.16324294,0.13346332,-0.16482665,0.15123142
5,557,-0.33851615,-0.04685266,-0.34098607,-0.040165927,-0.1615769,0.1480732,-0.16324191,0.16566752
5,558,-0.33582947,-0.04141097,-0.3384233,-0.034794703,-0.15976577,0.16239153,-0.16151431,0.17980047
5,559,-0.33293256,-0.036084864,-0.33565322,-0.029542753,-0.15781291,0.17640574,-0.15964694,0.19361958
5,560,-0.32983062,-0.030879002,-0.3326805,-0.02441397,-0.15572183,0.19010358,-0.15764299,0.20711458
5,561,-0.32652888,-0.025797945,-0.3295101,-0.019412095,-0.15349607,0.20347302,-0.15550576,0.22027569
5,562,-0.32303298,-0.02084599,-0.32614696,-0.014540713,-0.15113944,0.21650276,-0.15323862,0.2330934
5,563,-0.31934848,-0.016027391,-0.3225963,-0.009803253,-0.14865565,0.22918162,-0.15084507,0.24555877
5,564,-0.31548128,-0.011346061,-0.3188634,-0.0052029863,-0.14604871,0.24149927,-0.14832865,0.25766313
5,565,-0.31143728,-0.006805863,-0.31495366,-0.0007430222,-0.14332259,0.2534456,-0.14569303,0.26939833
5,566,-0.30722263,-0.0024104156,-0.31087264,0.0035736912,-0.14048143,0.265011,-0.14294195,0.28075662
5,567,-0.30284354,0.0018368773,-0.30662596,0.0077443696,-0.1375294,0.27618665,-0.1400792,0.29173064
5,568,-0.29830638,0.0059327446,-0.3022194,0.011766393,-0.13447082,0.28696382,-0.13710865,0.3023135
5,569,-0.29361755,0.009874191,-0.29765877,0.015637306,-0.13131,0.29733467,-0.13403426,0.31249878
5,570,-0.2887836,0.013658401,-0.29295003,0.019354826,-0.12805137,0.3072918,-0.13086003,0.32228044
5,571,-0.2838112,0.01728278,-0.28809926,0.02291683,-0.12469939,0.3168284,-0.12759005,0.33165288
5,572,-0.27870706,0.020744916,-0.2831125,0.026321365,-0.1212586,0.32593808,-0.12422838,0.340611
5,573,-0.27347788,0.024042651,-0.27799594,0.029566653,-0.11773353,0.3346152,-0.120779224,0.3491501
5,574,-0.26813057,0.02717406,-0.2727559,0.03265108,-0.11412881,0.34285465,-0.11724682,0.35726595
5,575,-0.26267195,0.030137409,-0.26739857,0.035573203,-0.11044907,0.3506519,-0.11363536,0.36495474
5,576,-0.25710887,0.03293123,-0.2619304,0.03833175,-0.10669891,0.35800308,-0.10994919,0.3722131
5,577,-0.25144833,0.035554204,-0.25635776,0.04092561,-0.10288305,0.36490473,-0.106192574,0.37903816
5,578,-0.24569723,0.038005326,-0.2506871,0.043353856,-0.09900613,0.37135422,-0.10236988,0.38542745
5,579,-0.23986252,0.040283717,-0.24492492,0.045615718,-0.09507286,0.37734917,-0.09848551,0.39137894
5,580,-0.23395117,0.04238882,-0.2390777,0.0477106,-0.091087915,0.3828882,-0.0945438,0.39689103
5,581,-0.22797005,0.044320222,-0.23315199,0.04963807,-0.087055944,0.38797018,-0.09054918,0.40196264
5,582,-0.22192614,0.046077747,-0.2271543,0.05139787,-0.082981646,0.3925946,-0.08650604,0.4065931
5,583,-0.21582626,0.04766148,-0.22109121,0.052989908,-0.07886962,0.3967618,-0.08241881,0.4107821
5,584,-0.20967726,0.04907163,-0.21496925,0.054414243,-0.07472448,0.40047222,-0.07829189,0.4145299
5,585,-0.20348595,0.050308693,-0.20879495,0.05567111,-0.070550814,0.40372723,-0.0741297,0.417837
5,586,-0.19725907,0.05137333,-0.20257486,0.056760903,-0.06635317,0.40652853,-0.06993663,0.4207045
5,587,-0.19100331,0.052266415,-0.1963155,0.057684183,-0.062136058,0.40887848,-0.06571709,0.42313385
5,588,-0.18472528,0.052988995,-0.19002332,0.058441654,-0.057903938,0.4107797,-0.06147543,0.42512694
5,589,-0.17843156,0.053542327,-0.18370481,0.059034195,-0.05366123,0.41223568,-0.05721602,0.42668605
5,590,-0.1721286,0.053927857,-0.17736638,0.05946282,-0.04941231,0.4132501,-0.052943178,0.42781386
5,591,-0.1658228,0.05414718,-0.17101438,0.05972871,-0.045161467,0.41382718,-0.048661195,0.4285135
5,592,-0.15952045,0.054202113,-0.16465516,0.05983319,-0.040912945,0.41397172,-0.04437434,0.42878836
5,593,-0.1532278,0.054094598,-0.15829499,0.059777737,-0.03667097,0.4136888,-0.040086847,0.42864248
5,594,-0.14695098,0.05382674,-0.15194009,0.05956396,-0.032439657,0.412984,-0.035802905,0.42808
5,595,-0.14069593,0.053400826,-0.1455966,0.059193622,-0.028223028,0.41186336,-0.031526648,0.42710555
5,596,-0.13446863,0.05281927,-0.13927057,0.058668617,-0.024025103,0.41033313,-0.027262172,0.42572412
5,597,-0.12827486,0.052084636,-0.13296802,0.05799098,-0.01984978,0.40840015,-0.02301352,0.4239411
5,598,-0.12212029,0.05119962,-0.12669487,0.057162866,-0.015700884,0.40607145,-0.018784685,0.42176214
5,599,-0.11601052,0.05016705,-0.12045695,0.05618657,-0.011582185,0.40335456,-0.014579598,0.4191933
5,600,-0.109950975,0.048989885,-0.11425997,0.055064514,-0.0074973474,0.4002571,-0.010402114,0.4162409
5,601,-0.103946984,0.04767118,-0.1081096,0.05379923,-0.0034499578,0.39678735,-0.0062560467,0.41291162
5,602,-0.09800376,0.04621416,-0.10201137,0.05239337,0.00055646716,0.39295357,-0.0021451272,0.40921247
5,603,-0.09212635,0.044622045,-0.0959707,0.050849706,0.004518528,0.38876435,0.001926988,0.40515077
5,604,-0.0863197,0.04289825,-0.08999293,0.049171116,0.008432885,0.38422865,0.0059566973,0.400734
5,605,-0.080588594,0.041046273,-0.08408327,0.04736058,0.012296317,0.37935567,0.009940501,0.39597008
5,606,-0.07493772,0.039069634,-0.078246795,0.045421187,0.016105661,0.37415466,0.013874963,0.39086705
5,607,-0.069371596,0.03697199,-0.07248848,0.043356113,0.01985788,0.36863527,0.017756738,0.38543338
5,608,-0.06389457,0.03475705,-0.06681317,0.04116864,0.023550034,0.36280724,0.021582557,0.37967765
5,609,-0.058510885,0.032428604,-0.06122558,0.038862128,0.027179265,0.35668057,0.025349244,0.37360865
5,610,-0.053224653,0.029990468,-0.055730283,0.03644002,0.0307428,0.35026526,0.029053714,0.3672355
5,611,-0.04803977,0.02744658,-0.050331723,0.03390585,0.034238014,0.34357172,0.032692973,0.36056754
5,612,-0.04296006,0.024800856,-0.045034207,0.031263214,0.03766233,0.3366102,0.036264114,0.35361418
5,613,-0.03798915,0.022057299,-0.039841898,0.028515792,0.041013304,0.32939124,0.039764337,0.34638503
5,614,-0.03313051,0.019219927,-0.03475881,0.02566732,0.044288594,0.3219255,0.04319093,0.33889008
5,615,-0.028387498,0.0162928,-0.029788813,0.022721598,0.047485936,0.31422353,0.04654129,0.3311392
5,616,-0.023763284,0.01328003,-0.024935639,0.019682493,0.050603196,0.30629623,0.049812894,0.3231426
5,617,-0.019260876,0.01018573,-0.020202845,0.016553912,0.053638346,0.2981544,0.05300335,0.31491056
5,618,-0.014883161,0.007014025,-0.01559385,0.013339812,0.056589436,0.28980893,0.056110345,0.30645353
5,619,-0.0106328465,0.0037690662,-0.011111912,0.010044195,0.05945464,0.28127068,0.059131693,0.297782
5,620,-0.0065124705,0.00045497343,-0.0067601353,0.0066711027,0.062232256,0.27255052,0.0620653,0.2889066
5,621,-0.0025244653,-0.0029240362,-0.0025414627,0.0032246131,0.064920634,0.26365957,0.064909175,0.2798381
5,622,0.0013289414,-0.006363839,0.0015413201,-0.00029116828,0.06751828,0.25460866,0.06766145,0.27058727
5,623,0.0050456636,-0.009860273,0.005485589,-0.0038721093,0.07002378,0.24540873,0.070320345,0.26116496
5,624,0.0086237565,-0.0134092085,0.009288882,-0.0075140567,0.07243583,0.23607065,0.0728842,0.25158218
5,625,0.012061436,-0.017006494,0.012948899,-0.011212841,0.07475323,0.22660537,0.075351484,0.24184981
5,626,0.015357088,-0.020648021,0.016463501,-0.014964279,0.07697488,0.21702366,0.07772073,0.23197891
5,627,0.018509213,-0.024329714,0.019830719,-0.018764181,0.07909978,0.20733628,0.07999063,0.22198048
5,628,0.021516513,-0.028047483,0.02304874,-0.022608351,0.081127055,0.19755396,0.08215995,0.21186557
5,629,0.024377782,-0.03179728,0.026115919,-0.026492596,0.08305588,0.18768738,0.08422759,0.20164524
5,630,0.027092006,-0.03557511,0.029030774,-0.030412724,0.08488559,0.17774703,0.08619254,0.19133046
5,631,0.029658314,-0.039376978,0.031791985,-0.03436456,0.08661558,0.16774343,0.08805392,0.18093228
5,632,0.032075968,-0.043198917,0.034398396,-0.038343925,0.08824536,0.15768704,0.089810945,0.17046164
5,633,0.03434434,-0.047037084,0.03684901,-0.04234667,0.089774504,0.14758793,0.09146294,0.1599295
5,634,0.036463004,-0.05088758,0.039143004,-0.046368666,0.091202736,0.13745637,0.09300936,0.1493467
5,635,0.038431678,-0.054746572,0.0412797,-0.050405804,0.09252984,0.12730248,0.09444974,0.13872404
5,636,0.04025015,-0.058610316,0.04325859,-0.054454,0.09375571,0.11713607,0.09578375,0.1280723
5,637,0.04191838,-0.06247505,0.045079317,-0.058509205,0.09488029,0.106967054,0.097011134,0.11740212
5,638,0.04343648,-0.06633714,0.04674169,-0.062567405,0.095903665,0.09680501,0.09813177,0.10672405
5,639,0.044804674,-0.07019292,0.04824567,-0.06662462,0.09682599,0.086659566,0.09914562,0.096048586
5,640,0.046023328,-0.07403888,0.049591366,-0.07067692,0.0976475,0.07653995,0.100052774,0.08538603
5,641,0.047092926,-0.07787147,0.050779056,-0.07472042,0.09836854,0.066455506,0.10085342,0.07474665
5,642,0.048014063,-0.08168729,0.05180915,-0.078751266,0.09898949,0.056415215,0.101547815,0.064140566
5,643,0.0487875,-0.085482836,0.052682225,-0.08276568,0.09951088,0.046428245,0.10213637,0.053577702
5,644,0.04941408,-0.08925487,0.053398985,-0.086759925,0.09993327,0.036503144,0.10261955,0.04306793
5,645,0.049894754,-0.093000084,0.053960294,-0.090730324,0.10025729,0.02664862,0.102997944,0.032620884
5,646,0.05023065,-0.0967153,0.054367155,-0.094673246,0.10048373,0.016873024,0.103272215,0.022246143
5,647,0.050422955,-0.10039735,0.054620706,-0.09858514,0.10061336,0.007184704,0.10344313,0.011953035
5,648,0.050472986,-0.1040432,0.05472223,-0.10246253,0.10064709,-0.002408378,0.10351158,0.0017507323
5,649,0.050382163,-0.10764977,0.054673143,-0.10630198,0.10058587,-0.011898107,0.10347848,-0.008351746
5,650,0.050152037,-0.111214206,0.054474983,-0.11010014,0.100430734,-0.021276955,0.1033449,-0.018345596
5,651,0.04978421,-0.11473361,0.054129437,-0.113853745,0.10018278,-0.030537315,0.10311197,-0.028222196
5,652,0.049280476,-0.118205175,0.053638298,-0.11755959,0.099843204,-0.039671816,0.10278088,-0.037973132
5,653,0.04864263,-0.12162618,0.053003494,-0.12121454,0.09941322,-0.04867328,0.10235295,-0.047590148
5,654,0.047872644,-0.124993995,0.052227072,-0.12481557,0.09889416,-0.057534773,0.10182954,-0.05706529
5,655,0.046972524,-0.12830602,0.051311195,-0.1283597,0.098287374,-0.06624947,0.101212144,-0.06639074
5,656,0.045944434,-0.13155982,0.05025814,-0.13184407,0.09759432,-0.074810974,0.10050226,-0.075558916
5,657,0.044790577,-0.13475293,0.049070295,-0.13526589,0.09681649,-0.08321279,0.09970152,-0.0845625
5,658,0.043513294,-0.13788296,0.047750153,-0.13862245,0.09595545,-0.091448635,0.09881158,-0.09339439
5,659,0.042114954,-0.14094776,0.04630031,-0.14191113,0.09501281,-0.09951282,0.09783422,-0.10204769
5,660,0.040598046,-0.1439451,0.044723473,-0.14512941,0.09399024,-0.107399516,0.09677125,-0.11051572
5,661,0.038965132,-0.14687283,0.04302243,-0.14827487,0.09288946,-0.115103066,0.095624544,-0.11879215
5,662,0.037218865,-0.14972901,0.04120008,-0.15134516,0.09171227,-0.12261834,0.09439606,-0.12687081
5,663,0.035361987,-0.1525117,0.039259385,-0.15433806,0.09046052,-0.12994024,0.09308782,-0.1347458
5,664,0.0333973,-0.15521902,0.03720342,-0.15725142,0.089136094,-0.13706382,0.09170186,-0.14241153
5,665,0.031327646,-0.15784921,0.035035327,-0.16008317,0.087740906,-0.14398445,0.09024031,-0.14986254
5,666,0.029155988,-0.16040063,0.03275833,-0.16283138,0.08627695,-0.15069783,0.088705346,-0.1570937
5,667,0.026885334,-0.16287164,0.030375725,-0.1654942,0.084746264,-0.15719965,0.087099195,-0.16410021
5,668,0.024518784,-0.16526076,0.02789088,-0.1680699,0.08315093,-0.16348597,0.08542412,-0.17087746
5,669,0.022059444,-0.1675666,0.025307229,-0.1705568,0.08149305,-0.16955316,0.08368243,-0.17742106
5,670,0.019510534,-0.16978778,0.022628268,-0.17295338,0.07977479,-0.1753976,0.0818765,-0.18372704
5,671,0.0168753,-0.17192313,0.019857554,-0.17525819,0.07799833,-0.1810162,0.08000872,-0.18979152
5,672,0.014157083,-0.17397149,0.016998691,-0.1774699,0.07616594,-0.18640591,0.07808151,-0.19561103
5,673,0.011359204,-0.17593177,0.0140553415,-0.17958724,0.074279845,-0.19156386,0.076097354,-0.20118226
5,674,0.00848512,-0.17780302,0.01103121,-0.18160912,0.07234237,-0.19648758,0.07405874,-0.2065023
5,675,0.0055382513,-0.17958438,0.00793004,-0.18353449,0.07035584,-0.20117474,0.07196819,-0.21156837
5,676,0.002522111,-0.18127511,0.004755618,-0.18536243,0.068322614,-0.20562345,0.06982826,-0.21637811
5,677,-0.00055973604,-0.18287444,0.0015117622,-0.1870921,0.06624509,-0.20983164,0.06764152,-0.22092927
5,678,-0.003703747,-0.18438187,-0.001797678,-0.1887228,0.06412566,-0.21379805,0.06541057,-0.22522004
5,679,-0.0069063082,-0.18579677,-0.005168827,-0.19025393,0.061966762,-0.21752095,0.06313802,-0.22924878
5,680,-0.010163747,-0.18711886,-0.008597787,-0.19168495,0.05977087,-0.22099969,0.060826506,-0.23301412
5,681,-0.013472442,-0.18834773,-0.012080642,-0.19301544,0.05754042,-0.22423312,0.058478657,-0.23651496
5,682,-0.016828693,-0.18948317,-0.015613463,-0.19424513,0.055277918,-0.22722073,0.056097124,-0.23975056
5,683,-0.020228777,-0.19052504,-0.01919231,-0.19537379,0.052985866,-0.22996214,0.053684562,-0.24272032
5,684,-0.023669,-0.19147328,-0.022813238,-0.1964013,0.050666753,-0.23245716,0.05124364,-0.24542394
5,685,-0.027145604,-0.192328,-0.0264723,-0.19732767,0.048323117,-0.23470616,0.048777007,-0.24786144
5,686,-0.030654866,-0.19308923,-0.030165546,-0.198153,0.045957465,-0.23670912,0.046287328,-0.25003308
5,687,-0.034193024,-0.19375724,-0.03388904,-0.19887748,0.043572336,-0.2384668,0.043777257,-0.25193936
5,688,-0.03775634,-0.1943323,-0.037638843,-0.19950138,0.041170247,-0.23997992,0.04124945,-0.25358096
5,689,-0.041341078,-0.19481482,-0.041411046,-0.20002508,0.038753714,-0.24124953,0.03870655,-0.25495896
5,690,-0.044943497,-0.19520527,-0.04520174,-0.20044908,0.036325265,-0.2422769,0.03615118,-0.25607458
5,691,-0.048559878,-0.19550419,-0.04900705,-0.20077394,0.0338874,-0.24306343,0.033585954,-0.25692937
5,692,-0.052186497,-0.19571227,-0.052823115,-0.2010003,0.03144264,-0.24361093,0.031013483,-0.257525
5,693,-0.055819668,-0.19583017,-0.056646105,-0.20112893,0.028993458,-0.24392116,0.028436344,-0.25786343
5,694,-0.05945572,-0.1958587,-0.06047222,-0.20116068,0.026542336,-0.24399625,0.025857097,-0.257947
5,695,-0.06309104,-0.19579878,-0.0642977,-0.20109646,0.024091708,-0.24383858,0.02327828,-0.257778
5,696,-0.066721976,-0.19565132,-0.06811882,-0.20093729,0.021644033,-0.24345058,0.0207024,-0.25735918
5,697,-0.07034496,-0.19541734,-0.07193188,-0.20068425,0.019201718,-0.24283493,0.018131949,-0.25669336
5,698,-0.07395649,-0.19509797,-0.07573326,-0.20033853,0.016767127,-0.24199457,0.015569379,-0.2557837
5,699,-0.077553004,-0.19469437,-0.07951936,-0.19990137,0.014342658,-0.24093261,0.013017105,-0.25463346
5,700,-0.08291562,0.1771018,-0.072199255,0.36772954,0.010727631,0.7373493,0.017951708,1.2389351
5,701,-0.06943628,0.33082038,-0.053928185,0.36214927,0.019814275,1.1418185,0.030268539,1.2242521
5,702,-0.050585125,0.39748392,-0.035882737,0.35617062,0.03252215,1.3172256,0.042433273,1.2085209
5,703,-0.0307876,0.4162208,-0.018078264,0.34980357,0.04586799,1.3665267,0.054435562,1.1917677
5,704,-0.011340991,0.40990138,-0.0005297218,0.34305844,0.05897727,1.3498989,0.06626532,1.1740197
5,705,0.0074740537,0.39195865,0.016748337,0.3359459,0.0716608,1.3026874,0.07791275,1.1553049
5,706,0.025639322,0.3700421,0.033741783,0.3284769,0.08390631,1.2450199,0.08936831,1.1356523
5,707,0.0431821,0.34816134,0.050436925,0.32066262,0.09573219,1.1874466,0.10062278,1.1150911
5,708,0.06012733,0.3280954,0.0668205,0.31251457,0.10715524,1.1346484,0.11166722,1.0936517
5,709,0.076495156,0.31034982,0.08287972,0.30404443,0.11818907,1.0879557,0.12249301,1.0713648
5,710,0.09230524,0.2947824,0.098602235,0.29526412,0.1288469,1.0469942,0.1330918,1.0482618
5,711,0.10757877,0.28098464,0.11397618,0.2861858,0.13914303,1.0106891,0.14345564,1.0243746
5,712,0.12233816,0.2684916,0.12899016,0.27682173,0.14909258,0.977817,0.1535768,0.99973553
5,713,0.13660531,0.25688314,0.14363325,0.26718438,0.1587103,0.9472725,0.16344796,0.9743774
5,714,0.1504,0.24582122,0.15789503,0.25728628,0.16800953,0.918166,0.17306206,0.94833326
5,715,0.16373868,0.23505406,0.1717656,0.24714015,0.17700136,0.88983506,0.18241243,0.9216364
5,716,0.17663388,0.2244051,0.18523549,0.23675878,0.18569422,0.86181515,0.1914927,0.8943206
5,717,0.18909429,0.21375744,0.1982958,0.22615504,0.19409399,0.8337987,0.20029688,0.86641973
5,718,0.20112495,0.20303844,0.2109381,0.21534182,0.20220405,0.80559456,0.20881927,0.8379676
5,719,0.21272807,0.19220668,0.22315444,0.20433213,0.2100259,0.7770937,0.2170545,0.8089985
5,720,0.22390367,0.18124196,0.23493744,0.19313891,0.21755956,0.748243,0.22499761,0.7795466
5,721,0.23465003,0.17013782,0.24628016,0.1817752,0.22480386,0.71902543,0.23264393,0.749646
5,722,0.24496458,0.1588966,0.25717622,0.17025398,0.23175707,0.68944716,0.23998915,0.719331
5,723,0.25484398,0.14752579,0.26761973,0.15858819,0.23841694,0.65952796,0.24702929,0.68863565
5,724,0.26428482,0.13603604,0.27760527,0.1467908,0.24478117,0.62929577,0.2537607,0.657594
5,725,0.27328357,0.12443952,0.28712797,0.13487467,0.25084737,0.5987826,0.26018012,0.6262399
5,726,0.28183714,0.11274925,0.29618347,0.122852616,0.25661346,0.5680228,0.26628458,0.5946071
5,727,0.28994262,0.10097845,0.30476785,0.1107374,0.2620775,0.5370511,0.27207145,0.5627292
5,728,0.29759765,0.0891404,0.3128777,0.09854166,0.2672379,0.50590247,0.27753845,0.53063935
5,729,0.3048003,0.07724816,0.3205102,0.08627797,0.27209333,0.4746112,0.28268364,0.4983707
5,730,0.31154922,0.06531456,0.3276629,0.07395876,0.2766429,0.44321114,0.28750536,0.46595603
5,731,0.31784362,0.053352054,0.33433384,0.061596386,0.28088602,0.41173503,0.29200238,0.43342775
5,732,0.32368317,0.04137286,0.34052163,0.049203042,0.28482258,0.380215,0.29617366,0.400818
5,733,0.3290681,0.02938873,0.34622526,0.036790807,0.28845266,0.34868196,0.30001858,0.36815852
5,734,0.33399916,0.017411117,0.3514442,0.024371602,0.29177675,0.31716606,0.30353674,0.33548072
5,735,0.33847758,0.005451102,0.35617852,0.011957215,0.29479572,0.2856965,0.30672824,0.3028156
5,736,0.342505,-0.0064805783,0.3604285,-0.0004407344,0.29751068,0.2543015,0.30959323,0.27019373
5,737,0.3460835,-0.018373568,0.3641951,-0.012810786,0.299923,0.22300828,0.31213233,0.23764524
5,738,0.34921548,-0.030217905,0.3674796,-0.025141649,0.30203432,0.19184308,0.31434646,0.2051999
5,739,0.35190377,-0.04200391,0.37028372,-0.037422206,0.30384654,0.16083138,0.31623676,0.1728869
5,740,0.35415155,-0.05372222,0.37260967,-0.049641527,0.3053618,0.12999779,0.31780475,0.14073503
5,741,0.35596222,-0.065363795,0.37446007,-0.06178885,0.30658242,0.099366106,0.31905213,0.10877261
5,742,0.3573393,-0.07691996,0.3758379,-0.07385362,0.30751073,0.06895916,0.31998095,0.07702741
5,743,0.3582869,-0.088382155,0.37674657,-0.085825466,0.30814952,0.03879946,0.32059348,0.045526706
5,744,0.35880896,-0.099742234,0.37718993,-0.09769423,0.30850145,0.008908463,0.32089236,0.014297227
5,745,0.35890988,-0.110992074,0.3771722,-0.10944994,0.3085695,-0.020692475,0.3208804,-0.016634757
5,746,0.35859403,-0.12212393,0.376698,-0.12108281,0.30835655,-0.049982958,0.32056075,-0.047243543
5,747,0.35786614,-0.13313012,0.37577227,-0.1325833,0.3078659,-0.0789428,0.3199367,-0.07750401
5,748,0.35673094,-0.14400324,0.3744004,-0.14394207,0.30710062,-0.107552506,0.3190119,-0.10739156
5,749,0.35519332,-0.15473585,0.3725881,-0.15515,0.3060641,-0.13579248,0.31779018,-0.1368822
5,750,0.3532584,-0.1653207,0.3703414,-0.16619816,0.30475974,-0.16364366,0.31627566,-0.16595249
5,751,0.35093126,-0.17575069,0.36766672,-0.17707789,0.30319095,-0.1910874,0.31447262,-0.19457957
5,752,0.34821722,-0.18601876,0.36457083,-0.18778072,0.30136138,-0.2181051,0.31238562,-0.2227412
5,753,0.34512174,-0.19611788,0.36106074,-0.19829844,0.29927468,-0.2446782,0.3100194,-0.25041574
5,754,0.34165037,-0.20604114,0.35714388,-0.20862304,0.29693457,-0.2707886,0.30737898,-0.27758217
5,755,0.33780882,-0.21578169,0.3528279,-0.21874675,0.2943449,-0.29641825,0.30446953,-0.30422
5,756,0.33360285,-0.22533274,0.34812084,-0.22866207,0.2915096,-0.32154927,0.3012964,-0.3303095
5,757,0.32903853,-0.23468757,0.34303093,-0.23836173,0.28843272,-0.346164,0.2978652,-0.35583156
5,758,0.32412198,-0.24383947,0.33756673,-0.2478387,0.2851184,-0.37024477,0.2941817,-0.38076767
5,759,0.3188595,-0.2527819,0.3317371,-0.2570862,0.28157085,-0.39377436,0.29025185,-0.40509996
5,760,0.31325755,-0.26150832,0.32555112,-0.26609766,0.27779448,-0.4167356,0.2860818,-0.42881122
5,761,0.30732277,-0.27001226,0.3190181,-0.2748669,0.27379376,-0.43911144,0.28167778,-0.45188513
5,762,0.30106205,-0.27828744,0.3121476,-0.28338784,0.2695733,-0.46088535,0.27704626,-0.4743057
5,763,0.29448235,-0.28632763,0.30494946,-0.29165477,0.26513782,-0.48204097,0.27219388,-0.4960579
5,764,0.287591,-0.29412684,0.29743367,-0.2996622,0.26049227,-0.50256246,0.26712736,-0.51712734
5,765,0.28039542,-0.30167913,0.2896105,-0.30740494,0.25564158,-0.52243435,0.26185364,-0.53750026
5,766,0.27290326,-0.3089788,0.2814904,-0.31487805,0.250591,-0.5416414,0.25637972,-0.5571637
5,767,0.26512247,-0.31602037,0.2730839,-0.32207686,0.24534585,-0.56016946,0.25071278,-0.5761055
5,768,0.2570611,-0.32279852,0.26440185,-0.32899702,0.23991154,-0.5780043,0.24486007,-0.594314
5,769,0.24872755,-0.32930818,0.2554552,-0.33563444,0.23429374,-0.59513277,0.23882897,-0.6117786
5,770,0.24013035,-0.33554456,0.24625506,-0.34198534,0.22849824,-0.6115421,0.232627,-0.6284893
5,771,0.23127837,-0.3415032,0.23681267,-0.34804618,0.22253098,-0.6272207,0.22626173,-0.6444368
5,772,0.22218071,-0.3471799,0.22713943,-0.35381377,0.21639809,-0.6421574,0.21974084,-0.65961266
5,773,0.21284653,-0.35257077,0.21724685,-0.35928515,0.21010576,-0.656342,0.21307209,-0.6740091
5,774,0.2032855,-0.35767227,0.20714651,-0.36445776,0.20366052,-0.66976523,0.20626329,-0.68761945
5,775,0.19350733,-0.36248127,0.19685015,-0.3693292,0.19706888,-0.6824188,0.19932234,-0.70043737
5,776,0.18352206,-0.3669948,0.18636957,-0.37389752,0.19033766,-0.694295,0.19225721,-0.71245766
5,777,0.17333998,-0.37121058,0.17571661,-0.37816095,0.18347375,-0.70538765,0.18507588,-0.7236757
5,778,0.16297151,-0.37512648,0.16490321,-0.38211814,0.17648418,-0.7156913,0.17778638,-0.734088
5,779,0.15242742,-0.37874085,0.15394135,-0.3857679,0.16937624,-0.72520155,0.1703968,-0.7436914
5,780,0.14171861,-0.3820525,0.14284304,-0.3891095,0.16215727,-0.7339153,0.16291526,-0.75248384
5,781,0.13085628,-0.38506046,0.13162032,-0.39214242,0.15483479,-0.74182993,0.15534985,-0.7604642
5,782,0.11985175,-0.38776433,0.12028525,-0.39486647,0.14741646,-0.74894446,0.14770868,-0.76763177
5,783,0.10871665,-0.39016405,0.10884988,-0.39728174,0.1399101,-0.7552586,0.13999991,-0.77398694
5,784,0.09746273,-0.39226,0.09732626,-0.39938873,0.13232365,-0.76077354,0.13223165,-0.77953094
5,785,0.086101964,-0.39405286,0.0857264,-0.40118808,0.12466517,-0.765491,0.12441199,-0.7842654
5,786,0.07464649,-0.39554384,0.074062295,-0.40268087,0.116942845,-0.7694141,0.11654903,-0.7881933
5,787,0.06310856,-0.39673442,0.062345885,-0.40386844,0.10916494,-0.7725468,0.1086508,-0.79131806
5,788,0.051500734,-0.39762646,0.05058905,-0.40475237,0.101339914,-0.774894,0.10072534,-0.7936439
5,789,0.03983554,-0.3982222,0.038803615,-0.40533462,0.09347621,-0.77646154,0.09278057,-0.7951759
5,790,0.02812567,-0.39852425,0.027001299,-0.40561736,0.0855824,-0.7772563,0.084824435,-0.7959199
5,791,0.016383942,-0.3985356,0.015193754,-0.40560314,0.0776671,-0.7772862,0.07686478,-0.79588246
5,792,0.004623145,-0.3982594,0.0033925148,-0.4052947,0.069738954,-0.7765594,0.06890937,-0.7950709
5,793,-0.007143721,-0.39769924,-0.008390992,-0.40469506,0.06180672,-0.77508545,0.06096591,-0.7934931
5,794,-0.018903736,-0.39685905,-0.020145467,-0.40380764,0.053879097,-0.7728747,0.053042028,-0.7911581
5,795,-0.030644003,-0.39574286,-0.03185974,-0.402636,0.04596479,-0.7699378,0.045145243,-0.7880752
5,796,-0.04235162,-0.39435506,-0.043522798,-0.40118396,0.038072493,-0.76628613,0.03728298,-0.7842546
5,797,-0.05401373,-0.3927004,-0.055123772,-0.3994557,0.030210871,-0.7619324,0.029462572,-0.77970713
5,798,-0.065617576,-0.39078367,-0.06665196,-0.39745548,0.022388527,-0.756889,0.02169123,-0.7744441
5,799,-0.07715057,-0.38860992,-0.07809686,-0.395188,0.014613947,-0.7511694,0.013976037,-0.76847786
5,800,-0.08860025,-0.38618445,-0.0894481,-0.39265805,0.006895529,-0.7447874,0.006323977,-0.761821
5,801,-0.09995425,-0.38351274,-0.100695565,-0.38987067,-0.00075838855,-0.7377575,-0.0012581231,-0.7544867
5,802,-0.11120061,-0.3806004,-0.11182929,-0.38683116,-0.008339746,-0.73009443,-0.00876355,-0.74648905
5,803,-0.12232746,-0.3774532,-0.12283955,-0.383545,-0.015840542,-0.7218135,-0.016185747,-0.73784244
5,804,-0.13332325,-0.374077,-0.1337168,-0.3800179,-0.023252985,-0.71292984,-0.023518287,-0.7285618
5,805,-0.14417678,-0.37047786,-0.1444518,-0.37625572,-0.030569527,-0.7034597,-0.03075492,-0.7186626
5,806,-0.15487711,-0.36666188,-0.15503545,-0.3722645,-0.037782796,-0.693419,-0.037889536,-0.7081608
5,807,-0.16541368,-0.3626353,-0.16545896,-0.3680505,-0.044885665,-0.68282413,-0.044916194,-0.69707274
5,808,-0.17577629,-0.35840443,-0.17571373,-0.3636201,-0.051871274,-0.6716917,-0.051829103,-0.6854154
5,809,-0.18595515,-0.3539756,-0.18579146,-0.3589799,-0.058733013,-0.6600384,-0.058622666,-0.673206
5,810,-0.19594088,-0.34935525,-0.19568409,-0.3541366,-0.065464556,-0.6478812,-0.06529145,-0.660462
5,811,-0.20572448,-0.3445498,-0.2053838,-0.34909695,-0.07205984,-0.635237,-0.07183019,-0.6472016
5,812,-0.21529739,-0.3395658,-0.21488312,-0.34386805,-0.07851309,-0.62212294,-0.07823383,-0.6334431
5,813,-0.22465153,-0.3344098,-0.22417472,-0.33845693,-0.08481888,-0.6085563,-0.08449746,-0.61920524
5,814,-0.23377922,-0.32908833,-0.23325169,-0.33287078,-0.09097201,-0.59455425,-0.09061639,-0.6045068
5,815,-0.24267317,-0.32360798,-0.24210732,-0.32711688,-0.09696756,-0.5801342,-0.096586116,-0.5893669
5,816,-0.25132668,-0.31797534,-0.2507352,-0.32120267,-0.10280104,-0.5653134,-0.10240231,-0.5738053
5,817,-0.25973332,-0.31219703,-0.25912923,-0.31513554,-0.10846809,-0.5501093,-0.10806086,-0.55784124
5,818,-0.26788715,-0.30627966,-0.2672836,-0.30892307,-0.11396472,-0.5345394,-0.11355785,-0.5414948
5,819,-0.27578264,-0.30022988,-0.27519274,-0.30257285,-0.11928721,-0.51862097,-0.11888954,-0.5247859
5,820,-0.2834148,-0.2940542,-0.2828515,-0.2960925,-0.12443218,-0.5023714,-0.12405243,-0.5077346
5,821,-0.29077885,-0.28775942,-0.29025486,-0.28948978,-0.1293964,-0.48580834,-0.12904316,-0.4903613
5,822,-0.29787052,-0.28135207,-0.29739824,-0.28277233,-0.134177,-0.4689491,-0.13385864,-0.47268614
5,823,-0.30468586,-0.2748388,-0.30427733,-0.275948,-0.13877134,-0.4518112,-0.13849594,-0.4547297
5,824,-0.31122133,-0.26822633,-0.31088808,-0.26902446,-0.143177,-0.43441224,-0.14295235,-0.43651232
5,825,-0.3174737,-0.26152122,-0.31722677,-0.26200956,-0.14739184,-0.41676953,-0.14722537,-0.4180545
5,826,-0.3234402,-0.2547302,-0.32329002,-0.25491107,-0.15141395,-0.39890078,-0.15131271,-0.3993767
5,827,-0.3291182,-0.24785995,-0.32907468,-0.24773677,-0.15524158,-0.38082358,-0.15521224,-0.38049945
5,828,-0.3345055,-0.24091712,-0.33457795,-0.24049439,-0.15887325,-0.36255538,-0.15892209,-0.36144307
5,829,-0.33960024,-0.23390841,-0.33979735,-0.23319168,-0.1623077,-0.34411386,-0.16244057,-0.34222797
5,830,-0.34440073,-0.22684065,-0.34473065,-0.22583637,-0.1655438,-0.3255169,-0.1657662,-0.32287443
5,831,-0.34890574,-0.21972042,-0.34937593,-0.21843612,-0.1685807,-0.30678195,-0.16889766,-0.30340266
5,832,-0.35311416,-0.21255459,-0.35373163,-0.21099855,-0.17141765,-0.287927,-0.1718339,-0.2838327
5,833,-0.35702518,-0.20534983,-0.35779643,-0.20353125,-0.17405413,-0.2689696,-0.17457405,-0.2641845
5,834,-0.36063832,-0.198113,-0.36156932,-0.19604175,-0.17648982,-0.2499278,-0.1771174,-0.24447788
5,835,-0.36395326,-0.19085085,-0.36504954,-0.18853751,-0.17872447,-0.23081943,-0.17946349,-0.22473249
5,836,-0.36697003,-0.18357018,-0.36823666,-0.18102589,-0.18075813,-0.21166228,-0.18161198,-0.20496768
5,837,-0.36968884,-0.17627785,-0.37113062,-0.17351425,-0.18259092,-0.19247447,-0.18356284,-0.1852028
5,838,-0.3721101,-0.16898057,-0.37373146,-0.1660098,-0.18422313,-0.17327364,-0.18531612,-0.16545686
5,839,-0.37423462,-0.16168529,-0.37603965,-0.1585197,-0.1856553,-0.15407807,-0.18687211,-0.14574867
5,840,-0.37606326,-0.15439875,-0.37805587,-0.151051,-0.18688802,-0.1349055,-0.18823127,-0.12609679
5,841,-0.3775973,-0.1471278,-0.3797811,-0.14361067,-0.18792215,-0.11577396,-0.18939428,-0.106519565
5,842,-0.3788381,-0.13987923,-0.38121662,-0.13620555,-0.18875858,-0.096701264,-0.19036198,-0.087034985
5,843,-0.37978733,-0.13265987,-0.38236386,-0.12884243,-0.18939848,-0.07770546,-0.19113536,-0.06766089
5,844,-0.38044688,-0.12547642,-0.38322464,-0.12152792,-0.18984309,-0.058804143,-0.19171563,-0.04841472
5,845,-0.380819,-0.11833562,-0.38380095,-0.11426855,-0.19009393,-0.040015046,-0.19210413,-0.02931364
5,846,-0.380906,-0.11124417,-0.38409513,-0.107070744,-0.19015259,-0.021355804,-0.19230244,-0.010374546
5,847,-0.3807105,-0.10420872,-0.38410965,-0.099940784,-0.19002081,-0.002843905,-0.19231223,0.00838603
5,848,-0.38023546,-0.09723586,-0.3838473,-0.092884816,-0.18970057,0.015503317,-0.19213536,0.026951917
5,849,-0.379484,-0.090332195,-0.38331106,-0.08590887,-0.189194,0.033668455,-0.19177389,0.045307256
5,850,-0.37845948,-0.08350408,-0.3825042,-0.07901883,-0.18850335,0.051634807,-0.19122995,0.06343654
5,851,-0.37716547,-0.07675797,-0.38143018,-0.07222046,-0.18763104,0.069385394,-0.19050595,0.08132463
5,852,-0.3756059,-0.07010013,-0.38009268,-0.06551935,-0.18657972,0.08690371,-0.18960433,0.09895681
5,853,-0.37378496,-0.06353673,-0.3784956,-0.05892097,-0.18535218,0.104173526,-0.1885277,0.11631867
5,854,-0.3717069,-0.05707391,-0.3766431,-0.052430626,-0.18395133,0.12117872,-0.1872789,0.13339627
5,855,-0.3693764,-0.050717633,-0.37453943,-0.04605348,-0.18238029,0.13790356,-0.18586078,0.15017602
5,856,-0.36679825,-0.04447371,-0.37218913,-0.039794534,-0.18064232,0.15433276,-0.1842764,0.16664475
5,857,-0.36397755,-0.03834785,-0.36959693,-0.03365864,-0.17874084,0.1704513,-0.18252896,0.18278971
5,858,-0.36091956,-0.032345664,-0.3667677,-0.027650474,-0.1766794,0.18624446,-0.18062173,0.1985986
5,859,-0.3576299,-0.026472498,-0.36370653,-0.02177456,-0.17446178,0.20169811,-0.17855814,0.21405949
5,860,-0.3541142,-0.020733643,-0.36041865,-0.016035257,-0.1720918,0.21679837,-0.17634173,0.22916092
5,861,-0.35037848,-0.01513413,-0.3569095,-0.010436749,-0.16957349,0.231532,-0.17397617,0.2438919
5,862,-0.34642887,-0.009678882,-0.35318464,-0.004983052,-0.16691099,0.24588601,-0.17146517,0.25824183
5,863,-0.34227166,-0.0043725558,-0.3492498,0.00032199128,-0.16410854,0.25984818,-0.16881263,0.27220064
5,864,-0.33791336,0.00078031793,-0.34511083,0.005474713,-0.16117054,0.2734066,-0.16602248,0.2857586
5,865,-0.3333607,0.0057754777,-0.3407738,0.0104716215,-0.15810153,0.28655002,-0.16309881,0.29890665
5,866,-0.3286205,0.010608863,-0.33624482,0.015309403,-0.15490606,0.29926777,-0.16004576,0.31163597
5,867,-0.32369968,0.015276577,-0.33153015,0.019984925,-0.15158887,0.3115496,-0.15686752,0.32393837
5,868,-0.3186054,0.01977504,-0.32663622,0.024495237,-0.14815472,0.3233861,-0.15356845,0.335806
5,869,-0.31334493,0.024100836,-0.3215695,0.02883757,-0.14460856,0.3347683,-0.15015288,0.34723175
5,870,-0.30792555,0.028250866,-0.31633663,0.033009343,-0.14095527,0.34568796,-0.14662531,0.3582086
5,871,-0.30235472,0.032222174,-0.3109443,0.03700816,-0.13719988,0.3561374,-0.14299025,0.36873043
5,872,-0.29663995,0.036012117,-0.30539927,0.0408318,-0.13334745,0.3661096,-0.13925226,0.37879133
5,873,-0.2907888,0.0396183,-0.29970846,0.04447825,-0.1294031,0.3755983,-0.13541599,0.38838598
5,874,-0.28480896,0.043038566,-0.29387882,0.047945663,-0.125372,0.38459784,-0.13148613,0.39750955
5,875,-0.27870813,0.046271022,-0.28791735,0.0512324,-0.121259324,0.39310318,-0.12746741,0.4061577
5,876,-0.27249402,0.049314003,-0.28183115,0.054336995,-0.11707029,0.40111,-0.1233646,0.41432664
5,877,-0.26617438,0.052166156,-0.27562734,0.057258178,-0.11281011,0.40861464,-0.11918251,0.42201293
5,878,-0.25975695,0.05482635,-0.2693131,0.05999486,-0.10848402,0.41561422,-0.11492598,0.4292138
5,879,-0.25324953,0.05729369,-0.26289567,0.06254615,-0.10409726,0.42210636,-0.11059988,0.43592682
5,880,-0.24665986,0.05956757,-0.2563823,0.06491134,-0.099655055,0.42808947,-0.10620911,0.44215018
5,881,-0.23999564,0.061647628,-0.24978021,0.067089915,-0.0951626,0.43356258,-0.10175853,0.4478825
5,882,-0.2332646,0.06353373,-0.24309675,0.06908153,-0.090625085,0.43852535,-0.09725311,0.4531229
5,883,-0.22647436,0.06522603,-0.23633921,0.07088604,-0.08604768,0.4429782,-0.09269774,0.45787096
5,884,-0.21963258,0.06672488,-0.22951488,0.072503485,-0.081435524,0.44692203,-0.08809734,0.46212685
5,885,-0.21274678,0.068030864,-0.22263108,0.07393408,-0.07679369,0.45035836,-0.08345686,0.4658911
5,886,-0.20582448,0.069144845,-0.21569507,0.07517822,-0.07212725,0.4532895,-0.07878118,0.46916473
5,887,-0.19887306,0.07006787,-0.20871413,0.076236494,-0.06744119,0.4557182,-0.074075215,0.47194925
5,888,-0.19189988,0.0708012,-0.20169549,0.07710965,-0.06274045,0.45764777,-0.069343835,0.47424677
5,889,-0.18491222,0.07134634,-0.19464637,0.07779863,-0.058029953,0.45908216,-0.06459191,0.4760596
5,890,-0.1779172,0.07170503,-0.18757394,0.07830452,-0.053314496,0.46002594,-0.059824266,0.47739074
5,891,-0.1709219,0.07187909,-0.18048532,0.07862862,-0.048598856,0.46048394,-0.055045713,0.4782435
5,892,-0.16393332,0.07187067,-0.17338757,0.078772366,-0.043887734,0.4604618,-0.050261002,0.47862175
5,893,-0.15695825,0.07168206,-0.1662877,0.07873736,-0.03918573,0.4599655,-0.045474865,0.47852966
5,894,-0.15000352,0.07131565,-0.15919265,0.07852539,-0.03449743,0.4590014,-0.04069197,0.47797188
5,895,-0.1430757,0.07077413,-0.15210931,0.078138374,-0.029827274,0.4575765,-0.035916977,0.47695354
5,896,-0.13618131,0.07006027,-0.14504446,0.077578396,-0.025179649,0.4556982,-0.031154444,0.47548014
5,897,-0.12932675,0.06917705,-0.1380048,0.07684771,-0.020558873,0.45337424,-0.02640889,0.4735575
5,898,-0.12251824,0.06812753,-0.13099694,0.07594869,-0.01596915,0.45061272,-0.02168478,0.471192
5,899,-0.115761936,0.066914976,-0.12402743,0.07488387,-0.011414612,0.4474222,-0.01698652,0.4683902
5,900,-0.109063804,0.06554277,-0.117102675,0.07365593,-0.006899291,0.44381163,-0.012318427,0.46515924
5,901,-0.10242969,0.06401439,-0.11022898,0.072267674,-0.0024271237,0.4397901,-0.007684754,0.46150637
5,902,-0.09586528,0.0623335,-0.103412546,0.07072204,0.0019980522,0.43536726,-0.0030896848,0.45743948
5,903,-0.089376144,0.060503814,-0.09665947,0.06902211,0.006372485,0.43055296,0.0014626775,0.45296654
5,904,-0.08296768,0.05852917,-0.0899757,0.067171074,0.010692534,0.4253572,0.0059683146,0.44809604
5,905,-0.07664516,0.056413535,-0.08336708,0.06517223,0.014954653,0.41979048,0.010423294,0.44283664
5,906,-0.07041365,0.05416092,-0.0768393,0.06302903,0.019155415,0.41386333,0.014823779,0.43719736
5,907,-0.064278126,0.051775437,-0.070397936,0.06074499,0.023291472,0.40758657,0.019166008,0.43118754
5,908,-0.058243334,0.049261313,-0.06404842,0.05832376,0.027359625,0.40097135,0.023446323,0.42481673
5,909,-0.052313924,0.04662282,-0.057796016,0.055769086,0.031356737,0.3940288,0.027661169,0.41809478
5,910,-0.046494342,0.04386424,-0.05164587,0.053084802,0.035279814,0.38677037,0.031807084,0.4110318
5,911,-0.04078888,0.040989976,-0.045602966,0.050274834,0.03912596,0.37920755,0.035880707,0.40363812
5,912,-0.035201658,0.0380045,-0.03967213,0.0473432,0.0428924,0.37135205,0.039878782,0.39592433
5,913,-0.02973663,0.03491227,-0.033858027,0.04429398,0.046576466,0.36321568,0.043798164,0.38790113
5,914,-0.024397604,0.03171782,-0.02816517,0.041131355,0.050175592,0.35481033,0.04763581,0.3795795
5,915,-0.019188188,0.02842569,-0.022597902,0.03785956,0.053687345,0.34614798,0.0513888,0.37097067
5,916,-0.014111813,0.025040481,-0.01716041,0.034482896,0.05710941,0.3372407,0.0550543,0.36208588
5,917,-0.009171758,0.021566782,-0.011856692,0.031005723,0.060439583,0.3281006,0.058629625,0.35293666
5,918,-0.0043711327,0.018009223,-0.006690585,0.027432457,0.06367576,0.31873983,0.062112182,0.34353456
5,919,0.00028713793,0.014372423,-0.0016657538,0.023767559,0.06681598,0.30917057,0.06549951,0.33389136
5,920,0.004800331,0.010661032,0.0032143134,0.020015538,0.0698584,0.29940504,0.068789236,0.32401893
5,921,0.009165827,0.0068796687,0.007946305,0.016180944,0.072801255,0.28945538,0.07197915,0.3139292
5,922,0.013381254,0.0030329414,0.012527086,0.012268357,0.07564294,0.27933377,0.07506713,0.3036343
5,923,0.017444339,-0.0008744933,0.016953703,0.008282387,0.07838193,0.2690524,0.07805119,0.29314628
5,924,0.02135304,-0.0048380345,0.021223383,0.0042276694,0.08101685,0.25862342,0.08092945,0.28247738
5,925,0.025105473,-0.008853119,0.025333531,0.00010885722,0.08354643,0.24805878,0.08370017,0.27163982
5,926,0.028699894,-0.0129151605,0.02928174,-0.004069382,0.085969485,0.23737061,0.08636172,0.26064593
5,927,0.03213476,-0.017019644,0.033065777,-0.008302371,0.088284984,0.22657077,0.088912606,0.24950795
5,928,0.035408694,-0.021162078,0.036683597,-0.012585428,0.090492,0.21567106,0.09135143,0.23823822
5,929,0.03852045,-0.02533796,0.040133342,-0.016913872,0.09258969,0.20468335,0.09367697,0.22684906
5,930,0.04146899,-0.029542845,0.043413326,-0.021283027,0.09457735,0.19361931,0.095888056,0.21535282
5,931,0.04425339,-0.033772375,0.046522055,-0.025688224,0.09645436,0.18249044,0.0979837,0.20376173
5,932,0.04687294,-0.038022216,0.049458213,-0.03012481,0.098220244,0.17130813,0.09996301,0.19208804
5,933,0.049327042,-0.04228803,0.05222066,-0.034588147,0.09987459,0.16008379,0.10182522,0.18034396
5,934,0.05161527,-0.046565574,0.05480845,-0.039073627,0.101417124,0.14882858,0.1035697,0.16854163
5,935,0.05373737,-0.050850663,0.0572208,-0.043576658,0.102847666,0.13755351,0.1051959,0.15669312
5,936,0.05569319,-0.05513912,0.059457123,-0.048092686,0.10416612,0.1262696,0.106703445,0.1448104
5,937,0.057482805,-0.059426863,0.061516993,-0.05261719,0.105372526,0.11498755,0.10809203,0.13290538
5,938,0.059106354,-0.0637099,0.06340017,-0.05714569,0.106466986,0.103717886,0.109361514,0.120989844
5,939,0.060564157,-0.06798427,0.065106586,-0.061673738,0.10744972,0.09247103,0.11051184,0.1090755
5,940,0.06185667,-0.072245955,0.06663634,-0.06619695,0.10832102,0.081257544,0.111543074,0.097173885
5,941,0.06298451,-0.07649122,0.0679897,-0.07071097,0.10908131,0.07008727,0.11245539,0.085296445
5,942,0.06394838,-0.08071625,0.06916713,-0.07521152,0.10973107,0.05897023,0.113249116,0.07345446
5,943,0.06474917,-0.08491732,0.07016922,-0.07969436,0.110270895,0.047916245,0.11392464,0.061659064
5,944,0.06538789,-0.089090824,0.07099674,-0.08415533,0.11070147,0.03693479,0.114482485,0.049921226
5,945,0.06586562,-0.09323315,0.07165064,-0.08859031,0.111023515,0.026035361,0.1149233,0.03825176
5,946,0.06618364,-0.09734084,0.07213201,-0.092995256,0.1112379,0.015227094,0.11524779,0.026661323
5,947,0.06634331,-0.101410404,0.072442085,-0.09736619,0.11134554,0.0045191203,0.11545682,0.015160381
5,948,0.06634614,-0.105438545,0.07258228,-0.101699226,0.111347444,-0.0060798535,0.11555132,0.0037591634
5,949,0.066193745,-0.10942194,0.072554156,-0.10599053,0.111244716,-0.016561083,0.11553237,-0.0075322506
5,950,0.06588782,-0.11335744,0.072359405,-0.11023636,0.11103848,-0.0269163,0.11540108,-0.01870402
5,951,0.06543024,-0.117241845,0.07199987,-0.11443305,0.11073002,-0.03713707,0.115158714,-0.02974648
5,952,0.06482296,-0.12107216,0.071477555,-0.11857702,0.11032064,-0.04721551,0.11480661,-0.040650222
5,953,0.06406802,-0.12484543,0.070794575,-0.12266478,0.10981172,-0.057143863,0.114346206,-0.051406067
5,954,0.06316759,-0.12855874,0.06995319,-0.12669292,0.10920473,-0.06691444,0.113779016,-0.06200504
5,955,0.062123943,-0.13220929,0.0689558,-0.13065813,0.10850119,-0.07651988,0.11310665,-0.072438434
5,956,0.06093945,-0.13579434,0.06780492,-0.13455719,0.1077027,-0.08595299,0.11233083,-0.08269775
5,957,0.059616584,-0.13931125,0.06650318,-0.13838695,0.106810935,-0.0952068,0.11145331,-0.09277474
5,958,0.058157954,-0.14275755,0.06505337,-0.14214443,0.10582765,-0.1042748,0.11047597,-0.102661535
5,959,0.056566145,-0.14613071,0.06345835,-0.14582665,0.10475459,-0.11315037,0.10940074,-0.11235032
5,960,0.05484396,-0.14942834,0.06172113,-0.14943081,0.10359364,-0.12182719,0.10822965,-0.1218337
5,961,0.052994233,-0.15264818,0.059844792,-0.15295419,0.1023467,-0.13029934,0.10696478,-0.13110453
5,962,0.051019896,-0.155788,0.05783255,-0.15639415,0.10101577,-0.13856095,0.1056083,-0.14015587
5,963,0.048923966,-0.15884577,0.055687707,-0.15974818,0.09960287,-0.14660662,0.104162425,-0.1489811
5,964,0.04670951,-0.16181938,0.053413667,-0.16301388,0.098110065,-0.15443091,0.102629445,-0.1575739
5,965,0.044379774,-0.16470698,0.05101392,-0.16618894,0.09653956,-0.16202883,0.10101174,-0.16592821
5,966,0.04193796,-0.1675067,0.048492048,-0.16927116,0.09489349,-0.16939554,0.0993117,-0.17403825
5,967,0.039387394,-0.17021681,0.04585172,-0.17225848,0.09317411,-0.17652649,0.09753182,-0.1818986
5,968,0.036731493,-0.17283572,0.043096673,-0.17514892,0.091383725,-0.18341744,0.0956746,-0.189504
5,969,0.033973735,-0.17536184,0.04023073,-0.17794064,0.08952468,-0.19006425,0.09374261,-0.19684966
5,970,0.031117644,-0.17779377,0.037257776,-0.18063186,0.08759934,-0.19646323,0.0917385,-0.2039309
5,971,0.028166842,-0.18013014,0.03418177,-0.18322098,0.08561015,-0.20261075,0.08966491,-0.21074347
5,972,0.025124963,-0.18236974,0.031006722,-0.18570648,0.083559565,-0.20850365,0.08752456,-0.2172834
5,973,0.02199575,-0.18451133,0.027736709,-0.18808697,0.08145011,-0.21413869,0.08532019,-0.22354701
5,974,0.018782955,-0.18655403,0.024375852,-0.19036114,0.07928432,-0.21951349,0.08305458,-0.22953089
5,975,0.015490409,-0.18849674,0.020928325,-0.19252783,0.07706475,-0.22462521,0.08073055,-0.23523195
5,976,0.012121998,-0.19033873,0.01739834,-0.194586,0.074794054,-0.22947192,0.078350924,-0.24064745
5,977,0.008681621,-0.19207922,0.013790156,-0.1965347,0.07247484,-0.23405154,0.075918585,-0.24577492
5,978,0.005173251,-0.19371755,0.010108058,-0.1983731,0.07010979,-0.23836239,0.073436424,-0.2506122
5,979,0.0016008876,-0.1952532,0.006356368,-0.2001005,0.0677016,-0.242403,0.07090735,-0.25515738
5,980,-0.0020314641,-0.19668576,0.0025394289,-0.2017163,0.065252975,-0.24617243,0.06833429,-0.25940895
5,981,-0.0057197176,-0.19801489,-0.0013383926,-0.20322002,0.062766664,-0.24966966,0.065720186,-0.2633656
5,982,-0.009459797,-0.19924033,-0.0052727144,-0.2046113,0.06024541,-0.25289407,0.063067995,-0.26702636
5,983,-0.013247598,-0.20036197,-0.009259143,-0.20588988,0.05769199,-0.25584537,0.060380675,-0.2703906
5,984,-0.017078996,-0.2013798,-0.013293276,-0.20705563,0.055109188,-0.25852355,0.057661198,-0.27345794
5,985,-0.020949839,-0.20229384,-0.017370706,-0.20810851,0.052499786,-0.2609286,0.054912537,-0.27622834
5,986,-0.024855997,-0.20310427,-0.021487033,-0.20904861,0.04986658,-0.26306102,0.052137654,-0.27870196
5,987,-0.028793288,-0.20381136,-0.025637856,-0.2098761,0.04721239,-0.26492155,0.049339518,-0.2808793
5,988,-0.03275756,-0.20441549,-0.029818786,-0.21059132,0.044540003,-0.2665111,0.046521083,-0.28276116
5,989,-0.036744654,-0.20491709,-0.034025446,-0.21119463,0.04185224,-0.26783097,0.043685306,-0.28434864
5,990,-0.040750444,-0.20531668,-0.03825348,-0.21168657,0.03915187,-0.26888236,0.040835116,-0.285643
5,991,-0.044770774,-0.20561495,-0.04249855,-0.21206775,0.0364417,-0.2696672,0.03797344,-0.286646
5,992,-0.048801504,-0.20581263,-0.04675635,-0.21233888,0.033724517,-0.27018735,0.03510319,-0.28735942
5,993,-0.052838556,-0.20591053,-0.051022597,-0.2125008,0.031003075,-0.27044493,0.032227244,-0.28778544
5,994,-0.05687785,-0.20590957,-0.05529305,-0.2125544,0.02828012,-0.2704424,0.029348461,-0.28792647
5,995,-0.06091535,-0.20581074,-0.059563495,-0.2125007,0.025558375,-0.27018237,0.026469683,-0.2877852
5,996,-0.06494702,-0.20561513,-0.063829765,-0.21234083,0.022840563,-0.26966769,0.02359372,-0.28736454
5,997,-0.06896888,-0.20532389,-0.06808775,-0.212076,0.02012936,-0.26890135,0.020723343,-0.2866677
5,998,-0.072977,-0.20493825,-0.072333366,-0.21170747,0.017427418,-0.26788664,0.017861303,-0.28569803
6,0,-0.06643996,0.18007824,-0.08407134,0.2729555,0.021834146,0.74518096,0.009948542,0.98956263
6,1,-0.06475324,0.25228977,-0.06947468,0.26866123,0.022971189,0.93518627,0.019788388,0.9782634
6,2,-0.055502288,0.28314418,-0.05505192,0.26404685,0.02920741,1.0163714,0.02951101,0.96612185
6,3,-0.043039314,0.2912524,-0.040815383,0.25912017,0.037608907,1.037706,0.039108094,0.9531586
6,4,-0.029291172,0.2874992,-0.026777111,0.2538892,0.046876755,1.0278304,0.048571527,0.9393947
6,5,-0.015145924,0.2781549,-0.012948818,0.24836224,0.0564123,1.0032434,0.057893407,0.924852
6,6,-0.0010281987,0.26669127,0.0006581062,0.2425478,0.06592929,0.9730799,0.06706606,0.9095528
6,7,0.012857426,0.25489265,0.01403261,0.23645458,0.075289816,0.942035,0.076082036,0.8935202
6,8,0.02641676,0.24355683,0.027163986,0.2300915,0.0844304,0.91220784,0.08493411,0.8767774
6,9,0.039612178,0.2329373,0.040041875,0.22346768,0.09332564,0.8842654,0.09361531,0.85934865
6,10,0.052434172,0.22301438,0.052656285,0.21659239,0.10196916,0.8581559,0.10211889,0.8412581
6,11,0.06488602,0.21365327,0.06499756,0.20947509,0.110363156,0.83352464,0.11043834,0.82253087
6,12,0.07697551,0.20468968,0.07705647,0.20212537,0.11851288,0.8099394,0.11856745,0.8031921
6,13,0.08871071,0.19597155,0.08882412,0.19455293,0.12642378,0.78699994,0.12650022,0.78326726
6,14,0.10009815,0.18737511,0.10029202,0.18676761,0.13410023,0.7643807,0.13423091,0.7627823
6,15,0.111142114,0.1788081,0.11145204,0.17877935,0.14154515,0.74183893,0.14175408,0.74176323
6,16,0.12184481,0.17020616,0.122296475,0.1705982,0.14876002,0.71920526,0.14906448,0.7202367
6,17,0.13220648,0.16152771,0.13281797,0.16223423,0.15574498,0.6963702,0.1561572,0.69822925
6,18,0.14222597,0.15274812,0.1430096,0.15369764,0.16249928,0.6732691,0.16302755,0.67576754
6,19,0.15190107,0.14385514,0.15286483,0.14499864,0.16902143,0.6498696,0.1696711,0.6528784
6,20,0.16122894,0.13484472,0.1623775,0.1361475,0.1753095,0.6261611,0.17608377,0.629589
6,21,0.17020631,0.12571865,0.17154191,0.1271545,0.1813613,0.6021483,0.18226165,0.60592633
6,22,0.1788298,0.116482124,0.18035269,0.11802994,0.18717453,0.57784486,0.18820114,0.5819175
6,23,0.18709607,0.1071427,0.18880492,0.10878412,0.19274695,0.5532707,0.19389893,0.5575896
6,24,0.19500193,0.09770921,0.19689406,0.099427335,0.19807643,0.528449,0.19935194,0.5329697
6,25,0.20254444,0.08819121,0.204616,0.089969866,0.20316096,0.5034049,0.20455742,0.50808495
6,26,0.20972092,0.07859868,0.21196699,0.08042196,0.20799874,0.47816473,0.20951286,0.4829622
6,27,0.21652918,0.068941735,0.2189437,0.07079382,0.2125883,0.45275506,0.21421596,0.45762834
6,28,0.22296728,0.05923048,0.2255432,0.06109561,0.21692833,0.42720252,0.21866481,0.4321101
6,29,0.22903375,0.049474936,0.23176296,0.051337425,0.22101784,0.40153342,0.22285764,0.40643406
6,30,0.23472743,0.039685015,0.23760082,0.041529298,0.22485603,0.37577385,0.22679304,0.38062662
6,31,0.24004768,0.029870432,0.24305505,0.031681184,0.2284425,0.34994945,0.23046982,0.35471392
6,32,0.24499409,0.020040724,0.24812424,0.021802964,0.23177697,0.32408518,0.23388706,0.32872203
6,33,0.24956675,0.01020525,0.25280747,0.011904413,0.23485947,0.29820576,0.2370441,0.30267668
6,34,0.25376603,0.00037315115,0.25710407,0.0019952168,0.23769028,0.27233523,0.23994051,0.27660328
6,35,0.25759265,-0.009446703,0.26101384,-0.007915047,0.24026987,0.24649693,0.24257615,0.25052705
6,36,0.26104778,-0.01924555,0.26453692,-0.017816912,0.24259903,0.2207139,0.24495111,0.22447297
6,37,0.26413274,-0.029014949,0.26767382,-0.027701037,0.24467865,0.19500834,0.24706575,0.19846556
6,38,0.2668492,-0.03874666,0.27042544,-0.037558198,0.24650985,0.16940194,0.24892066,0.17252907
6,39,0.26919913,-0.048432585,0.27279297,-0.047379304,0.24809399,0.14391604,0.25051665,0.14668746
6,40,0.27118477,-0.058064897,0.274778,-0.057155404,0.24943255,0.1185712,0.2518548,0.12096428
6,41,0.2728086,-0.06763595,0.2763825,-0.066877685,0.2505272,0.09338753,0.25293642,0.095382705
6,42,0.27407333,-0.07713829,0.2776087,-0.07653748,0.25137976,0.06838468,0.25376302,0.06996554
6,43,0.2749819,-0.08656463,0.2784592,-0.086126305,0.25199223,0.043581795,0.25433636,0.044735126
6,44,0.2755374,-0.09590791,0.27893695,-0.09563577,0.25236672,0.018997453,0.2546584,0.019713515
6,45,0.27574316,-0.105161116,0.2790452,-0.105057694,0.25250542,-0.0053498717,0.2547314,-0.0050777453
6,46,0.27560273,-0.114317566,0.27878755,-0.11438405,0.25241077,-0.029442616,0.2545577,-0.029617544
6,47,0.2751198,-0.12337059,0.27816784,-0.123606965,0.2520852,-0.053263213,0.25413996,-0.053885173
6,48,0.2742982,-0.13231364,0.2771903,-0.13271877,0.25153136,-0.07679445,0.25348097,-0.07786045
6,49,0.27314195,-0.14114039,0.2758594,-0.14171195,0.2507519,-0.10001967,0.25258377,-0.101523586
6,50,0.27165523,-0.14984463,0.27417988,-0.15057918,0.24974969,-0.122922555,0.25145158,-0.12485533
6,51,0.26984242,-0.1584202,0.27215683,-0.15931332,0.24852763,-0.14548688,0.25008783,-0.14783688
6,52,0.26770797,-0.16686109,0.2697956,-0.16790743,0.24708878,-0.16769679,0.24849607,-0.17044997
6,53,0.26525652,-0.17516145,0.26710176,-0.17635474,0.2454362,-0.18953697,0.24668013,-0.19267678
6,54,0.26249287,-0.18331543,0.26408118,-0.18464868,0.24357319,-0.21099198,0.2446439,-0.21450007
6,55,0.2594219,-0.19131738,0.26073995,-0.1927829,0.241503,-0.23204696,0.24239151,-0.23590307
6,56,0.25604874,-0.19916168,0.25708443,-0.20075122,0.2392291,-0.25268713,0.23992726,-0.25686958
6,57,0.25237858,-0.20684293,0.25312126,-0.20854771,0.23675498,-0.2728983,0.23725563,-0.27738395
6,58,0.24841689,-0.21435569,0.24885719,-0.21616662,0.23408432,-0.2926661,0.23438114,-0.29743108
6,59,0.24416907,-0.22169474,0.2442993,-0.22360238,0.2312208,-0.31197685,0.2313086,-0.3169963
6,60,0.23964088,-0.22885501,0.23945484,-0.23084971,0.22816828,-0.3308172,0.22804287,-0.3360657
6,61,0.23483823,-0.2358315,0.23433125,-0.2379035,0.22493073,-0.34917393,0.22458898,-0.35462585
6,62,0.22976701,-0.24261925,0.22893621,-0.24475886,0.22151214,-0.36703408,0.22095208,-0.3726639
6,63,0.22443353,-0.24921364,0.22327752,-0.2514111,0.21791674,-0.38438544,0.21713747,-0.3901675
6,64,0.21884401,-0.25561,0.21736322,-0.25785586,0.21414876,-0.40121573,0.21315055,-0.40712515
6,65,0.21300502,-0.26180404,0.2112015,-0.26408887,0.2102126,-0.41751373,0.20899682,-0.42352563
6,66,0.20692323,-0.26779145,0.20480068,-0.2701062,0.20611277,-0.43326798,0.20468192,-0.43935862
6,67,0.2006055,-0.27356824,0.19816926,-0.27590403,0.20185389,-0.44846806,0.20021158,-0.45461404
6,68,0.1940588,-0.27913046,0.19131589,-0.28147894,0.19744065,-0.46310353,0.19559161,-0.46928293
6,69,0.18729039,-0.2844745,0.18424931,-0.2868276,0.19287795,-0.47716492,0.19082792,-0.48335648
6,70,0.18030761,-0.28959686,0.17697844,-0.291947,0.18817075,-0.49064305,0.1859265,-0.49682686
6,71,0.17311801,-0.29449433,0.16951227,-0.29683435,0.18332411,-0.5035294,0.18089344,-0.5096866
6,72,0.1657293,-0.29916385,0.1618599,-0.3014871,0.17834327,-0.51581603,0.17573485,-0.521929
6,73,0.1581494,-0.30360276,0.15403055,-0.3059029,0.17323352,-0.5274958,0.17045693,-0.533548
6,74,0.15038635,-0.30780846,0.14603348,-0.31007975,0.16800034,-0.538562,0.16506599,-0.5445383
6,75,0.14244838,-0.31177866,0.13787809,-0.31401578,0.16264921,-0.54900855,0.15956831,-0.55489486
6,76,0.1343439,-0.31551147,0.12957378,-0.31770942,0.15718587,-0.5588304,0.15397024,-0.5646137
6,77,0.12608151,-0.31900504,0.12113005,-0.32115936,0.15161604,-0.5680228,0.14827818,-0.5736913
6,78,0.11766991,-0.32225797,0.11255644,-0.32436448,0.14594564,-0.576582,0.14249857,-0.5821247
6,79,0.10911797,-0.325269,0.10386252,-0.32732397,0.14018065,-0.5845048,0.13663785,-0.5899118
6,80,0.100434735,-0.32803732,0.09505788,-0.33003724,0.13432713,-0.5917888,0.1307025,-0.5970511
6,81,0.09162937,-0.3305622,0.08615215,-0.33250394,0.12839128,-0.59843236,0.124699004,-0.60354155
6,82,0.082711235,-0.33284336,0.07715496,-0.33472395,0.12237942,-0.6044346,0.118633844,-0.60938287
6,83,0.073689744,-0.33488074,0.06807592,-0.3366974,0.116297886,-0.60979545,0.11251351,-0.6145755
6,84,0.064574465,-0.3366745,0.05892466,-0.3384247,0.11015313,-0.61451524,0.106344506,-0.6191205
6,85,0.055375095,-0.33822516,0.049710777,-0.33990645,0.103951685,-0.61859536,0.10013328,-0.6230193
6,86,0.046101402,-0.3395335,0.040443834,-0.34114352,0.097700134,-0.62203795,0.09388628,-0.6262743
6,87,0.03676327,-0.34060058,0.031133363,-0.34213698,0.09140514,-0.6248457,0.087609924,-0.6288883
6,88,0.027370613,-0.34142762,0.021788849,-0.34288818,0.085073404,-0.6270218,0.08131064,-0.63086486
6,89,0.017933529,-0.3420164,0.0124197155,-0.34339863,0.0787117,-0.62857103,0.07499475,-0.632208
6,90,0.008461993,-0.34236845,0.003035328,-0.3436702,0.07232679,-0.62949735,0.06866858,-0.63292253
6,91,-0.0010338463,-0.34248608,-0.0063550286,-0.34370482,0.06592549,-0.6298069,0.062338386,-0.63301367
6,92,-0.010543853,-0.34237152,-0.01574215,-0.34350473,0.059514634,-0.62950546,0.056010373,-0.6324872
6,93,-0.02005793,-0.34202737,-0.025116919,-0.3430724,0.053101037,-0.6285999,0.04969069,-0.6313496
6,94,-0.02956593,-0.34145635,-0.034470323,-0.34241048,0.046691537,-0.6270974,0.043385405,-0.6296079
6,95,-0.03905783,-0.3406614,-0.043793455,-0.3415218,0.04029289,-0.6250057,0.037100527,-0.6272696
6,96,-0.048523538,-0.33964583,-0.053077526,-0.34040946,0.0339119,-0.6223335,0.030841982,-0.6243428
6,97,-0.057953093,-0.338413,-0.062313866,-0.3390767,0.027555281,-0.61908966,0.024615612,-0.62083596
6,98,-0.06733662,-0.33696648,-0.07149394,-0.33752698,0.021229692,-0.61528355,0.018427175,-0.6167583
6,99,-0.07666439,-0.33531004,-0.08060935,-0.33576393,0.014941689,-0.610925,0.012282324,-0.6121193
6,100,-0.08592667,-0.33344758,-0.089651845,-0.33379138,0.008697835,-0.60602444,0.00618663,-0.60692906
6,101,-0.09511401,-0.33138317,-0.09861332,-0.33161333,0.0025044968,-0.6005925,0.00014555153,-0.60119814
6,102,-0.10421707,-0.32912117,-0.107485846,-0.32923394,-0.0036320256,-0.5946407,-0.0058355634,-0.59493744
6,103,-0.11322667,-0.32666588,-0.11626164,-0.32665756,-0.009705545,-0.58818024,-0.01175147,-0.58815837
6,104,-0.122133836,-0.32402176,-0.124933094,-0.32388863,-0.015710015,-0.58122295,-0.01759704,-0.58087265
6,105,-0.13092981,-0.3211935,-0.1334928,-0.32093182,-0.021639528,-0.57378113,-0.023367278,-0.5730926
6,106,-0.13960607,-0.31818575,-0.1419335,-0.31779194,-0.027488338,-0.56586707,-0.029057296,-0.56483084
6,107,-0.14815435,-0.3150034,-0.15024814,-0.31447384,-0.033250872,-0.55749357,-0.034662332,-0.55610013
6,108,-0.1565666,-0.31165138,-0.15842989,-0.3109826,-0.03892171,-0.5486736,-0.040177785,-0.5469139
6,109,-0.16483505,-0.30813473,-0.16647206,-0.3073234,-0.044495605,-0.5394205,-0.04559914,-0.5372857
6,110,-0.1729522,-0.30445847,-0.17436822,-0.30350152,-0.049967512,-0.5297474,-0.05092207,-0.5272294
6,111,-0.18091087,-0.30062783,-0.18211211,-0.29952234,-0.05533258,-0.5196681,-0.056142356,-0.5167593
6,112,-0.18870418,-0.296648,-0.18969771,-0.29539135,-0.060586177,-0.5091962,-0.061255936,-0.5058897
6,113,-0.19632544,-0.29252422,-0.19711919,-0.29111418,-0.06572379,-0.4983456,-0.06625888,-0.4946355
6,114,-0.20376843,-0.28826195,-0.20437095,-0.28669652,-0.070741236,-0.4871306,-0.071147405,-0.4830116
6,115,-0.21102712,-0.2838665,-0.21144763,-0.28214407,-0.075634435,-0.47556514,-0.07591791,-0.47103304
6,116,-0.21809576,-0.27934325,-0.21834409,-0.27746272,-0.08039953,-0.46366343,-0.08056693,-0.45871532
6,117,-0.22496904,-0.2746977,-0.2250554,-0.27265832,-0.08503292,-0.4514399,-0.08509113,-0.44607383
6,118,-0.23164192,-0.2699353,-0.23157687,-0.26773688,-0.08953121,-0.43890896,-0.08948737,-0.4331244
6,119,-0.2381096,-0.26506168,-0.23790407,-0.26270437,-0.09389119,-0.4260853,-0.09375264,-0.41988268
6,120,-0.24436763,-0.2600823,-0.24403277,-0.2575669,-0.09810983,-0.41298342,-0.097884096,-0.4063648
6,121,-0.25041184,-0.25500277,-0.24995899,-0.25233048,-0.102184325,-0.39961797,-0.10187905,-0.3925866
6,122,-0.25623846,-0.2498287,-0.255679,-0.24700134,-0.10611215,-0.3860038,-0.10573502,-0.37856436
6,123,-0.26184386,-0.2445657,-0.26118928,-0.24158555,-0.10989084,-0.37215564,-0.10944958,-0.36431417
6,124,-0.26722488,-0.23921937,-0.2664866,-0.23608935,-0.113518275,-0.3580882,-0.11302058,-0.34985238
6,125,-0.27237844,-0.2337954,-0.27156788,-0.23051886,-0.11699238,-0.3438165,-0.116445966,-0.33519515
6,126,-0.27730194,-0.22829941,-0.27643043,-0.22488032,-0.12031139,-0.32935527,-0.119723886,-0.32035884
6,127,-0.28199294,-0.2227372,-0.28107163,-0.2191799,-0.12347367,-0.31471977,-0.1228526,-0.30535972
6,128,-0.2864493,-0.2171143,-0.28548923,-0.21342377,-0.12647778,-0.29992464,-0.12583058,-0.290214
6,129,-0.29066917,-0.21143651,-0.2896812,-0.20761812,-0.12932245,-0.28498507,-0.12865645,-0.274938
6,130,-0.2946509,-0.20570952,-0.29364565,-0.2017691,-0.13200662,-0.26991603,-0.13132896,-0.25954786
6,131,-0.2983932,-0.19993898,-0.2973811,-0.19588283,-0.13452935,-0.2547324,-0.13384709,-0.24405973
6,132,-0.3018949,-0.19413066,-0.30088612,-0.1899654,-0.1368899,-0.23944937,-0.13620988,-0.2284896
6,133,-0.3051552,-0.18829027,-0.3041597,-0.18402287,-0.13908772,-0.22408193,-0.13841665,-0.21285343
6,134,-0.3081734,-0.1824235,-0.3072009,-0.17806128,-0.14112234,-0.20864512,-0.14046678,-0.19716708
6,135,-0.31094918,-0.17653608,-0.31000918,-0.17208658,-0.14299354,-0.19315395,-0.14235988,-0.18144628
6,136,-0.31348237,-0.17063367,-0.31258404,-0.16610472,-0.14470121,-0.17762335,-0.14409563,-0.16570662
6,137,-0.3157731,-0.16472203,-0.3149254,-0.16012155,-0.14624543,-0.16206843,-0.14567399,-0.1499635
6,138,-0.3178216,-0.15880679,-0.3170333,-0.15414286,-0.14762636,-0.14650406,-0.14709495,-0.13423218
6,139,-0.31962845,-0.15289362,-0.318908,-0.1481744,-0.14884439,-0.13094515,-0.14835872,-0.11852781
6,140,-0.32119444,-0.1469882,-0.32055005,-0.14222187,-0.14990005,-0.11540662,-0.14946565,-0.1028653
6,141,-0.32252046,-0.1410961,-0.32196015,-0.13629082,-0.15079394,-0.099903144,-0.15041623,-0.08725933
6,142,-0.32360777,-0.13522293,-0.32313925,-0.13038677,-0.15152691,-0.08444946,-0.15121107,-0.071724415
6,143,-0.32445773,-0.12937419,-0.3240885,-0.12451517,-0.15209989,-0.06906009,-0.15185098,-0.05627487
6,144,-0.32507202,-0.12355551,-0.32480934,-0.11868136,-0.15251398,-0.05374979,-0.15233691,-0.040924758
6,145,-0.32545242,-0.11777225,-0.32530326,-0.11289058,-0.15277041,-0.038532693,-0.15266986,-0.02568788
6,146,-0.32560092,-0.112029865,-0.32557207,-0.10714801,-0.15287052,-0.023423145,-0.15285107,-0.010577842
6,147,-0.3255199,-0.10633375,-0.3256178,-0.1014587,-0.15281591,-0.008435338,-0.1528819,0.004392046
6,148,-0.32521167,-0.10068917,-0.32544252,-0.09582761,-0.15260813,0.0064168465,-0.15276375,0.019208748
6,149,-0.324679,-0.095101416,-0.3250487,-0.09025959,-0.15224904,0.02111953,-0.15249828,0.0338595
6,150,-0.32392463,-0.089575574,-0.32443884,-0.08475939,-0.1517405,0.035659302,-0.15208715,0.048331793
6,151,-0.3229517,-0.08411679,-0.3236157,-0.07933164,-0.15108465,0.050022636,-0.15153226,0.06261348
6,152,-0.32176343,-0.07873,-0.32258222,-0.07398085,-0.1502836,0.06419651,-0.15083557,0.076692626
6,153,-0.3203632,-0.07342017,-0.32134143,-0.06871144,-0.14933969,0.07816792,-0.14999913,0.09055768
6,154,-0.31875467,-0.068192095,-0.3198966,-0.063527666,-0.14825536,0.09192419,-0.14902516,0.10419738
6,155,-0.31694165,-0.06305048,-0.3182512,-0.0584337,-0.14703317,0.10545298,-0.14791596,0.11760079
6,156,-0.3149281,-0.057999883,-0.31640878,-0.053433567,-0.14567581,0.118742265,-0.14667396,0.1307573
6,157,-0.3127182,-0.053044807,-0.3143731,-0.048531167,-0.14418608,0.13178022,-0.14530167,0.14365666
6,158,-0.3103163,-0.048189577,-0.31214803,-0.043730278,-0.1425669,0.14455545,-0.14380172,0.1562889
6,159,-0.30772683,-0.04343843,-0.30973762,-0.03903453,-0.14082131,0.15705682,-0.14217682,0.1686445
6,160,-0.3049544,-0.038795438,-0.307146,-0.034447435,-0.13895237,0.1692736,-0.14042976,0.1807142
6,161,-0.30200392,-0.03426456,-0.30437756,-0.029972356,-0.1369634,0.1811954,-0.13856351,0.19248918
6,162,-0.29888022,-0.02984954,-0.30143666,-0.025612524,-0.13485765,0.19281232,-0.136581,0.20396091
6,163,-0.29558846,-0.025554042,-0.2983279,-0.021371026,-0.13263863,0.20411478,-0.13448533,0.21512127
6,164,-0.2921338,-0.021381568,-0.29505593,-0.017250808,-0.13030979,0.21509352,-0.13227965,0.22596253
6,165,-0.28852156,-0.017335359,-0.29162556,-0.013254676,-0.12787472,0.22574005,-0.12996718,0.23647727
6,166,-0.2847572,-0.013418626,-0.28804168,-0.009385285,-0.1253371,0.23604587,-0.12755123,0.24665853
6,167,-0.28084624,-0.009634286,-0.28430927,-0.0056451494,-0.122700654,0.24600336,-0.12503514,0.2564997
6,168,-0.27679434,-0.0059851594,-0.28043345,-0.0020366327,-0.11996921,0.25560504,-0.12242239,0.26599455
6,169,-0.27260727,-0.002473887,-0.27641937,0.0014380482,-0.11714663,0.26484403,-0.119716436,0.27513722
6,170,-0.2682908,0.00089714676,-0.27227235,0.0047768257,-0.114236824,0.273714,-0.11692086,0.28392234
6,171,-0.26385087,0.0041256696,-0.26799768,0.007977782,-0.1112438,0.28220898,-0.114039235,0.2923448
6,172,-0.25929335,0.0072096363,-0.26360077,0.011039149,-0.1081715,0.29032362,-0.1110752,0.30039996
6,173,-0.25462428,0.010147203,-0.25908715,0.013959312,-0.105024,0.29805303,-0.108032495,0.3080836
6,174,-0.24984972,0.012936674,-0.2544623,0.016736805,-0.1018054,0.30539277,-0.104914814,0.3153918
6,175,-0.24497582,0.0155765675,-0.24973187,0.019370314,-0.09851982,0.31233895,-0.10172595,0.32232118
6,176,-0.24000861,0.018065613,-0.24490146,0.021858675,-0.09517134,0.31888822,-0.09846969,0.32886866
6,177,-0.23495428,0.02040271,-0.23997678,0.024200879,-0.09176414,0.32503766,-0.09514988,0.3350315
6,178,-0.229819,0.022586945,-0.23496354,0.026396064,-0.08830236,0.3307849,-0.09177037,0.34080756
6,179,-0.22460888,0.024617646,-0.2298675,0.028443519,-0.08479013,0.33612812,-0.08833505,0.3461949
6,180,-0.21933015,0.02649428,-0.22469445,0.030342687,-0.081231646,0.341066,-0.08484781,0.35119203
6,181,-0.21398892,0.0282165,-0.21945015,0.032093152,-0.077631034,0.34559754,-0.08131254,0.35579792
6,182,-0.20859134,0.029784206,-0.21414044,0.033694662,-0.07399244,0.34972253,-0.07773318,0.36001185
6,183,-0.20314352,0.031197444,-0.20877112,0.035147093,-0.07031997,0.3534411,-0.07411364,0.36383352
6,184,-0.19765155,0.03245643,-0.20334803,0.036450487,-0.06661775,0.3567538,-0.07045784,0.36726308
6,185,-0.19212146,0.033561576,-0.19787697,0.037605014,-0.06288982,0.35966167,-0.06676971,0.37030092
6,186,-0.1865593,0.03451347,-0.19236374,0.038611002,-0.059140284,0.36216635,-0.063053146,0.37294787
6,187,-0.18097097,0.03531288,-0.18681414,0.039468914,-0.05537309,0.36426976,-0.059312075,0.37520525
6,188,-0.1753624,0.035960738,-0.18123393,0.04017936,-0.05159226,0.36597443,-0.05555036,0.3770746
6,189,-0.16973943,0.036458153,-0.17562886,0.04074308,-0.047801726,0.36728325,-0.051771887,0.3785579
6,190,-0.16410781,0.036806364,-0.17000464,0.041160952,-0.044005364,0.36819947,-0.047980506,0.37965742
6,191,-0.15847327,0.037006784,-0.16436693,0.041434005,-0.040207025,0.36872682,-0.044180036,0.38037586
6,192,-0.15284145,0.03706098,-0.15872137,0.04156338,-0.03641052,0.36886942,-0.040374275,0.38071626
6,193,-0.1472179,0.03697064,-0.15307355,0.04155036,-0.032619596,0.36863172,-0.036566984,0.38068202
6,194,-0.14160806,0.036737647,-0.14742899,0.041396353,-0.02883791,0.3680187,-0.032761894,0.3802768
6,195,-0.13601731,0.036363985,-0.14179318,0.0411029,-0.025069091,0.36703548,-0.0289627,0.37950465
6,196,-0.13045095,0.035851795,-0.1361715,0.04067165,-0.021316718,0.36568776,-0.025173038,0.37836993
6,197,-0.124914184,0.035203267,-0.13056932,0.040104385,-0.017584294,0.36398134,-0.021396516,0.37687734
6,198,-0.11941208,0.03442082,-0.12499191,0.039402995,-0.013875234,0.36192256,-0.017636688,0.3750318
6,199,-0.11394963,0.03350692,-0.11944445,0.038569495,-0.010192905,0.35951787,-0.013897057,0.37283868
6,200,-0.10304414,-0.19570051,-0.12132367,-0.3404631,-0.0028413343,-0.24358,-0.015163867,-0.62448394
6,201,-0.106752366,-0.31114972,-0.13052875,-0.33742356,-0.0053411126,-0.5473536,-0.021369163,-0.6164862
6,202,-0.11714193,-0.3628024,-0.13961129,-0.3341856,-0.01234489,-0.6832638,-0.027491855,-0.60796636
6,203,-0.12902077,-0.38052168,-0.14856367,-0.33075446,-0.020352608,-0.72988737,-0.0335268,-0.5989382
6,204,-0.14069162,-0.38077185,-0.15737842,-0.32713538,-0.028220125,-0.7305456,-0.03946897,-0.5894156
6,205,-0.15169682,-0.37289268,-0.16604835,-0.32333386,-0.035638906,-0.70981365,-0.045313507,-0.57941294
6,206,-0.16203275,-0.3619852,-0.17456643,-0.31935546,-0.04260653,-0.6811136,-0.05105569,-0.5689448
6,207,-0.17182402,-0.35065162,-0.18292585,-0.31520587,-0.049206987,-0.65129226,-0.05669091,-0.5580263
6,208,-0.18119986,-0.34005812,-0.19112007,-0.3108909,-0.055527397,-0.62341833,-0.062214773,-0.54667264
6,209,-0.19025607,-0.33058688,-0.19914272,-0.30641648,-0.061632335,-0.59849733,-0.067622975,-0.53489935
6,210,-0.19905123,-0.32222706,-0.20698771,-0.30178863,-0.0675613,-0.57650065,-0.072911404,-0.5227224
6,211,-0.20761496,-0.31480062,-0.21464917,-0.29701346,-0.07333425,-0.55696,-0.078076124,-0.5101579
6,212,-0.21595797,-0.30808318,-0.22212146,-0.29209712,-0.07895841,-0.5392848,-0.08311332,-0.49722183
6,213,-0.22408043,-0.30186316,-0.2293992,-0.2870459,-0.08443389,-0.5229185,-0.08801936,-0.4839309
6,214,-0.23197752,-0.29596502,-0.23647726,-0.28186613,-0.08975745,-0.50739914,-0.0927908,-0.47030172
6,215,-0.23964271,-0.29025388,-0.24335073,-0.2765642,-0.09492468,-0.49237183,-0.09742432,-0.45635113
6,216,-0.24706952,-0.28463194,-0.250015,-0.27114654,-0.09993122,-0.4775792,-0.101916805,-0.442096
6,217,-0.25425223,-0.27903128,-0.2564656,-0.26561964,-0.10477319,-0.46284255,-0.10626528,-0.42755342
6,218,-0.261186,-0.27340716,-0.26269847,-0.25999004,-0.10944737,-0.4480442,-0.11046695,-0.41274065
6,219,-0.267867,-0.26773143,-0.26870972,-0.2542643,-0.11395114,-0.43311003,-0.11451923,-0.3976749
6,220,-0.27429202,-0.26198778,-0.27449572,-0.24844895,-0.118282355,-0.41799715,-0.11841967,-0.3823734
6,221,-0.28045848,-0.25616807,-0.28005308,-0.24255064,-0.122439265,-0.40268415,-0.12216598,-0.36685356
6,222,-0.28636423,-0.2502695,-0.2853787,-0.23657596,-0.12642042,-0.38716367,-0.12575606,-0.35113278
6,223,-0.29200745,-0.24429286,-0.29046974,-0.2305315,-0.13022462,-0.37143773,-0.12918802,-0.3352284
6,224,-0.29738662,-0.2382412,-0.29532358,-0.22442386,-0.1338508,-0.3555144,-0.13246007,-0.31915778
6,225,-0.30250043,-0.23211902,-0.2999379,-0.21825965,-0.1372981,-0.33940557,-0.13557066,-0.3029383
6,226,-0.3073478,-0.22593164,-0.30431065,-0.21204542,-0.1405658,-0.32312512,-0.13851841,-0.28658724
6,227,-0.31192783,-0.21968487,-0.30843994,-0.20578775,-0.14365327,-0.3066884,-0.14130203,-0.27012187
6,228,-0.3162398,-0.2133848,-0.31232426,-0.19949313,-0.14656004,-0.29011148,-0.14392051,-0.25355926
6,229,-0.3202832,-0.20703778,-0.31596226,-0.19316806,-0.14928576,-0.27341098,-0.14637294,-0.23691654
6,230,-0.32405755,-0.20065004,-0.3193529,-0.18681899,-0.15183012,-0.25660336,-0.14865863,-0.22021066
6,231,-0.3275628,-0.19422801,-0.32249534,-0.1804523,-0.15419307,-0.2397055,-0.150777,-0.20345843
6,232,-0.33079883,-0.18777792,-0.32538906,-0.17407437,-0.15637453,-0.22273384,-0.15272771,-0.1866766
6,233,-0.33376586,-0.18130618,-0.3280337,-0.16769142,-0.15837465,-0.2057052,-0.1545105,-0.16988161
6,234,-0.33646426,-0.17481901,-0.3304292,-0.16130975,-0.16019368,-0.18863593,-0.15612535,-0.15308994
6,235,-0.3388945,-0.16832271,-0.3325757,-0.15493546,-0.16183195,-0.17154267,-0.15757234,-0.13631772
6,236,-0.34105733,-0.1618235,-0.3344737,-0.14857467,-0.16328995,-0.15444173,-0.15885182,-0.119580984
6,237,-0.34295368,-0.15532762,-0.33612376,-0.14223337,-0.1645683,-0.13734956,-0.15996414,-0.102895565
6,238,-0.34458467,-0.14884119,-0.3375268,-0.13591748,-0.16566779,-0.12028226,-0.16090995,-0.08627701
6,239,-0.3459516,-0.14237045,-0.33868387,-0.12963285,-0.16658925,-0.10325625,-0.16168997,-0.06974066
6,240,-0.347056,-0.13592148,-0.33959636,-0.1233852,-0.16733375,-0.08628751,-0.16230509,-0.053301655
6,241,-0.3478996,-0.12950028,-0.3402658,-0.117180206,-0.16790242,-0.06939186,-0.16275637,-0.036974885
6,242,-0.34848428,-0.12311301,-0.34069398,-0.11102342,-0.16829658,-0.052585457,-0.163045,-0.020774951
6,243,-0.3488122,-0.11676562,-0.34088287,-0.10492029,-0.16851763,-0.035884008,-0.16317233,-0.0047162045
6,244,-0.34888572,-0.110464096,-0.34083468,-0.09887616,-0.1685672,-0.019303242,-0.16313985,0.0111872945
6,245,-0.34870738,-0.104214266,-0.3405518,-0.09289627,-0.16844697,-0.0028584907,-0.16294916,0.026921785
6,246,-0.34827986,-0.09802204,-0.34003684,-0.08698573,-0.16815877,0.013434682,-0.16260202,0.04247378
6,247,-0.34760633,-0.09189311,-0.33929262,-0.081149556,-0.16770473,0.029561333,-0.16210033,0.05783011
6,248,-0.3466898,-0.08583321,-0.33832213,-0.07539262,-0.16708688,0.04550634,-0.16144611,0.072977945
6,249,-0.3455337,-0.07984792,-0.33712858,-0.06971968,-0.16630754,0.061255023,-0.1606415,0.08790476
6,250,-0.3441417,-0.073942766,-0.3357153,-0.06413538,-0.16536917,0.07679284,-0.15968879,0.10259835
6,251,-0.34251752,-0.06812318,-0.33408585,-0.058644217,-0.16427429,0.09210553,-0.15859036,0.11704687
6,252,-0.3406653,-0.062394474,-0.33224395,-0.053250566,-0.16302568,0.107179075,-0.1573487,0.13123882
6,253,-0.33858916,-0.056761842,-0.33019352,-0.047958665,-0.16162612,0.12199984,-0.15596648,0.14516303
6,254,-0.33629352,-0.051230337,-0.32793856,-0.042772613,-0.16007859,0.13655451,-0.15444636,0.15880874
6,255,-0.33378306,-0.04580498,-0.32548332,-0.03769637,-0.15838625,0.15082988,-0.15279125,0.17216551
6,256,-0.3310625,-0.04049055,-0.32283217,-0.032733757,-0.15655227,0.16481337,-0.15100406,0.18522328
6,257,-0.32813683,-0.035291713,-0.31998956,-0.027888449,-0.15458003,0.17849271,-0.14908782,0.19797243
6,258,-0.32501125,-0.03021301,-0.3169602,-0.023163974,-0.15247302,0.19185595,-0.14704567,0.2104036
6,259,-0.321691,-0.02525879,-0.31374884,-0.018563716,-0.15023479,0.20489165,-0.14488085,0.22250795
6,260,-0.31818175,-0.02043327,-0.31036037,-0.014090903,-0.14786914,0.21758874,-0.14259662,0.23427697
6,261,-0.31448895,-0.015740491,-0.3067999,-0.009748617,-0.14537977,0.22993651,-0.14019644,0.24570253
6,262,-0.31061846,-0.011184309,-0.3030725,-0.005539785,-0.1427706,0.24192488,-0.13768375,0.25677696
6,263,-0.3065762,-0.006768357,-0.2991835,-0.001467181,-0.14004564,0.25354427,-0.1350621,0.2674929
6,264,-0.30236825,-0.0024961643,-0.2951382,0.0024665787,-0.137209,0.2647854,-0.13233511,0.27784353
6,265,-0.29800072,0.0016289689,-0.29094216,0.0062590335,-0.13426478,0.2756396,-0.12950648,0.28782237
6,266,-0.29347992,0.0056039914,-0.28660086,0.009907881,-0.13121723,0.2860988,-0.12657994,0.29742333
6,267,-0.28881225,0.009426016,-0.28212,0.013410977,-0.12807068,0.29615542,-0.12355931,0.3066408
6,268,-0.28400412,0.013092328,-0.27750525,0.016766338,-0.12482944,0.30580235,-0.12044844,0.31546953
6,269,-0.27906218,0.016600471,-0.27276248,0.01997214,-0.121497996,0.31503308,-0.11725126,0.32390472
6,270,-0.273993,0.01994821,-0.26789752,0.02302672,-0.118080765,0.32384175,-0.11397171,0.33194202
6,271,-0.26880318,0.023133479,-0.2629163,0.025928574,-0.11458223,0.33222294,-0.110613786,0.33957747
6,272,-0.26349953,0.026154488,-0.2578248,0.028676363,-0.11100695,0.34017193,-0.107181534,0.34680754
6,273,-0.2580888,0.029009596,-0.2526291,0.031268902,-0.10735949,0.34768435,-0.10367902,0.3536291
6,274,-0.25257778,0.03169746,-0.24733524,0.03370518,-0.10364442,0.35475674,-0.100110345,0.36003953
6,275,-0.24697326,0.03421687,-0.24194936,0.035984326,-0.09986632,0.3613859,-0.09647963,0.3660365
6,276,-0.24128209,0.03656689,-0.2364776,0.03810565,-0.09602981,0.36756936,-0.09279103,0.3716182
6,277,-0.23551111,0.0387468,-0.23092611,0.04006862,-0.0921395,0.37330523,-0.089048676,0.3767832
6,278,-0.22966713,0.040756077,-0.22530112,0.04187284,-0.08819997,0.37859207,-0.08525678,0.38153055
6,279,-0.22375695,0.04259443,-0.2196088,0.0435181,-0.08421583,0.38342923,-0.08141949,0.3858596
6,280,-0.21778734,0.044261795,-0.21385536,0.045004334,-0.08019161,0.38781646,-0.077541,0.38977024
6,281,-0.2117651,0.045758262,-0.20804702,0.04633163,-0.076131925,0.391754,-0.073625505,0.39326265
6,282,-0.2056969,0.047084156,-0.20218995,0.04750024,-0.07204125,0.39524272,-0.06967716,0.39633754
6,283,-0.19958942,0.048240017,-0.19629037,0.048510563,-0.0679241,0.39828408,-0.06570016,0.39899594
6,284,-0.1934493,0.049226563,-0.19035445,0.049363147,-0.06378494,0.40087992,-0.061698653,0.40123928
6,285,-0.18728305,0.050044745,-0.18438831,0.0500587,-0.059628174,0.40303272,-0.057676777,0.4030694
6,286,-0.1810972,0.05069566,-0.17839806,0.050598063,-0.055458184,0.40474543,-0.053638652,0.40448862
6,287,-0.17489815,0.051180597,-0.1723898,0.050982237,-0.051279303,0.40602142,-0.04958839,0.4054995
6,288,-0.16869226,0.051501025,-0.16636956,0.051212355,-0.047095813,0.40686452,-0.04553004,0.40610498
6,289,-0.16248578,0.05165859,-0.1603433,0.051289704,-0.04291192,0.4072791,-0.041467648,0.4063085
6,290,-0.1562849,0.051655114,-0.154317,0.051215693,-0.03873181,0.40726998,-0.03740522,0.40611374
6,291,-0.15009569,0.05149259,-0.14829652,0.05099188,-0.03455956,0.40684232,-0.033346713,0.40552485
6,292,-0.14392412,0.051173106,-0.14228767,0.050619956,-0.030399203,0.4060017,-0.029296048,0.40454623
6,293,-0.13777609,0.05069899,-0.1362962,0.050101735,-0.026254717,0.40475416,-0.025257096,0.40318266
6,294,-0.13165739,0.050072666,-0.13032778,0.049439162,-0.022130001,0.4031062,-0.021233685,0.40143928
6,295,-0.12557368,0.04929668,-0.12438799,0.048634306,-0.01802887,0.4010644,-0.017229576,0.39932153
6,296,-0.11953054,0.048373725,-0.11848236,0.047689356,-0.013955093,0.3986359,-0.013248494,0.39683512
6,297,-0.11353338,0.04730666,-0.112616315,0.046606615,-0.009912305,0.3958282,-0.009294097,0.3939862
6,298,-0.107587546,0.046098374,-0.10679518,0.045388512,-0.0059041213,0.39264888,-0.005369972,0.39078107
6,299,-0.10169822,0.04475197,-0.10102419,0.044037573,-0.001934029,0.3891062,-0.0014796532,0.38722643
6,300,-0.09587048,0.043270584,-0.095308475,0.04255644,0.0019945465,0.38520834,0.0023734032,0.38332924
6,301,-0.09010926,0.041657466,-0.08965307,0.04094785,0.0058782804,0.38096383,0.0061858064,0.3790967
6,302,-0.08441937,0.039915983,-0.08406289,0.03921465,0.009713928,0.37638158,0.009954237,0.37453622
6,303,-0.078805506,0.03804962,-0.07854274,0.037359767,0.013498326,0.37147078,0.0136754615,0.36965558
6,304,-0.0732722,0.03606182,-0.073097326,0.035386235,0.01722842,0.3662404,0.017346304,0.3644628
6,305,-0.06782384,0.03395627,-0.0677312,0.033297163,0.020901246,0.36070022,0.020963697,0.35896596
6,306,-0.062464714,0.031736586,-0.06244882,0.031095754,0.024513923,0.3548597,0.024524638,0.35317355
6,307,-0.057198904,0.029406529,-0.057254504,0.02878528,0.028063692,0.3487288,0.028026212,0.34709412
6,308,-0.052030407,0.026969898,-0.052152447,0.026369099,0.031547863,0.34231743,0.031465594,0.3407366
6,309,-0.04696304,0.024430525,-0.047146704,0.023850625,0.034963857,0.33563578,0.034840047,0.3341099
6,310,-0.042000487,0.021792322,-0.042241205,0.02123335,0.038309194,0.32869405,0.038146924,0.32722327
6,311,-0.03714627,0.019059196,-0.03743973,0.018520826,0.041581504,0.32150257,0.041383676,0.32008597
6,312,-0.032403763,0.01623515,-0.032745935,0.01571666,0.044778507,0.31407183,0.044547845,0.31270757
6,313,-0.027776219,0.013324209,-0.028163329,0.012824523,0.047898013,0.3064125,0.047637057,0.3050977
6,314,-0.023266688,0.01033036,-0.023695266,0.009848119,0.05093796,0.29853496,0.050649047,0.29726607
6,315,-0.018878106,0.0072577037,-0.019344961,0.0067912033,0.053896375,0.2904501,0.05358166,0.28922263
6,316,-0.014613237,0.004110247,-0.015115484,0.003657574,0.056771394,0.28216842,0.05643282,0.2809773
6,317,-0.0104747005,0.00089213625,-0.011009755,0.0004510648,0.05956125,0.2737008,0.05920056,0.27254027
6,318,-0.006464962,-0.0023925751,-0.0070305415,-0.0028244583,0.06226428,0.26505798,0.06188301,0.2639216
6,319,-0.0025863275,-0.0057398155,-0.0031804629,-0.006165101,0.06487893,0.25625062,0.06447841,0.25513157
6,320,0.0011590347,-0.009145454,0.0005380158,-0.009566947,0.06740374,0.2472896,0.0669851,0.24618053
6,321,0.0047691204,-0.012605406,0.0041225823,-0.013026057,0.06983736,0.23818566,0.06940152,0.23707882
6,322,0.008242093,-0.01611564,0.0075710793,-0.016538478,0.07217855,0.22894941,0.07172621,0.22783683
6,323,0.011576228,-0.019672066,0.010881502,-0.020100247,0.074426144,0.21959163,0.073957816,0.21846499
6,324,0.014769983,-0.023270644,0.014052003,-0.023707394,0.0765791,0.21012294,0.076095104,0.20897374
6,325,0.017821949,-0.026907366,0.017080888,-0.02735594,0.07863648,0.20055388,0.07813693,0.19937359
6,326,0.02073088,-0.030578215,0.01996662,-0.031041913,0.080597445,0.19089502,0.080082245,0.18967493
6,327,0.023495656,-0.03427923,0.022707812,-0.034761343,0.08246122,0.18115678,0.08193013,0.17988823
6,328,0.026115324,-0.038006466,0.025303239,-0.038510267,0.08422719,0.17134957,0.08367975,0.17002395
6,329,0.028589066,-0.041756015,0.027751826,-0.04228474,0.08589478,0.16148365,0.085330375,0.16009246
6,330,0.030916188,-0.045524012,0.030052653,-0.046080824,0.08746353,0.15156917,0.08688141,0.15010408
6,331,0.03309616,-0.049306612,0.032204952,-0.049894605,0.08893309,0.14161627,0.08833231,0.14006913
6,332,0.03512862,-0.053100076,0.034208108,-0.05372219,0.090303205,0.13163479,0.08968267,0.12999786
6,333,0.037013274,-0.056900594,0.036061656,-0.057559725,0.09157368,0.121634744,0.090932176,0.11990042
6,334,0.038750004,-0.06070451,0.037765287,-0.061403364,0.09274444,0.11162576,0.092080615,0.10978691
6,335,0.040338825,-0.064508125,0.039318837,-0.06524931,0.09381549,0.10161757,0.09312789,0.09966734
6,336,0.041779872,-0.06830789,0.040722284,-0.0690938,0.09478692,0.09161951,0.09407398,0.08955159
6,337,0.043073412,-0.07210025,0.041975763,-0.07293311,0.09565892,0.08164092,0.094918974,0.07944949
6,338,0.044219855,-0.07588169,0.043079544,-0.076763555,0.09643175,0.07169109,0.09566305,0.069370694
6,339,0.045219716,-0.07964875,0.04403405,-0.0805815,0.09710578,0.06177908,0.096306495,0.059324794
6,340,0.046073634,-0.083398074,0.04483983,-0.08438337,0.09768141,0.05191374,0.09684969,0.049321197
6,341,0.046782386,-0.08712636,0.04549759,-0.08816562,0.0981592,0.042103752,0.09729309,0.039369218
6,342,0.047346856,-0.09083031,0.046008155,-0.09192477,0.09853972,0.032357797,0.09763727,0.029478017
6,343,0.047768023,-0.094506755,0.0463725,-0.0956574,0.09882363,0.022684218,0.09788289,0.019656606
6,344,0.048047032,-0.09815255,0.046591725,-0.099360146,0.09901172,0.013091294,0.09803067,0.0099138245
6,345,0.0481851,-0.101764604,0.04666706,-0.103029706,0.099104784,0.0035871365,0.09808145,0.00025836224
6,346,0.04818354,-0.105339915,0.046599865,-0.10666285,0.09910374,-0.0058203335,0.098036155,-0.009301275
6,347,0.048043843,-0.10887556,0.04639162,-0.11025641,0.099009566,-0.01512343,0.09789578,-0.018756775
6,348,0.04776751,-0.1123687,0.046043936,-0.11380728,0.09882328,-0.024314705,0.09766139,-0.028099943
6,349,0.047356214,-0.11581649,0.045558535,-0.11731246,0.09854603,-0.03338663,0.09733417,-0.03732288
6,350,0.04681171,-0.11921619,0.044937257,-0.12076898,0.09817897,-0.042332023,0.096915364,-0.046417776
6,351,0.046135847,-0.122565195,0.044182062,-0.12417396,0.09772335,-0.051144037,0.09640627,-0.055377074
6,352,0.045330573,-0.1258609,0.043295015,-0.12752461,0.0971805,-0.059815798,0.0958083,-0.06419342
6,353,0.04439794,-0.1291008,0.042278286,-0.13081823,0.0965518,-0.068340726,0.09512291,-0.07285969
6,354,0.04334007,-0.13228244,0.041134156,-0.13405217,0.09583867,-0.07671235,0.09435163,-0.08136894
6,355,0.042159174,-0.1354035,0.039865006,-0.13722388,0.09504261,-0.08492459,0.09349608,-0.089714445
6,356,0.040857594,-0.1384617,0.03847331,-0.14033091,0.0941652,-0.09297141,0.09255791,-0.09788975
6,357,0.039437715,-0.14145479,0.036961645,-0.14337085,0.09320803,-0.10084693,0.09153888,-0.105888546
6,358,0.037902,-0.14438076,0.035332672,-0.14634144,0.09217278,-0.108545855,0.09044075,-0.11370485
6,359,0.036253046,-0.14723748,0.033589136,-0.14924046,0.0910612,-0.11606254,0.08926541,-0.121332854
6,360,0.034493458,-0.15002301,0.031733878,-0.15206581,0.08987503,-0.12339192,0.088014744,-0.128767
6,361,0.03262597,-0.15273552,0.029769814,-0.15481547,0.088616125,-0.13052915,0.08669074,-0.13600197
6,362,0.030653384,-0.15537316,0.027699932,-0.1574875,0.087286375,-0.13746938,0.0852954,-0.1430327
6,363,0.028578501,-0.15793423,0.0255273,-0.16008008,0.08588766,-0.14420818,0.08383079,-0.14985438
6,364,0.026404288,-0.16041715,0.023255056,-0.16259147,0.084421985,-0.15074131,0.08229903,-0.15646245
6,365,0.024133738,-0.1628204,0.020886397,-0.16502003,0.08289137,-0.15706481,0.08070228,-0.16285256
6,366,0.021769922,-0.1651425,0.01842459,-0.16736422,0.08129788,-0.16317481,0.07904273,-0.16902067
6,367,0.019315947,-0.16738209,0.015872957,-0.16962259,0.079643615,-0.16906768,0.07732264,-0.17496294
6,368,0.016774978,-0.1695379,0.013234873,-0.17179377,0.077930704,-0.17474012,0.07554426,-0.18067583
6,369,0.014150251,-0.17160878,0.010513768,-0.17387652,0.07616133,-0.18018906,0.07370992,-0.18615603
6,370,0.011445053,-0.17359358,0.007713116,-0.17586969,0.07433772,-0.18541154,0.07182195,-0.19140051
6,371,0.008662708,-0.17549135,0.0048364354,-0.1777722,0.07246209,-0.19040501,0.069882736,-0.19640645
6,372,0.0058066063,-0.17730114,0.0018872798,-0.1795831,0.07053675,-0.19516699,0.06789466,-0.20117137
6,373,0.0028801672,-0.17902213,-0.0011307576,-0.18130155,0.06856398,-0.19969533,0.06586015,-0.20569299
6,374,-0.00011314452,-0.18065362,-0.0042140526,-0.18292676,0.06654615,-0.20398813,0.06378166,-0.2099693
6,375,-0.003169831,-0.18219495,-0.007358953,-0.18445806,0.06448558,-0.20804374,0.061661627,-0.21399851
6,376,-0.0062863342,-0.18364553,-0.010561782,-0.1858949,0.062384695,-0.21186055,0.059502546,-0.21777919
6,377,-0.009459138,-0.18500495,-0.013818843,-0.18723682,0.060245857,-0.2154375,0.057306908,-0.22131006
6,378,-0.012684602,-0.18627283,-0.017126422,-0.18848342,0.058071516,-0.21877359,0.055077214,-0.22459015
6,379,-0.01595914,-0.18744886,-0.020480797,-0.18963443,0.055864096,-0.221868,0.052815977,-0.22761874
6,380,-0.019279093,-0.18853287,-0.023878228,-0.19068968,0.053626064,-0.22472028,0.05052571,-0.23039535
6,381,-0.022640802,-0.18952474,-0.027314978,-0.19164906,0.05135988,-0.22733012,0.048208937,-0.23291971
6,382,-0.026040623,-0.19042443,-0.030787304,-0.19251262,0.049068,-0.2296974,0.04586819,-0.23519191
6,383,-0.029474854,-0.19123206,-0.03429147,-0.19328043,0.046752933,-0.23182246,0.043505974,-0.23721221
6,384,-0.03293984,-0.19194779,-0.037823733,-0.1939527,0.044417128,-0.23370571,0.041124813,-0.2389811
6,385,-0.036431856,-0.19257182,-0.041380383,-0.19452968,0.042063102,-0.23534769,0.038727216,-0.24049929
6,386,-0.03994724,-0.1931045,-0.044957697,-0.19501181,0.039693322,-0.2367493,0.03631569,-0.24176787
6,387,-0.04348229,-0.19354625,-0.048551988,-0.19539951,0.037310287,-0.23791164,0.03389272,-0.242788
6,388,-0.04703335,-0.19389752,-0.052159578,-0.19569333,0.03491646,-0.2388359,0.031460784,-0.2435611
6,389,-0.050596774,-0.19415899,-0.055776812,-0.19589394,0.032514296,-0.23952389,0.029022349,-0.24408896
6,390,-0.05416889,-0.19433121,-0.05940007,-0.19600205,0.030106274,-0.23997706,0.02657985,-0.24437343
6,391,-0.057746075,-0.19441499,-0.06302576,-0.19601847,0.027694836,-0.2401975,0.024135714,-0.24441664
6,392,-0.061324753,-0.19441113,-0.06665031,-0.19594409,0.02528239,-0.24018735,0.021692345,-0.24422091
6,393,-0.06490133,-0.1943205,-0.0702702,-0.19577987,0.02287136,-0.23994887,0.019252114,-0.24378882
6,394,-0.068472296,-0.19414406,-0.07388195,-0.19552688,0.020464113,-0.23948461,0.016817378,-0.24312314
6,395,-0.07203409,-0.19388285,-0.077482104,-0.19518624,0.018063048,-0.23879732,0.014390453,-0.24222684
6,396,-0.0755833,-0.19353803,-0.08106728,-0.19475915,0.015670467,-0.23789,0.011973628,-0.24110305
6,397,-0.07911646,-0.19311073,-0.08463412,-0.19424687,0.013288705,-0.2367657,0.009569163,-0.23975514
6,398,-0.08263022,-0.19260222,-0.08817933,-0.19365077,0.010920025,-0.23542768,0.007179279,-0.23818666
6,399,-0.08612123,-0.1920138,-0.09169965,-0.19297223,0.008566676,-0.23387942,0.0048061702,-0.23640126
6,400,-0.08958622,-0.19134682,-0.09519191,-0.19221278,0.006230869,-0.23212445,0.002451981,-0.23440297
6,401,-0.093021974,-0.19060278,-0.09865297,-0.19137391,0.003914771,-0.23016669,0.0001188265,-0.23219572
6,402,-0.09642532,-0.18978313,-0.102079764,-0.19045727,0.0016205215,-0.22801,-0.0021912341,-0.22978382
6,403,-0.099793166,-0.18888946,-0.105469294,-0.18946451,-0.0006498009,-0.22565855,-0.0044761724,-0.22717164
6,404,-0.10312247,-0.18792331,-0.10881861,-0.18839736,-0.0028941415,-0.2231164,-0.006734004,-0.22436373
6,405,-0.106410265,-0.1868864,-0.11212486,-0.18725762,-0.005110496,-0.22038804,-0.0089628,-0.2213648
6,406,-0.10965367,-0.18578044,-0.11538523,-0.18604709,-0.0072969273,-0.21747799,-0.011160666,-0.21817963
6,407,-0.11284985,-0.18460722,-0.118597,-0.1847677,-0.009451524,-0.214391,-0.013325776,-0.21481323
6,408,-0.11599605,-0.18336847,-0.12175752,-0.18342134,-0.011572431,-0.21113156,-0.015456336,-0.21127068
6,409,-0.1190896,-0.18206611,-0.12486422,-0.18201002,-0.013657847,-0.20770474,-0.017550612,-0.20755716
6,410,-0.122127935,-0.18070205,-0.1279146,-0.18053578,-0.015706036,-0.20411557,-0.019606918,-0.20367807
6,411,-0.12510854,-0.17927815,-0.13090624,-0.17900066,-0.017715313,-0.20036897,-0.021623636,-0.19963883
6,412,-0.12802899,-0.17779647,-0.1338368,-0.17740677,-0.019684035,-0.19647032,-0.02359918,-0.19544494
6,413,-0.13088696,-0.176259,-0.13670404,-0.17575628,-0.021610638,-0.19242488,-0.025532031,-0.1911021
6,414,-0.13368018,-0.17466776,-0.13950579,-0.17405134,-0.023493595,-0.18823797,-0.027420735,-0.18661603
6,415,-0.13640653,-0.17302486,-0.14223997,-0.17229417,-0.025331471,-0.18391512,-0.029263893,-0.1819925
6,416,-0.13906394,-0.17133239,-0.14490457,-0.170487,-0.027122876,-0.17946182,-0.03106014,-0.17723742
6,417,-0.14165044,-0.16959248,-0.1474977,-0.1686321,-0.028866477,-0.17488374,-0.032808214,-0.17235675
6,418,-0.14416412,-0.1678073,-0.15001753,-0.16673176,-0.030560989,-0.17018649,-0.034506872,-0.1673565
6,419,-0.14660324,-0.16597904,-0.15246233,-0.16478829,-0.032205243,-0.16537593,-0.036154956,-0.16224279
6,420,-0.14896612,-0.1641099,-0.15483049,-0.16280401,-0.0337981,-0.16045779,-0.037751365,-0.15702167
6,421,-0.15125114,-0.16220209,-0.15712042,-0.16078126,-0.03533847,-0.1554379,-0.039295048,-0.15169938
6,422,-0.1534568,-0.16025783,-0.1593307,-0.15872243,-0.036825348,-0.1503221,-0.04078503,-0.1462821
6,423,-0.15558177,-0.15827942,-0.16145994,-0.15662986,-0.03825782,-0.14511643,-0.042220384,-0.14077607
6,424,-0.15762469,-0.15626913,-0.1635069,-0.15450594,-0.039634984,-0.13982691,-0.043600272,-0.13518754
6,425,-0.15958442,-0.1542292,-0.16547036,-0.15235305,-0.04095607,-0.13445936,-0.04492388,-0.12952279
6,426,-0.16145979,-0.15216188,-0.16734928,-0.15017357,-0.042220283,-0.12901978,-0.04619049,-0.12378808
6,427,-0.16324988,-0.1500695,-0.16914265,-0.14796993,-0.043427017,-0.12351425,-0.047399428,-0.117989786
6,428,-0.16495375,-0.14795436,-0.17084958,-0.14574449,-0.044575624,-0.117948815,-0.048550095,-0.11213413
6,429,-0.16657059,-0.14581874,-0.17246924,-0.14349966,-0.04566556,-0.112329505,-0.04964194,-0.10622746
6,430,-0.16809972,-0.14366487,-0.17400095,-0.1412378,-0.04669637,-0.10666216,-0.050674487,-0.10027598
6,431,-0.16954052,-0.14149514,-0.17544408,-0.13896129,-0.04766764,-0.1009531,-0.051647328,-0.09428595
6,432,-0.1708925,-0.13931178,-0.1767981,-0.13667251,-0.048579037,-0.09520817,-0.0525601,-0.08826365
6,433,-0.17215523,-0.13711703,-0.1780626,-0.13437381,-0.04943026,-0.08943328,-0.053412516,-0.08221525
6,434,-0.1733284,-0.13491324,-0.1792372,-0.13206753,-0.05022111,-0.08363459,-0.054204334,-0.076146886
6,435,-0.1744118,-0.1327026,-0.1803217,-0.12975599,-0.05095145,-0.07781791,-0.054935407,-0.07006468
6,436,-0.17540531,-0.13048738,-0.18131588,-0.1274415,-0.05162119,-0.07198915,-0.055605605,-0.063974716
6,437,-0.17630884,-0.12826979,-0.18221971,-0.12512635,-0.052230276,-0.06615415,-0.05621489,-0.05788302
6,438,-0.17712252,-0.12605202,-0.1830332,-0.122812785,-0.052778788,-0.060318686,-0.056763276,-0.051795505
6,439,-0.17784648,-0.12383634,-0.18375646,-0.12050307,-0.05326682,-0.05448871,-0.057250835,-0.045718104
6,440,-0.17848094,-0.12162481,-0.18438967,-0.11819939,-0.053694524,-0.048669674,-0.057677694,-0.0396566
6,441,-0.17902628,-0.11941965,-0.18493311,-0.11590396,-0.054062143,-0.042867377,-0.05804404,-0.03361678
6,442,-0.17948286,-0.117222935,-0.18538716,-0.11361892,-0.054369938,-0.037087314,-0.058350123,-0.02760431
6,443,-0.1798512,-0.115036786,-0.18575226,-0.11134639,-0.05461824,-0.03133505,-0.05859624,-0.021624753
6,444,-0.18013193,-0.11286324,-0.18602893,-0.109088466,-0.05480748,-0.025615953,-0.058782745,-0.01568364
6,445,-0.18032567,-0.11070435,-0.18621778,-0.1068472,-0.05493809,-0.0199354,-0.058910057,-0.009786342
6,446,-0.1804332,-0.10856213,-0.18631952,-0.104624614,-0.055010572,-0.014298719,-0.058978636,-0.0039382116
6,447,-0.18045531,-0.1064385,-0.1863349,-0.102422684,-0.05502548,-0.008710973,-0.058989003,0.0018555756
6,448,-0.18039298,-0.10433538,-0.18626477,-0.100243345,-0.054983463,-0.0031771765,-0.05894173,0.0075899228
6,449,-0.18024717,-0.10225475,-0.18611003,-0.09808851,-0.05488517,0.0022974543,-0.05883742,0.013259793
6,450,-0.1800189,-0.10019836,-0.1858717,-0.09596002,-0.05473129,0.007708293,-0.05867676,0.018860342
6,451,-0.17970933,-0.09816809,-0.18555085,-0.093859695,-0.0545226,0.0130504,-0.05846047,0.024386784
6,452,-0.17931966,-0.09616567,-0.18514858,-0.0917893,-0.054259922,0.018319227,-0.05818929,0.02983448
6,453,-0.17885119,-0.09419283,-0.18466613,-0.08975055,-0.053944115,0.023510221,-0.05786406,0.035198897
6,454,-0.17830518,-0.09225123,-0.18410473,-0.08774513,-0.05357604,0.028619038,-0.05748561,0.04047562
6,455,-0.1776831,-0.09034255,-0.18346573,-0.085774645,-0.053156685,0.033641204,-0.057054855,0.04566043
6,456,-0.1769864,-0.08846833,-0.18275054,-0.08384068,-0.052687027,0.03857272,-0.05657273,0.05074913
6,457,-0.17621659,-0.086630106,-0.1819606,-0.081944756,-0.052168086,0.04340951,-0.05604022,0.055737752
6,458,-0.17537522,-0.084829375,-0.1810974,-0.08008833,-0.051600907,0.048147652,-0.055458326,0.060622435
6,459,-0.17446397,-0.08306755,-0.18016256,-0.07827284,-0.050986618,0.05278342,-0.054828133,0.06539941
6,460,-0.1734845,-0.08134599,-0.17915767,-0.07649963,-0.050326344,0.057313245,-0.054150723,0.07006513
6,461,-0.17243855,-0.07966605,-0.17808442,-0.07477002,-0.049621247,0.061733562,-0.053427223,0.07461615
6,462,-0.1713279,-0.07802896,-0.17694452,-0.073085256,-0.048872545,0.06604111,-0.0526588,0.07904915
6,463,-0.17015438,-0.07643597,-0.17573977,-0.071446545,-0.04808145,0.07023265,-0.051846653,0.08336098
6,464,-0.16891988,-0.07488817,-0.17447196,-0.06985501,-0.047249254,0.074305266,-0.050992005,0.08754867
6,465,-0.16762629,-0.0733867,-0.17314298,-0.06831175,-0.046377227,0.07825598,-0.05009612,0.09160935
6,466,-0.16627555,-0.071932584,-0.17175472,-0.06681778,-0.045466665,0.0820821,-0.04916027,0.09554032
6,467,-0.16486965,-0.070526764,-0.17030913,-0.06537408,-0.04451893,0.085781135,-0.04818577,0.09933905
6,468,-0.16341063,-0.06917021,-0.16880818,-0.06398154,-0.04353538,0.08935055,-0.047173955,0.10300314
6,469,-0.16190054,-0.06786372,-0.1672539,-0.062641025,-0.0425174,0.09278823,-0.046126187,0.106530346
6,470,-0.16034141,-0.0666081,-0.16564831,-0.061353326,-0.04146637,0.096092045,-0.045043837,0.10991858
6,471,-0.15873541,-0.0654041,-0.16399351,-0.06011917,-0.040383738,0.09926005,-0.043928307,0.11316593
6,472,-0.1570846,-0.06425241,-0.1622916,-0.05893923,-0.0392709,0.10229043,-0.042781025,0.116270624
6,473,-0.15539113,-0.06315358,-0.1605447,-0.05781412,-0.038129304,0.105181694,-0.041603405,0.119231045
6,474,-0.15365721,-0.06210817,-0.15875496,-0.056744393,-0.03696044,0.10793241,-0.040396918,0.12204575
6,475,-0.15188499,-0.0611167,-0.15692456,-0.055730544,-0.035765756,0.110541195,-0.039163016,0.12471342
6,476,-0.15007667,-0.060179587,-0.15505569,-0.054773007,-0.03454674,0.11300696,-0.03790318,0.12723292
6,477,-0.14823444,-0.059297163,-0.15315054,-0.05387216,-0.033304863,0.11532882,-0.03661889,0.12960325
6,478,-0.14636052,-0.058469754,-0.15121135,-0.053028315,-0.03204162,0.11750592,-0.035311647,0.13182361
6,479,-0.1444571,-0.05769759,-0.14924033,-0.05224174,-0.030758496,0.11953767,-0.033982947,0.13389328
6,480,-0.14252643,-0.05698086,-0.14723974,-0.05151262,-0.029457001,0.12142355,-0.03263432,0.13581175
6,481,-0.14057072,-0.056319665,-0.1452118,-0.050841108,-0.028138619,0.123163305,-0.03126725,0.13757867
6,482,-0.13859221,-0.055714104,-0.1431588,-0.05022729,-0.026804877,0.12475668,-0.029883286,0.13919376
6,483,-0.13659307,-0.05516414,-0.14108294,-0.04967118,-0.025457226,0.12620376,-0.02848392,0.14065701
6,484,-0.13457555,-0.054669734,-0.13898651,-0.04917276,-0.024097176,0.12750466,-0.027070682,0.14196847
6,485,-0.13254184,-0.054230805,-0.13687176,-0.04873194,-0.02272622,0.12865958,-0.025645088,0.14312837
6,486,-0.13049412,-0.05384713,-0.1347409,-0.048348583,-0.021345818,0.12966911,-0.024208646,0.14413707
6,487,-0.12843457,-0.053518515,-0.13259622,-0.048022486,-0.019957442,0.13053378,-0.022762883,0.14499511
6,488,-0.12636538,-0.05324466,-0.13043992,-0.047753405,-0.018562568,0.13125436,-0.021309284,0.14570312
6,489,-0.12428868,-0.053025264,-0.12827422,-0.047541037,-0.01716263,0.13183163,-0.019849347,0.14626192
6,490,-0.12220661,-0.052859914,-0.12610133,-0.047385022,-0.015759075,0.13226672,-0.018384568,0.14667243
6,491,-0.120121285,-0.05274817,-0.12392344,-0.047284957,-0.014353321,0.13256074,-0.016916418,0.14693572
6,492,-0.11803478,-0.05268955,-0.12174274,-0.047240384,-0.012946773,0.13271499,-0.0154463705,0.147053
6,493,-0.11594918,-0.052683566,-0.119561374,-0.047250792,-0.0115408385,0.13273072,-0.013975876,0.14702561
6,494,-0.11386649,-0.052729536,-0.11738147,-0.04731563,-0.010136863,0.13260977,-0.012506366,0.14685501
6,495,-0.111788765,-0.052826907,-0.115205154,-0.047434293,-0.008736232,0.13235356,-0.011039276,0.14654279
6,496,-0.109717965,-0.052974973,-0.11303451,-0.047606125,-0.007340272,0.13196397,-0.009576009,0.14609064
6,497,-0.10765606,-0.053173017,-0.11087159,-0.04783044,-0.005950309,0.13144287,-0.00811795,0.14550042
6,498,-0.10560497,-0.053420264,-0.10871845,-0.04810649,-0.004567633,0.1307923,-0.0066664806,0.14477406
6,499,-0.10356657,-0.05371594,-0.10657707,-0.048433498,-0.003193516,0.13001432,-0.0052229413,0.14391364
6,500,-0.10277545,0.4347066,-0.08966622,0.70732754,-0.0026602056,1.4151671,0.0061769416,2.132496
6,501,-0.07593343,0.63014776,-0.058199525,0.69863945,0.015434442,1.9294182,0.027389158,2.1096358
6,502,-0.042882815,0.71482056,-0.027085586,0.6892556,0.037714403,2.152212,0.048363578,2.0849447
6,503,-0.0086794235,0.73971015,0.0036487717,0.6791926,0.060771473,2.2177022,0.06908211,2.0584667
6,504,0.025120784,0.7331359,0.03397738,0.66846806,0.08355675,2.200404,0.08952713,2.0302477
6,505,0.058068972,0.7113643,0.06387476,0.65710014,0.105767675,2.143118,0.10968144,2.0003362
6,506,0.09003548,0.6837049,0.09331618,0.6451078,0.12731682,2.0703394,0.12952839,1.9687816
6,507,0.120991364,0.65521187,0.12227765,0.6325106,0.14818469,1.9953676,0.1490518,1.9356354
6,508,0.15094332,0.62831396,0.15073593,0.61932874,0.1683758,1.9245931,0.16823599,1.9009509
6,509,0.17991488,0.60388976,0.17866863,0.6055829,0.187906,1.8603274,0.18706588,1.8647823
6,510,0.20794182,0.5819746,0.20605412,0.5912941,0.20679942,1.8026636,0.2055269,1.8271853
6,511,0.23507027,0.5622062,0.23287165,0.576484,0.22508715,1.7506483,0.22360504,1.7882165
6,512,0.26135275,0.5440845,0.2591013,0.5611745,0.24280462,1.7029657,0.24128687,1.7479336
6,513,0.28684297,0.5271107,0.28472397,0.54538774,0.25998798,1.6583039,0.25855953,1.7063949
6,514,0.31159064,0.51085097,0.3097215,0.5291461,0.2766708,1.6155207,0.27541077,1.6636593
6,515,0.3356373,0.49495715,0.33407658,0.51247215,0.29288104,1.5737004,0.29182896,1.6197864
6,516,0.35901412,0.4791652,0.35777277,0.49538872,0.30863976,1.5321481,0.30780295,1.5748359
6,517,0.3817409,0.46328363,0.38079453,0.47791857,0.32396024,1.4903599,0.3233223,1.528868
6,518,0.4038268,0.44717914,0.4031272,0.4600845,0.3388487,1.4479854,0.3383771,1.4819423
6,519,0.42527157,0.43076316,0.42475703,0.4419093,0.35330498,1.404791,0.35295814,1.4341192
6,520,0.44606718,0.41398042,0.44567114,0.42341578,0.36732367,1.3606318,0.36705667,1.3854585
6,521,0.4661999,0.39679992,0.4658576,0.40462658,0.38089547,1.315426,0.3806647,1.3360196
6,522,0.48565164,0.37920856,0.48530522,0.3855642,0.3940082,1.269139,0.39377466,1.2858622
6,523,0.5044018,0.36120594,0.5040039,0.366251,0.40664795,1.2217699,0.40637973,1.2350446
6,524,0.5224287,0.3428017,0.5219441,0.34670913,0.41880018,1.1733441,0.4184735,1.1836255
6,525,0.5397101,0.32401264,0.5391175,0.3269605,0.43044987,1.1239058,0.4300504,1.1316622
6,526,0.55622506,0.3048612,0.55551636,0.30702683,0.4415829,1.0735139,0.44110513,1.0792122
6,527,0.5719538,0.28537446,0.5711339,0.28692946,0.45218587,1.0222398,0.4516332,1.0263313
6,528,0.58687884,0.26558316,0.5859642,0.26668948,0.4622471,0.97016424,0.46163052,0.9730752
6,529,0.6009851,0.24552055,0.600002,0.24632774,0.47175637,0.91737485,0.47109362,0.91949874
6,530,0.6142605,0.2252221,0.613243,0.22586463,0.48070553,0.8639649,0.4800196,0.86565554
6,531,0.6266958,0.20472437,0.6256836,0.20532031,0.48908836,0.8100307,0.48840603,0.8115987
6,532,0.638285,0.18406475,0.63732105,0.18471453,0.49690083,0.7556704,0.49625102,0.7573801
6,533,0.64902496,0.1632804,0.64815336,0.1640667,0.5041408,0.700982,0.5035533,0.7030509
6,534,0.65891576,0.1424079,0.6581792,0.14339589,0.51080835,0.6460616,0.51031184,0.6486612
6,535,0.66796017,0.12148279,0.6673981,0.12272077,0.51690537,0.59100276,0.51652646,0.59426016
6,536,0.67616355,0.100538775,0.67581016,0.102059685,0.52243537,0.5358942,0.5221972,0.5398961
6,537,0.6835336,0.07960762,0.68341637,0.08143059,0.52740365,0.4808195,0.5273246,0.48561615
6,538,0.6900798,0.058718745,0.6902183,0.060851075,0.53181654,0.42585602,0.53190994,0.43146667
6,539,0.6958134,0.03789911,0.6962182,0.040338386,0.53568166,0.37107474,0.53595454,0.37749302
6,540,0.7007469,0.01717301,0.70141906,0.019909393,0.5390074,0.31653956,0.53946054,0.32373962
6,541,0.7048936,-0.0034377463,0.7058244,-0.0004193691,0.54180276,0.26230788,0.5424302,0.27024993
6,542,0.70826745,-0.023913939,0.70943844,-0.020631723,0.54407716,0.20843028,0.54486656,0.21706656
6,543,0.7108828,-0.044238683,0.71226615,-0.040711824,0.5458402,0.15495117,0.5467727,0.16423115
6,544,0.71275395,-0.064397216,0.71431285,-0.060644172,0.54710156,0.1019094,0.54815245,0.111784525
6,545,0.71389484,-0.08437683,0.71558475,-0.08041358,0.5478707,0.04933841,0.54900986,0.05976663
6,546,0.7143192,-0.10416643,0.71608835,-0.100005195,0.54815674,-0.0027326315,0.54934937,0.0082165515
6,547,0.7140402,-0.12375623,0.71583104,-0.11940447,0.5479687,-0.054277927,0.5491759,-0.042827442
6,548,0.71307015,-0.14313768,0.71482044,-0.13859718,0.54731476,-0.10527501,0.54849464,-0.093327895
6,549,0.7114207,-0.16230291,0.713065,-0.15756936,0.54620284,-0.15570317,0.5473113,-0.14324811
6,550,0.70910275,-0.18124473,0.71057355,-0.17630741,0.54464024,-0.2055435,0.54563177,-0.19255225
6,551,0.7061263,-0.19995622,0.7073555,-0.19479793,0.5426338,-0.25477776,0.5434624,-0.24120511
6,552,0.70250064,-0.21843052,0.70342076,-0.2130279,0.5401897,-0.3033879,0.5408099,-0.28917235
6,553,0.6982343,-0.23666051,0.6987797,-0.23098451,0.53731364,-0.35135525,0.5376813,-0.3364204
6,554,0.69333506,-0.2546388,0.69344336,-0.24865524,0.534011,-0.39866027,0.53408396,-0.38291618
6,555,0.6878102,-0.27235752,0.68742305,-0.2660279,0.53028655,-0.44528237,0.5300256,-0.42862767
6,556,0.6816663,-0.289808,0.6807307,-0.28309047,0.5261449,-0.49119863,0.5255142,-0.47352326
6,557,0.6749099,-0.30698097,0.6733785,-0.29983133,0.5215903,-0.5363847,0.52055794,-0.51757234
6,558,0.66754705,-0.32386607,0.6653794,-0.31623906,0.51662683,-0.5808133,0.5151656,-0.5607449
6,559,0.6595837,-0.34045216,0.65674657,-0.33230248,0.5112586,-0.62445515,0.50934607,-0.6030114
6,560,0.65102565,-0.35672718,0.6474936,-0.3480108,0.5054895,-0.6672785,0.5031085,-0.6443437
6,561,0.64187926,-0.37267798,0.63763463,-0.36335337,0.4993238,-0.7092487,0.4964624,-0.68471354
6,562,0.63215065,-0.38829058,0.6271841,-0.37831998,0.49276558,-0.75032914,0.48941752,-0.72409415
6,563,0.6218466,-0.40354994,0.6161569,-0.39290056,0.48581946,-0.79048,0.4819839,-0.76245904
6,564,0.6109744,-0.4184404,0.60456824,-0.40708545,0.4784903,-0.8296603,0.47417182,-0.79978275
6,565,0.59954184,-0.43294573,0.5924338,-0.42086524,0.47078344,-0.8678272,0.4659918,-0.8360406
6,566,0.5875574,-0.4470489,0.57976955,-0.43423083,0.4627045,-0.9049359,0.4574546,-0.87120855
6,567,0.5750304,-0.46073252,0.56659186,-0.4471735,0.45425984,-0.9409406,0.4485713,-0.9052637
6,568,0.56197095,-0.47397918,0.55291736,-0.45968482,0.44545627,-0.9757957,0.4393531,-0.9381839
6,569,0.5483902,-0.4867713,0.53876305,-0.47175664,0.43630126,-1.0094547,0.42981145,-0.96994764
6,570,0.5343,-0.49909157,0.5241463,-0.48338127,0.42680284,-1.0418721,0.41995806,-1.0005348
6,571,0.51971316,-0.51092297,0.50908464,-0.49455133,0.4169696,-1.0730033,0.40980473,-1.0299258
6,572,0.50464356,-0.5222491,0.493596,-0.5052598,0.40681094,-1.102805,0.3993636,-1.0581023
6,573,0.4891058,-0.53305453,0.47769845,-0.5155001,0.3963367,-1.1312367,0.38864678,-1.0850469
6,574,0.4731153,-0.5433247,0.46141046,-0.5252661,0.38555723,-1.1582599,0.3776668,-1.1107435
6,575,0.45668837,-0.55304617,0.44475064,-0.53455186,0.3744836,-1.1838392,0.36643615,-1.1351764
6,576,0.43984213,-0.56220704,0.42773783,-0.5433521,0.36312726,-1.2079437,0.3549675,-1.158332
6,577,0.42259404,-0.5707966,0.4103911,-0.5516619,0.35150003,-1.2305448,0.3432738,-1.180197
6,578,0.40496227,-0.57880604,0.39272964,-0.5594768,0.33961415,-1.2516195,0.33136794,-1.2007598
6,579,0.38696548,-0.5862282,0.37477288,-0.5667927,0.32748222,-1.2711488,0.31926298,-1.2200097
6,580,0.3686228,-0.59305733,0.35654035,-0.57360613,0.31511712,-1.2891179,0.30697215,-1.2379373
6,581,0.34995362,-0.59928966,0.33805174,-0.57991403,0.30253193,-1.3055166,0.29450867,-1.2545348
6,582,0.33097768,-0.60492307,0.31932682,-0.58571386,0.28973994,-1.3203394,0.2818859,-1.2697955
6,583,0.31171483,-0.6099573,0.30038548,-0.59100354,0.27675453,-1.3335856,0.2691172,-1.2837139
6,584,0.29218534,-0.61439323,0.28124765,-0.59578156,0.26358938,-1.3452576,0.25621608,-1.296286
6,585,0.27240947,-0.6182339,0.26193333,-0.6000469,0.25025812,-1.3553634,0.243196,-1.307509
6,586,0.252408,-0.62148356,0.24246252,-0.603799,0.2367748,-1.3639139,0.2300704,-1.3173816
6,587,0.2322015,-0.6241476,0.22285528,-0.60703796,0.22315326,-1.3709236,0.21685283,-1.3259041
6,588,0.21181126,-0.6262328,0.20313163,-0.60976446,0.20940787,-1.3764102,0.20355679,-1.3330783
6,589,0.19125862,-0.6277471,0.18331154,-0.6119795,0.195553,-1.3803948,0.19019574,-1.3389064
6,590,0.17056534,-0.62869924,0.16341494,-0.61368483,0.18160333,-1.3829,0.17678311,-1.3433937
6,591,0.14975359,-0.6290991,0.1434617,-0.61488265,0.16757378,-1.383952,0.16333231,-1.3465453
6,592,0.128846,-0.6289569,0.123471566,-0.6155757,0.15347964,-1.3835781,0.14985663,-1.3483689
6,593,0.107865706,-0.62828404,0.10346417,-0.61576724,0.13933647,-1.3818076,0.13636932,-1.3488729
6,594,0.08683634,-0.62709206,0.08345903,-0.61546123,0.12516023,-1.3786712,0.12288352,-1.3480678
6,595,0.0657821,-0.6253931,0.06347547,-0.614662,0.11096722,-1.3742008,0.109412275,-1.3459648
6,596,0.04472773,-0.6231996,0.043532655,-0.6133745,0.096774116,-1.3684292,0.0959685,-1.342577
6,597,0.023698408,-0.62052447,0.023649538,-0.611604,0.082597904,-1.3613902,0.08256496,-1.3379184
6,598,0.0027199052,-0.6173809,0.0038448565,-0.6093565,0.06845595,-1.3531189,0.06921429,-1.3320048
6,599,-0.018181711,-0.61378205,-0.015862897,-0.60663855,0.05436583,-1.3436494,0.05592898,-1.3248532
6,600,-0.038980186,-0.6097413,-0.035455488,-0.6034569,0.04034523,-1.3330172,0.04272129,-1.3164816
6,601,-0.0596489,-0.60527223,-0.054914966,-0.59981906,0.026412109,-1.3212582,0.029603332,-1.3069096
6,602,-0.08016144,-0.6003884,-0.074223675,-0.59573287,0.012584271,-1.3084077,0.016587013,-1.2961578
6,603,-0.100491464,-0.59510344,-0.093364276,-0.59120655,-0.0011205352,-1.2945017,0.00368402,-1.2842481
6,604,-0.120612904,-0.5894308,-0.11231975,-0.58624893,-0.01468473,-1.2795757,-0.00909418,-1.2712034
6,605,-0.1405002,-0.58338404,-0.13107346,-0.58086914,-0.028091086,-1.2636652,-0.021736363,-1.2570479
6,606,-0.1601286,-0.57697636,-0.14960909,-0.5750767,-0.041322906,-1.2468051,-0.034231536,-1.2418066
6,607,-0.17947409,-0.570221,-0.16791072,-0.5688815,-0.05436402,-1.2290303,-0.046568967,-1.2255057
6,608,-0.19851373,-0.5631309,-0.18596287,-0.5622939,-0.06719896,-1.2103746,-0.058738217,-1.2081722
6,609,-0.21722578,-0.5557188,-0.2037504,-0.55532444,-0.079813056,-1.1908715,-0.070729084,-1.1898339
6,610,-0.23558979,-0.5479972,-0.22125861,-0.54798406,-0.09219254,-1.1705542,-0.08253165,-1.1705197
6,611,-0.25358668,-0.53997797,-0.23847327,-0.54028404,-0.10432454,-1.1494538,-0.09413634,-1.1502591
6,612,-0.271199,-0.5316731,-0.2553805,-0.5322358,-0.11619729,-1.1276017,-0.10553379,-1.1290823
6,613,-0.28841066,-0.523094,-0.27196705,-0.5238512,-0.12779996,-1.1050282,-0.11671505,-1.1070206
6,614,-0.30520728,-0.51425153,-0.28821993,-0.51514214,-0.13912284,-1.0817616,-0.12767139,-1.084105
6,615,-0.3215761,-0.50515646,-0.30412674,-0.5061209,-0.15015732,-1.0578303,-0.13839443,-1.0603681
6,616,-0.3375058,-0.49581897,-0.31967553,-0.49679986,-0.1608958,-1.0332612,-0.14887613,-1.0358422
6,617,-0.35298654,-0.4862489,-0.33485484,-0.4871916,-0.17133163,-1.0080801,-0.15910874,-1.0105606
6,618,-0.36801013,-0.47645587,-0.34965372,-0.47730878,-0.18145928,-0.98231244,-0.16908492,-0.9845566
6,619,-0.38256952,-0.46644896,-0.3640617,-0.46716434,-0.191274,-0.9559819,-0.17879759,-0.9578642
6,620,-0.39665905,-0.45623684,-0.37806883,-0.45677117,-0.20077197,-0.9291115,-0.18824,-0.9305174
6,621,-0.41027415,-0.44582814,-0.39166564,-0.44614232,-0.20995015,-0.90172374,-0.19740584,-0.90255046
6,622,-0.42341128,-0.43523112,-0.4048432,-0.43529096,-0.2188061,-0.8738406,-0.20628905,-0.873998
6,623,-0.4360679,-0.4244538,-0.4175931,-0.42423022,-0.22733815,-0.8454829,-0.21488397,-0.84489465
6,624,-0.4482422,-0.4135041,-0.42990738,-0.41297334,-0.23554502,-0.8166717,-0.22318523,-0.8152752
6,625,-0.45993304,-0.40238976,-0.44177866,-0.40153357,-0.24342602,-0.7874273,-0.23118785,-0.7851745
6,626,-0.47113985,-0.3911186,-0.45320007,-0.3899241,-0.2509807,-0.75777024,-0.23888722,-0.7546273
6,627,-0.48186257,-0.37969813,-0.46416524,-0.37815818,-0.25820908,-0.7277204,-0.24627902,-0.7236684
6,628,-0.4921014,-0.36813617,-0.47466832,-0.366249,-0.26511124,-0.69729817,-0.25335932,-0.69233257
6,629,-0.50185686,-0.35644042,-0.484704,-0.35420966,-0.27168757,-0.666524,-0.26012453,-0.6606543
6,630,-0.5111296,-0.34461877,-0.4942674,-0.34205332,-0.2779385,-0.6354185,-0.26657137,-0.6286682
6,631,-0.5199206,-0.33267933,-0.50335425,-0.32979298,-0.28386462,-0.604003,-0.27269697,-0.59640837
6,632,-0.5282304,-0.32063022,-0.51196074,-0.31744155,-0.2894664,-0.572299,-0.27849877,-0.5639089
6,633,-0.53606,-0.3084799,-0.52008355,-0.3050119,-0.29474443,-0.54032874,-0.28397447,-0.5312036
6,634,-0.54340994,-0.29623714,-0.52771986,-0.29251677,-0.2996992,-0.5081152,-0.28912222,-0.498326
6,635,-0.55028105,-0.2839108,-0.5348674,-0.2799688,-0.3043311,-0.47568175,-0.2939405,-0.4653094
6,636,-0.55667365,-0.27151012,-0.54152435,-0.26738045,-0.30864045,-0.44305268,-0.29842806,-0.4321865
6,637,-0.5625882,-0.25904468,-0.5476894,-0.25476414,-0.31262755,-0.4102532,-0.30258402,-0.3989901
6,638,-0.568025,-0.24652421,-0.5533616,-0.24213208,-0.31629258,-0.37730893,-0.30640775,-0.36575222
6,639,-0.572984,-0.23395893,-0.55854064,-0.22949636,-0.3196355,-0.34424677,-0.30989903,-0.33250472
6,640,-0.57746524,-0.22135916,-0.5632266,-0.21686889,-0.32265642,-0.31109387,-0.3130579,-0.29927891
6,641,-0.58146864,-0.20873564,-0.56742,-0.20426145,-0.32535517,-0.27787846,-0.31588477,-0.26610583
6,642,-0.58499396,-0.1960994,-0.57112193,-0.19168563,-0.32773164,-0.24462958,-0.3183803,-0.23301592
6,643,-0.58804107,-0.18346152,-0.5743338,-0.17915285,-0.32978576,-0.21137637,-0.32054546,-0.20003927
6,644,-0.59060955,-0.17083357,-0.57705754,-0.16667435,-0.33151722,-0.17814933,-0.3223816,-0.16720544
6,645,-0.59269947,-0.15822715,-0.5792954,-0.15426117,-0.33292606,-0.1449789,-0.32389015,-0.1345435
6,646,-0.5943105,-0.14565411,-0.5810502,-0.14192419,-0.3340121,-0.11189633,-0.3250731,-0.10208204
6,647,-0.595443,-0.13312641,-0.58232516,-0.12967409,-0.33477554,-0.07893304,-0.32593256,-0.06984919
6,648,-0.59609705,-0.1206561,-0.5831238,-0.11752132,-0.33521643,-0.046120774,-0.32647094,-0.037872445
6,649,-0.5962733,-0.10825543,-0.58345014,-0.10547616,-0.33533522,-0.013491732,-0.32669094,-0.0061788354
6,650,-0.59597254,-0.09593658,-0.58330864,-0.093548685,-0.33513248,0.018922016,-0.32659554,0.025205122
6,651,-0.59519625,-0.08371179,-0.582704,-0.08174875,-0.33460918,0.05108828,-0.32618797,0.0562535
6,652,-0.59394586,-0.07159327,-0.5816415,-0.07008599,-0.33376628,0.08297491,-0.3254717,0.08694092
6,653,-0.5922237,-0.059593204,-0.5801265,-0.058569826,-0.33260533,0.11454987,-0.32445043,0.11724261
6,654,-0.59003246,-0.047723707,-0.5781651,-0.047209475,-0.33112818,0.14578126,-0.32312822,0.14713433
6,655,-0.5873755,-0.03599676,-0.5757634,-0.03601392,-0.3293371,0.17663756,-0.32150918,0.17659242
6,656,-0.5842568,-0.024424277,-0.57292813,-0.02499191,-0.32723475,0.20708746,-0.31959787,0.20559388
6,657,-0.58068085,-0.013017926,-0.56966615,-0.014151976,-0.3248241,0.23710021,-0.3173989,0.23411627
6,658,-0.5766531,-0.0017892942,-0.5659847,-0.00350241,-0.32210895,0.26664534,-0.3149172,0.26213774
6,659,-0.57217944,0.009250272,-0.5618915,0.0069487337,-0.31909317,0.295693,-0.3121579,0.28963712
6,660,-0.5672667,0.020089623,-0.5573943,0.017193638,-0.3157814,0.32421383,-0.3091263,0.31659386
6,661,-0.5619224,0.030717853,-0.5525014,0.02722473,-0.3121787,0.35217917,-0.30582786,0.34298798
6,662,-0.5561547,0.04112429,-0.54722124,0.037034683,-0.30829066,0.37956092,-0.30226845,0.36880022
6,663,-0.5499726,0.05129854,-0.5415626,0.04661642,-0.30412316,0.40633175,-0.29845387,0.394012
6,664,-0.54338586,0.06123052,-0.53553456,0.05596312,-0.29968295,0.4324651,-0.29439026,0.41860533
6,665,-0.5364047,0.070910394,-0.5291464,0.06506822,-0.29497686,0.4579351,-0.29008386,0.44256297
6,666,-0.5290404,0.0803287,-0.5224076,0.07392541,-0.29001242,0.48271683,-0.28554115,0.46586826
6,667,-0.5213045,0.08947629,-0.51532805,0.08252866,-0.28479752,0.5067862,-0.28076872,0.4885054
6,668,-0.5132093,0.0983444,-0.50791776,0.09087218,-0.27934042,0.5301203,-0.27577332,0.5104592
6,669,-0.5047676,0.10692465,-0.500187,0.09895049,-0.27364972,0.55269694,-0.27056187,0.5317151
6,670,-0.49599287,0.11520909,-0.4921461,0.106758356,-0.26773456,0.5744952,-0.26514137,0.5522594
6,671,-0.4868987,0.123190105,-0.48380587,0.11429083,-0.261604,0.5954951,-0.2595191,0.57207906
6,672,-0.47749922,0.13086064,-0.47517705,0.12154325,-0.25526768,0.6156781,-0.25370225,0.59116185
6,673,-0.467809,0.13821407,-0.4662707,0.12851124,-0.24873532,0.63502663,-0.24769834,0.60949624
6,674,-0.45784268,0.14524429,-0.45709798,0.1351907,-0.24201687,0.65352476,-0.24151486,0.62707144
6,675,-0.4476153,0.15194565,-0.44767025,0.14157784,-0.23512243,0.6711576,-0.23515947,0.6438775
6,676,-0.43714184,0.15831311,-0.43799898,0.14766917,-0.2280621,0.68791187,-0.22863992,0.6599052
6,677,-0.42643753,0.16434212,-0.4280958,0.15346146,-0.22084615,0.7037756,-0.221964,0.67514604
6,678,-0.4155176,0.17002872,-0.4179724,0.15895182,-0.21348484,0.7187384,-0.21513966,0.6895925
6,679,-0.40439728,0.17536947,-0.4076406,0.16413765,-0.20598845,0.7327911,-0.20817482,0.70323753
6,680,-0.3930918,0.1803616,-0.3971124,0.16901666,-0.19836724,0.74592656,-0.2010776,0.7160754
6,681,-0.38161618,0.18500276,-0.38639978,0.17358683,-0.19063133,0.7581385,-0.19385603,0.72810054
6,682,-0.3699854,0.18929133,-0.37551484,0.17784652,-0.18279083,0.76942277,-0.18651831,0.73930883
6,683,-0.3582144,0.1932262,-0.36446968,0.18179435,-0.17485581,0.7797763,-0.17907259,0.74969643
6,684,-0.3463177,0.19680679,-0.35327655,0.18542923,-0.16683605,0.7891977,-0.17152712,0.75926065
6,685,-0.33430982,0.2000331,-0.34194767,0.18875045,-0.15874134,0.7976868,-0.16389014,0.7679996
6,686,-0.32220492,0.20290565,-0.33049527,0.19175754,-0.15058123,0.8052452,-0.15616989,0.7759119
6,687,-0.31001705,0.20542553,-0.31893164,0.19445041,-0.14236519,0.8118756,-0.14837465,0.7829975
6,688,-0.2977599,0.20759419,-0.30726904,0.19682923,-0.13410243,0.81758183,-0.1405127,0.7892567
6,689,-0.28544703,0.20941369,-0.29551968,0.19889449,-0.12580213,0.82236934,-0.13259226,0.79469085
6,690,-0.2730916,0.21088651,-0.28369585,0.20064701,-0.11747314,0.82624465,-0.12462162,0.79930216
6,691,-0.26070666,0.21201551,-0.27180967,0.2020879,-0.109124236,0.82921535,-0.116608955,0.80309343
6,692,-0.24830486,0.21280403,-0.25987333,0.20321858,-0.10076398,0.83129007,-0.10856248,0.8060686
6,693,-0.23589872,0.21325575,-0.24789886,0.20404075,-0.0924008,0.83247864,-0.10049029,0.8082319
6,694,-0.22350042,0.21337472,-0.2358983,0.20455647,-0.08404289,0.8327917,-0.09240051,0.80958885
6,695,-0.21112195,0.21316533,-0.22388355,0.20476802,-0.07569836,0.83224076,-0.08430117,0.8101455
6,696,-0.19877498,0.21263227,-0.21186645,0.20467801,-0.06737507,0.8308382,-0.07620025,0.8099086
6,697,-0.18647102,0.21178055,-0.1998587,0.20428935,-0.059080765,0.8285971,-0.06810562,0.808886
6,698,-0.1742213,0.21061544,-0.18787189,0.2036052,-0.050823037,0.8255314,-0.06002512,0.8070859
6,699,-0.16203682,0.20914252,-0.17591749,0.20262901,-0.04260927,0.8216558,-0.051966462,0.80451727
6,700,-0.15110606,0.57717395,-0.15291944,0.76846826,-0.03524067,1.7900318,-0.0364631,2.2933714
6,701,-0.118686125,0.7235432,-0.11904766,0.7607234,-0.013385856,2.1751633,-0.013629571,2.272993
6,702,-0.081712365,0.78337365,-0.08549317,0.75221264,0.011538764,2.332591,0.0089900615,2.2505991
6,703,-0.04423379,0.79687154,-0.05228557,0.74295175,0.03680369,2.368107,0.03137585,2.2262316
6,704,-0.0074844994,0.7867288,-0.019453809,0.7329576,0.061576992,2.3414192,0.053508285,2.1999347
6,705,0.028235357,0.765704,0.012973838,0.72224814,0.08565634,2.286098,0.0753683,2.1717556
6,706,0.06288743,0.7408149,0.04496981,0.7108419,0.109015875,2.2206092,0.09693731,2.1417432
6,707,0.09649749,0.71568817,0.076507285,0.6987584,0.13167296,2.1544948,0.11819724,2.1099489
6,708,0.12910447,0.6919722,0.107560225,0.68601805,0.15365386,2.0920925,0.13913053,2.0764258
6,709,0.16075198,0.6702079,0.1381034,0.67264163,0.17498797,2.0348258,0.1597202,2.0412295
6,710,0.19148907,0.65035874,0.1681124,0.6586508,0.19570835,1.982598,0.17994976,2.0044165
6,711,0.22136961,0.6321241,0.19756368,0.6440677,0.2158513,1.9346185,0.19980335,1.9660448
6,712,0.2504492,0.6151144,0.22643454,0.62891495,0.23545435,1.889862,0.21926567,1.9261744
6,713,0.27878115,0.5989441,0.25470322,0.61321557,0.25455338,1.8473142,0.23832206,1.8848656
6,714,0.30641177,0.5832741,0.28234884,0.59699297,0.27317965,1.8060828,0.25695843,1.8421803
6,715,0.3333778,0.5678256,0.3093514,0.5802709,0.2913579,1.7654341,0.2751613,1.7981806
6,716,0.3597047,0.5523801,0.33569193,0.5630733,0.30910528,1.7247934,0.29291788,1.7529297
6,717,0.38540635,0.53677183,0.3613523,0.5454242,0.32643119,1.6837245,0.31021595,1.706491
6,718,0.41048577,0.5208786,0.38631535,0.527348,0.34333766,1.6419058,0.32704395,1.6589282
6,719,0.43493655,0.50461274,0.4105649,0.50886893,0.3598203,1.5991064,0.34339097,1.6103055
6,720,0.45874444,0.48791307,0.4340857,0.49001122,0.3758696,1.5551658,0.35924673,1.5606865
6,721,0.4818891,0.4707388,0.45686343,0.47079918,0.3914718,1.5099761,0.37460157,1.510135
6,722,0.5043453,0.45306507,0.4788848,0.45125696,0.40660986,1.4634725,0.38944656,1.458715
6,723,0.5260853,0.43487948,0.50013727,0.4314086,0.42126518,1.4156221,0.40377316,1.4064894
6,724,0.54707927,0.41617993,0.5206095,0.41127795,0.43541753,1.3664192,0.41757384,1.353521
6,725,0.5672969,0.39697295,0.5402908,0.39088863,0.4490466,1.3158813,0.4308413,1.299872
6,726,0.5867086,0.37727267,0.5591716,0.37026405,0.46213233,1.2640452,0.4435692,1.2456039
6,727,0.60528564,0.35709986,0.5772432,0.34942734,0.47465542,1.2109659,0.45575157,1.1907778
6,728,0.6230019,0.33648133,0.5944977,0.32840133,0.48659822,1.1567137,0.4673831,1.1354535
6,729,0.63983345,0.3154493,0.6109282,0.30720848,0.49794468,1.1013736,0.47845915,1.0796901
6,730,0.6557598,0.2940407,0.62652856,0.28587094,0.5086809,1.0450426,0.4889756,1.0235461
6,731,0.670764,0.27229625,0.6412936,0.26441053,0.5187955,0.98782796,0.49892896,0.96707875
6,732,0.6848329,0.2502598,0.65521896,0.2428486,0.52827954,0.9298449,0.5083163,0.91034436
6,733,0.6979573,0.22797737,0.66830105,0.22120623,0.5371269,0.8712147,0.51713514,0.8533982
6,734,0.710132,0.20549601,0.68053716,0.199504,0.5453341,0.812061,0.5253837,0.7962946
6,735,0.72135615,0.18286307,0.6919254,0.17776217,0.5529005,0.75250846,0.5330607,0.7390868
6,736,0.7316322,0.16012527,0.7024645,0.15600051,0.5598277,0.69268006,0.5401653,0.68182683
6,737,0.74096644,0.13732767,0.71215415,0.13423845,0.5661201,0.6326943,0.54669726,0.6245659
6,738,0.74936855,0.114513144,0.72099465,0.11249499,0.5717841,0.572664,0.55265677,0.5673538
6,739,0.7568505,0.091721654,0.72898716,0.09078874,0.57682776,0.5126943,0.5580447,0.5102396
6,740,0.7634271,0.06898978,0.7361334,0.0691379,0.58126116,0.45288152,0.56286204,0.45327124
6,741,0.76911473,0.046350736,0.74243593,0.047560282,0.5850953,0.39331293,0.5671107,0.3964955
6,742,0.7739314,0.023833726,0.747898,0.0260733,0.5883423,0.33406544,0.57079273,0.33995828
6,743,0.7778957,0.0014643706,0.7525234,0.0046939906,0.5910147,0.27520648,0.57391083,0.28370437
6,744,0.78102696,-0.020735305,0.75631666,-0.016560962,0.5931255,0.216794,0.57646793,0.22777766
6,745,0.7833445,-0.04274678,0.75928307,-0.03767527,0.5946878,0.15887672,0.5784676,0.17222103
6,746,0.78486717,-0.06455454,0.76142824,-0.05863298,0.5957143,0.10149544,0.57991374,0.117076434
6,747,0.7856133,-0.08614576,0.7627588,-0.079418495,0.5962173,0.04468394,0.58081067,0.06238493
6,748,0.7856004,-0.107509986,0.7632816,-0.100016534,0.5962086,-0.011530292,0.5811631,0.008186714
6,749,0.784845,-0.12863865,0.7630043,-0.12041216,0.59569937,-0.06712472,0.5809762,-0.04547891
6,750,0.78336215,-0.14952469,0.7619351,-0.14059074,0.59469974,-0.12208071,0.5802554,-0.09857343
6,751,0.78116584,-0.17016216,0.7600828,-0.16053796,0.59321916,-0.17638268,0.57900673,-0.15105918
6,752,0.7782687,-0.1905458,0.7574566,-0.18023981,0.59126616,-0.23001675,0.57723635,-0.20289932
6,753,0.77468216,-0.21067062,0.75406647,-0.19968255,0.5888484,-0.28296983,0.57495105,-0.25405768
6,754,0.7704163,-0.2305319,0.74992263,-0.21885273,0.5859727,-0.33522946,0.5721576,-0.30449885
6,755,0.76548016,-0.25012437,0.7450361,-0.2377372,0.5826452,-0.38678178,0.5688635,-0.35418826
6,756,0.7598816,-0.2694423,0.7394183,-0.25632307,0.57887113,-0.43761173,0.5650765,-0.403092
6,757,0.75362754,-0.2884792,0.73308104,-0.2745977,0.5746551,-0.48770225,0.5608044,-0.4511768
6,758,0.74672437,-0.30722773,0.7260368,-0.29254875,0.5700016,-0.537034,0.5560558,-0.49841017
6,759,0.7391776,-0.325679,0.7182984,-0.31016415,0.56491417,-0.58558357,0.5508392,-0.5447604
6,760,0.73099244,-0.34382346,0.7098791,-0.3274321,0.55939645,-0.6333258,0.5451636,-0.5901963
6,761,0.722174,-0.36164975,0.7007928,-0.344341,0.5534518,-0.6802309,0.53903836,-0.6346876
6,762,0.71272695,-0.37914538,0.6910537,-0.3608796,0.5470834,-0.72626597,0.5324731,-0.6782045
6,763,0.70265645,-0.39629644,0.68067646,-0.37703687,0.5402947,-0.7713944,0.5254776,-0.72071797
6,764,0.69196784,-0.41308752,0.6696762,-0.3928021,0.53308934,-0.8155756,0.5180622,-0.76219994
6,765,0.6806669,-0.4295021,0.65806836,-0.40816477,0.5254712,-0.8587662,0.5102371,-0.80262274
6,766,0.66876024,-0.44552237,0.64586896,-0.4231148,0.5174447,-0.9009192,0.5020133,-0.8419597
6,767,0.65625495,-0.46112946,0.6330942,-0.43764225,0.50901467,-0.9419851,0.49340162,-0.88018477
6,768,0.6431593,-0.47630376,0.6197608,-0.45173758,0.5001867,-0.9819122,0.4844134,-0.91727287
6,769,0.6294825,-0.49102503,0.6058858,-0.46539158,0.49096692,-1.0206473,0.47506002,-0.9531997
6,770,0.61523485,-0.5052724,0.5914867,-0.47859523,0.48136234,-1.0581354,0.4653533,-0.98794156
6,771,0.6004281,-0.51902515,0.57658106,-0.49133998,0.4713809,-1.0943221,0.4553052,-1.021476
6,772,0.5850749,-0.5322625,0.5611871,-0.50361764,0.46103102,-1.1291527,0.44492787,-1.0537814
6,773,0.5691892,-0.5449641,0.5453232,-0.51542026,0.4503222,-1.1625733,0.43423375,-1.0848367
6,774,0.5527862,-0.5571104,0.5290079,-0.5267404,0.43926466,-1.1945332,0.42323536,-1.1146226
6,775,0.53588223,-0.56868297,0.5122604,-0.53757083,0.42786944,-1.2249833,0.41194555,-1.14312
6,776,0.5184949,-0.5796643,0.49509978,-0.54790497,0.41614836,-1.2538776,0.40037733,-1.1703116
6,777,0.5006425,-0.5900388,0.4775456,-0.55773646,0.40411374,-1.2811754,0.38854375,-1.1961805
6,778,0.48234412,-0.5997923,0.45961753,-0.5670595,0.39177853,-1.3068391,0.37645817,-1.2207116
6,779,0.46362016,-0.6089129,0.44133562,-0.57586867,0.3791564,-1.3308375,0.364134,-1.2438905
6,780,0.444491,-0.61739033,0.42271996,-0.584159,0.36626112,-1.3531437,0.35158488,-1.2657044
6,781,0.42497787,-0.6252169,0.4037909,-0.5919261,0.353107,-1.3737372,0.33882448,-1.2861414
6,782,0.40510228,-0.63238674,0.38456896,-0.5991659,0.33970854,-1.3926027,0.3258667,-1.305191
6,783,0.38488606,-0.63889664,0.36507478,-0.6058751,0.32608044,-1.4097317,0.31272534,-1.3228444
6,784,0.364351,-0.6447453,0.34532914,-0.6120505,0.31223744,-1.425121,0.2994145,-1.3390932
6,785,0.3435192,-0.6499334,0.3253529,-0.6176899,0.29819438,-1.438772,0.2859482,-1.3539319
6,786,0.32241282,-0.65446407,0.30516705,-0.6227913,0.2839662,-1.4506932,0.27234057,-1.3673549
6,787,0.30105382,-0.65834194,0.28479257,-0.6273535,0.26956776,-1.4608968,0.25860578,-1.379359
6,788,0.27946433,-0.6615735,0.26425058,-0.6313756,0.25501394,-1.4693999,0.24475808,-1.3899422
6,789,0.25766665,-0.66416687,0.24356215,-0.6348575,0.24031976,-1.4762236,0.23081167,-1.3991038
6,790,0.23568298,-0.66613156,0.22274832,-0.6377995,0.22550018,-1.4813931,0.21678072,-1.4068449
6,791,0.21353586,-0.66747797,0.20183021,-0.6402026,0.21057045,-1.4849359,0.20267949,-1.413168
6,792,0.191248,-0.668218,0.18082878,-0.6420683,0.19554585,-1.486883,0.18852209,-1.4180772
6,793,0.1688426,-0.6683641,0.15976499,-0.64339876,0.18044199,-1.4872675,0.17432262,-1.4215778
6,794,0.14634316,-0.66792953,0.13865966,-0.6441967,0.16527475,-1.486124,0.16009517,-1.4236774
6,795,0.12377392,-0.66692823,0.117533535,-0.64446527,0.15006046,-1.4834894,0.14585371,-1.4243841
6,796,0.1011595,-0.6653746,0.09640719,-0.6442085,0.13481571,-1.4794014,0.13161209,-1.4237084
6,797,0.078525394,-0.66328305,0.07530105,-0.6434307,0.11955768,-1.473898,0.1173841,-1.421662
6,798,0.055897687,-0.6606687,0.054235354,-0.64213693,0.10430397,-1.467019,0.10318337,-1.4182577
6,799,0.033303138,-0.65754676,0.03323014,-0.64033276,0.089072615,-1.4588045,0.089023404,-1.4135104
6,800,0.0107691735,-0.6539324,0.012305209,-0.63802433,0.073882096,-1.4492943,0.07491756,-1.4074365
6,801,-0.011676185,-0.649841,-0.008519883,-0.6352182,0.05875131,-1.4385289,0.060879022,-1.4000529
6,802,-0.034004577,-0.6452878,-0.02922585,-0.63192165,0.043699373,-1.4265484,0.046920788,-1.3913789
6,803,-0.056187134,-0.6402884,-0.0497937,-0.6281424,0.028745743,-1.4133939,0.033055663,-1.3814349
6,804,-0.07819498,-0.63485783,-0.07020475,-0.62388855,0.013909889,-1.3991047,0.019296238,-1.370242
6,805,-0.09999932,-0.62901133,-0.09044064,-0.6191689,-0.00078877504,-1.3837212,0.005654892,-1.3578234
6,806,-0.1215716,-0.622764,-0.11048336,-0.6139925,-0.015331003,-1.367283,-0.00785624,-1.3442032
6,807,-0.1428838,-0.6161306,-0.13031529,-0.60836905,-0.029697912,-1.349829,-0.021225268,-1.3294066
6,808,-0.1639086,-0.6091258,-0.14991915,-0.6023086,-0.04387107,-1.3313978,-0.034440555,-1.31346
6,809,-0.1846198,-0.6017639,-0.1692781,-0.59582144,-0.05783283,-1.3120269,-0.04749074,-1.2963909
6,810,-0.20499216,-0.59405905,-0.18837568,-0.5889185,-0.07156617,-1.2917536,-0.06036473,-1.2782277
6,811,-0.22500207,-0.5860248,-0.20719591,-0.581611,-0.08505518,-1.2706137,-0.07305176,-1.259
6,812,-0.24462731,-0.57767457,-0.22572319,-0.5739104,-0.098284885,-1.2486423,-0.0855413,-1.238738
6,813,-0.26384744,-0.5690213,-0.24394242,-0.5658286,-0.11124149,-1.2258735,-0.09782319,-1.2174728
6,814,-0.2826437,-0.56007713,-0.26183897,-0.5573778,-0.12391236,-1.2023393,-0.10988755,-1.1952368
6,815,-0.30099943,-0.55085415,-0.27939865,-0.5485704,-0.13628626,-1.1780715,-0.121724814,-1.1720624
6,816,-0.31889957,-0.5413638,-0.2966078,-0.5394191,-0.14835304,-1.1531001,-0.13332579,-1.1479833
6,817,-0.33633122,-0.53161687,-0.31345326,-0.5299368,-0.16010399,-1.1274538,-0.14468159,-1.1230332
6,818,-0.35328308,-0.5216239,-0.32992235,-0.5201366,-0.17153153,-1.10116,-0.15578367,-1.0972465
6,819,-0.36974582,-0.51139474,-0.34600294,-0.5100319,-0.18262933,-1.0742447,-0.16662386,-1.0706587
6,820,-0.3857118,-0.50093883,-0.36168337,-0.499636,-0.19339225,-1.0467328,-0.1771943,-1.0433047
6,821,-0.40117475,-0.490265,-0.37695256,-0.48896265,-0.20381609,-1.0186474,-0.18748751,-1.0152206
6,822,-0.41613013,-0.4793821,-0.39179996,-0.47802553,-0.21389775,-0.990012,-0.19749638,-0.98644257
6,823,-0.43057445,-0.46829814,-0.40621552,-0.46683842,-0.22363491,-0.96084756,-0.20721416,-0.9570067
6,824,-0.44450566,-0.45702103,-0.4201898,-0.45541522,-0.23302618,-0.9311749,-0.21663445,-0.9269496
6,825,-0.4579223,-0.4455586,-0.4337138,-0.44376987,-0.24207056,-0.90101457,-0.22575119,-0.896308
6,826,-0.4708242,-0.43391806,-0.44677913,-0.43191636,-0.25076795,-0.8703856,-0.23455876,-0.8651186
6,827,-0.48321158,-0.42210686,-0.459378,-0.41986865,-0.25911847,-0.8393076,-0.24305186,-0.8334183
6,828,-0.49508533,-0.41013226,-0.47150302,-0.40764076,-0.26712275,-0.80779964,-0.25122553,-0.8012439
6,829,-0.5064467,-0.39800146,-0.4831475,-0.39524665,-0.27478164,-0.7758807,-0.25907528,-0.7686322
6,830,-0.5172974,-0.38572174,-0.49430516,-0.38270026,-0.28209627,-0.7435699,-0.26659682,-0.7356197
6,831,-0.5276391,-0.37330052,-0.5049704,-0.37001547,-0.28906778,-0.7108868,-0.27378643,-0.7022431
6,832,-0.5374737,-0.36074537,-0.51513803,-0.3572061,-0.29569745,-0.67785126,-0.2806406,-0.66853863
6,833,-0.5468029,-0.348064,-0.52480346,-0.3442859,-0.3019864,-0.6444837,-0.28715625,-0.63454264
6,834,-0.5556285,-0.33526456,-0.53396267,-0.33126852,-0.3079359,-0.6108054,-0.2933306,-0.60029083
6,835,-0.5639521,-0.32235524,-0.5426121,-0.31816748,-0.313547,-0.57683796,-0.29916131,-0.56581897
6,836,-0.5717751,-0.30934483,-0.5507487,-0.30499622,-0.3188206,-0.54260457,-0.30464637,-0.5311624
6,837,-0.57909846,-0.29624224,-0.5583701,-0.29176807,-0.3237574,-0.5081286,-0.30978408,-0.49635604
6,838,-0.58592325,-0.28305686,-0.5654743,-0.27849618,-0.3283581,-0.4734348,-0.3145731,-0.4614346
6,839,-0.5922499,-0.26979858,-0.57205975,-0.26519358,-0.33262298,-0.4385492,-0.3190125,-0.42643237
6,840,-0.5980787,-0.25647748,-0.57812566,-0.25187314,-0.3365523,-0.4034983,-0.3231016,-0.3913832
6,841,-0.60340977,-0.2431041,-0.58367145,-0.23854756,-0.34014606,-0.36830983,-0.32684013,-0.35632053
6,842,-0.6082427,-0.22968951,-0.5886972,-0.22522941,-0.34340402,-0.33301294,-0.33022806,-0.32127738
6,843,-0.6125772,-0.216245,-0.5932035,-0.21193102,-0.346326,-0.2976373,-0.3332658,-0.28628623
6,844,-0.61641246,-0.20278224,-0.5971913,-0.1986646,-0.3489114,-0.26221368,-0.33595407,-0.25137922
6,845,-0.61974776,-0.18931322,-0.6006621,-0.18544215,-0.35115978,-0.22677356,-0.33829382,-0.21658787
6,846,-0.62258214,-0.17585033,-0.60361785,-0.17227547,-0.35307047,-0.19134958,-0.34028634,-0.18194328
6,847,-0.62491465,-0.1624061,-0.606061,-0.15917617,-0.35464287,-0.1559747,-0.34193328,-0.147476
6,848,-0.6267444,-0.14899334,-0.60799426,-0.14615569,-0.35587633,-0.12068262,-0.34323654,-0.11321609
6,849,-0.6280706,-0.13562508,-0.6094211,-0.1332252,-0.35677034,-0.08550762,-0.34419838,-0.07919299
6,850,-0.6288926,-0.12231444,-0.6103451,-0.12039572,-0.35732445,-0.050484236,-0.3448213,-0.045435645
6,851,-0.62921,-0.10907461,-0.6107705,-0.10767803,-0.35753843,-0.015647175,-0.34510806,-0.011972466
6,852,-0.6290226,-0.09591895,-0.6107019,-0.0950827,-0.3574121,0.0189684,-0.34506184,0.021168774
6,853,-0.62833095,-0.08286077,-0.61014426,-0.082620084,-0.35694584,0.053327512,-0.3446859,0.053960808
6,854,-0.62713563,-0.06991333,-0.60910285,-0.07030031,-0.35614008,0.08739523,-0.34398386,0.08637699
6,855,-0.62543786,-0.05708993,-0.6075835,-0.05813329,-0.35499558,0.12113657,-0.34295967,0.11839124
6,856,-0.62323976,-0.04440367,-0.6055925,-0.04612869,-0.35351378,0.15451705,-0.34161747,0.14997812
6,857,-0.6205438,-0.031867515,-0.6031361,-0.034295958,-0.35169637,0.18750256,-0.3399616,0.18111278
6,858,-0.6173532,-0.019494344,-0.60022146,-0.022644302,-0.34954557,0.22005925,-0.33799678,0.21177098
6,859,-0.61367214,-0.007296812,-0.5968557,-0.011182696,-0.3470641,0.25215378,-0.33572784,0.24192913
6,860,-0.6095053,0.004712615,-0.59304637,8.013262e-05,-0.34425515,0.28375337,-0.3331599,0.27156425
6,861,-0.60485846,0.016521778,-0.5888015,0.0111356955,-0.34112266,0.314826,-0.33029836,0.300654
6,862,-0.5997381,0.028118666,-0.5841292,0.021975754,-0.33767095,0.34534013,-0.3271487,0.3291767
6,863,-0.5941518,0.039491594,-0.5790382,0.03259232,-0.3339051,0.37526494,-0.32371676,0.35711133
6,864,-0.5881077,0.050629098,-0.5735373,0.042977657,-0.32983068,0.40457028,-0.32000852,0.3844376
6,865,-0.58161515,0.061520096,-0.56763566,0.053124294,-0.32545394,0.43322703,-0.3160301,0.41113573
6,866,-0.574684,0.072153755,-0.5613427,0.06302501,-0.32078156,0.46120664,-0.31178796,0.4371868
6,867,-0.56732535,0.08251956,-0.55466825,0.07267286,-0.31582096,0.4884815,-0.3072886,0.46257254
6,868,-0.55955076,0.09260739,-0.54762226,0.08206115,-0.31057996,0.5150249,-0.30253878,0.48727527
6,869,-0.55137265,0.10240741,-0.540215,0.09118348,-0.30506697,0.540811,-0.29754543,0.5112783
6,870,-0.54280436,0.111910194,-0.53245693,0.10003373,-0.29929096,0.56581503,-0.29231557,0.5345653
6,871,-0.5338596,0.12110676,-0.52435887,0.108606026,-0.29326114,0.5900133,-0.28685653,0.55712104
6,872,-0.5245528,0.12998846,-0.5159317,0.116894804,-0.28698727,0.6133832,-0.28117564,0.5789307
6,873,-0.514899,0.13854718,-0.50718665,0.12489479,-0.2804795,0.6359031,-0.27528045,0.59998053
6,874,-0.5049135,0.14677519,-0.49813503,0.132601,-0.2737481,0.65755296,-0.2691786,0.6202573
6,875,-0.49461216,0.15466534,-0.48878843,0.14000872,-0.26680377,0.67831373,-0.2628779,0.6397488
6,876,-0.48401102,0.16221096,-0.4791586,0.14711358,-0.25965738,0.698168,-0.2563863,0.6584433
6,877,-0.47312656,0.16940589,-0.46925744,0.15391149,-0.25232,0.71709955,-0.24971175,0.67633015
6,878,-0.46197522,0.17624463,-0.45909697,0.16039865,-0.24480268,0.73509383,-0.24286242,0.69339937
6,879,-0.45057365,0.18272214,-0.44868943,0.16657159,-0.23711671,0.75213766,-0.23584652,0.7096419
6,880,-0.43893856,0.18883413,-0.43804714,0.17242716,-0.22927329,0.76821977,-0.22867237,0.7250492
6,881,-0.42708656,0.19457683,-0.42718253,0.17796253,-0.22128367,0.78333014,-0.22134836,0.739614
6,882,-0.41503426,0.19994712,-0.41610813,0.18317515,-0.21315901,0.7974606,-0.21388292,0.75332963
6,883,-0.40279812,0.20494248,-0.40483662,0.18806283,-0.20491043,0.8106045,-0.20628463,0.76619023
6,884,-0.39039445,0.20956106,-0.3933807,0.19262369,-0.19654891,0.82275707,-0.198562,0.7781909
6,885,-0.3778394,0.21380164,-0.38175315,0.19685619,-0.18808533,0.833915,-0.19072367,0.7893276
6,886,-0.36514872,0.21766356,-0.36996683,0.20075907,-0.17953035,0.8440767,-0.18277831,0.799597
6,887,-0.3523381,0.22114685,-0.35803464,0.20433146,-0.1708945,0.85324204,-0.17473464,0.8089968
6,888,-0.3394229,0.22425207,-0.34596944,0.20757279,-0.16218816,0.8614126,-0.16660129,0.8175255
6,889,-0.32641813,0.22698034,-0.33378422,0.2104828,-0.15342142,0.86859125,-0.15838702,0.82518244
6,890,-0.3133385,0.22933333,-0.32149187,0.2130616,-0.14460422,0.8747825,-0.15010054,0.83196783
6,891,-0.30019853,0.23131321,-0.3091053,0.2153096,-0.13574636,0.879992,-0.14175056,0.8378828
6,892,-0.2870123,0.23292275,-0.29663745,0.21722755,-0.12685731,0.8842271,-0.13334577,0.8429294
6,893,-0.27379364,0.23416504,-0.28410116,0.2188165,-0.11794639,0.8874959,-0.12489485,0.8471103
6,894,-0.26055604,0.2350436,-0.27150926,0.22007787,-0.1090227,0.8898075,-0.11640645,0.8504293
6,895,-0.24731272,0.2355625,-0.25887448,0.22101337,-0.10009516,0.89117295,-0.10788913,0.8528908
6,896,-0.23407668,0.23572607,-0.24620949,0.22162503,-0.091172524,0.8916033,-0.09935145,0.85450023
6,897,-0.22086048,0.23553902,-0.23352693,0.2219152,-0.08226327,0.89111114,-0.09080193,0.8552637
6,898,-0.20767653,0.2350064,-0.22083928,0.22188653,-0.073375754,0.8897097,-0.08224898,0.85518825
6,899,-0.19453695,0.23413357,-0.20815891,0.221542,-0.064518146,0.8874131,-0.073700935,0.8542817
6,900,-0.1814536,0.23292617,-0.19549812,0.22088487,-0.055698443,0.8842361,-0.065166086,0.85255265
6,901,-0.16843803,0.23139006,-0.182869,0.21991871,-0.046924435,0.88019425,-0.056652587,0.85001045
6,902,-0.1555017,0.22953138,-0.17028359,0.21864736,-0.03820384,0.8753036,-0.04816855,0.84666526
6,903,-0.14265564,0.2273565,-0.15775366,0.21707498,-0.029544102,0.86958104,-0.039721925,0.8425279
6,904,-0.12991081,0.22487201,-0.14529093,0.21520594,-0.020952603,0.8630437,-0.03132059,0.8376101
6,905,-0.117277876,0.22208466,-0.13290685,0.21304496,-0.012436532,0.85570955,-0.022972284,0.831924
6,906,-0.10476732,0.21900141,-0.120612755,0.21059698,-0.004002962,0.8475969,-0.01468463,0.82548285
6,907,-0.09238939,0.21562943,-0.10841972,0.20786718,0.0043412065,0.8387244,-0.0064651007,0.8183001
6,908,-0.0801541,0.21197602,-0.096338645,0.204861,0.012589218,0.82911146,0.0016789489,0.8103901
6,909,-0.06807126,0.20804869,-0.0843802,0.20158413,0.020734457,0.8187777,0.009740332,0.80176795
6,910,-0.056150466,0.20385502,-0.07255486,0.19804248,0.028770462,0.8077432,0.017711991,0.79244906
6,911,-0.04440108,0.19940284,-0.060872816,0.19424216,0.036690917,0.7960285,0.025587048,0.78244954
6,912,-0.032832216,0.19470006,-0.049344055,0.19018951,0.044489678,0.7836544,0.033358775,0.7717861
6,913,-0.0214528,0.18975475,-0.037978295,0.18589105,0.052160732,0.77064216,0.04102062,0.7604758
6,914,-0.010271441,0.18457513,-0.026785003,0.18135351,0.05969827,0.7570133,0.048566204,0.7485365
6,915,0.00070345774,0.17916945,-0.015773375,0.1765838,0.06709663,0.74278975,0.055989325,0.7359863
6,916,0.011463758,0.17354622,-0.0049523353,0.17158894,0.07435033,0.7279937,0.063283965,0.72284365
6,917,0.022001605,0.16771391,0.005669467,0.1663762,0.08145406,0.71264756,0.0704443,0.7091277
6,918,0.032309417,0.16168125,0.01608367,0.16095294,0.088402726,0.6967742,0.077464685,0.69485784
6,919,0.042379897,0.15545692,0.026282208,0.15532666,0.09519141,0.68039656,0.084339686,0.68005383
6,920,0.052206088,0.14904971,0.036257282,0.149505,0.1018154,0.6635377,0.09106405,0.6647357
6,921,0.061781276,0.14246857,0.046001434,0.14349574,0.10827019,0.6462212,0.09763274,0.64892393
6,922,0.07109913,0.13572241,0.0555075,0.13730669,0.114551514,0.62847054,0.104040936,0.6326391
6,923,0.08015363,0.12882023,0.06476861,0.13094582,0.1206553,0.61030924,0.11028401,0.6159022
6,924,0.088939056,0.12177104,0.07377823,0.124421164,0.1265777,0.59176123,0.116357535,0.5987343
6,925,0.09745008,0.114583895,0.0825301,0.11774084,0.13231513,0.57285017,0.122257315,0.58115685
6,926,0.10568169,0.10726777,0.09101833,0.110913016,0.13786419,0.5535998,0.12797937,0.56319124
6,927,0.11362922,0.099831775,0.0992373,0.103945926,0.14322175,0.53403395,0.13351992,0.54485923
6,928,0.121288404,0.09228491,0.10718174,0.096847855,0.14838493,0.51417637,0.1388754,0.52618253
6,929,0.12865527,0.08463614,0.11484672,0.0896271,0.15335105,0.49405068,0.14404249,0.5071831
6,930,0.13572627,0.07689439,0.122227594,0.082292005,0.15811774,0.47368035,0.14901805,0.48788273
6,931,0.14249821,0.069068536,0.12932007,0.07485093,0.16268282,0.45308873,0.1537992,0.46830356
6,932,0.14896815,0.061167333,0.13612016,0.067312226,0.1670443,0.4322988,0.15838327,0.44846746
6,933,0.15513363,0.05319948,0.14262423,0.05968426,0.17120056,0.41133356,0.16276777,0.42839652
6,934,0.1609925,0.045173574,0.14882897,0.051975388,0.17515011,0.39021555,0.16695048,0.40811267
6,935,0.16654293,0.03709812,0.15473136,0.044193935,0.17889175,0.36896718,0.17092939,0.38763788
6,936,0.17178343,0.028981458,0.16032875,0.036348213,0.18242446,0.34761035,0.17470267,0.36699396
6,937,0.17671287,0.020831812,0.16561878,0.028446494,0.18574747,0.32616672,0.17826876,0.34620273
6,938,0.1813304,0.012657274,0.17059943,0.020497011,0.18886022,0.3046576,0.1816263,0.3252858
6,939,0.18563546,0.004465837,0.175269,0.01250795,0.19176233,0.28310403,0.18477413,0.30426472
6,940,0.18962793,-0.0037346967,0.17962608,0.0044874367,0.19445372,0.26152653,0.18771131,0.28316087
6,941,0.19330782,-0.011936661,0.18366963,-0.0035564634,0.1969344,0.23994526,0.19043714,0.2619955
6,942,0.19667551,-0.020132575,0.18739888,-0.011615754,0.19920462,0.21837991,0.1929511,0.24078967
6,943,0.19973162,-0.028315078,0.19081339,-0.019682515,0.2012648,0.19684985,0.19525287,0.21956412
6,944,0.20247708,-0.03647695,0.19391301,-0.02774891,0.20311555,0.17537408,0.19734238,0.19833958
6,945,0.20491295,-0.044611122,0.19669794,-0.03580719,0.2047576,0.1539712,0.19921973,0.17713638
6,946,0.20704071,-0.052710723,0.1991686,-0.043849695,0.20619196,0.13265927,0.20088525,0.15597469
6,947,0.20886193,-0.060768988,0.20132576,-0.05186887,0.20741968,0.1114561,0.20233943,0.13487437
6,948,0.21037845,-0.06877935,0.20317051,-0.059857264,0.20844199,0.09037899,0.203583,0.113855064
6,949,0.21159227,-0.07673533,0.20470417,-0.06780753,0.20926024,0.069444954,0.20461687,0.09293606
6,950,0.21250571,-0.08463059,0.20592837,-0.07571246,0.20987602,0.04867069,0.20544212,0.07213637
6,951,0.21312116,-0.09245899,0.20684503,-0.08356493,0.2102909,0.028072355,0.20606005,0.0514747
6,952,0.2134413,-0.10021448,0.20745632,-0.091357954,0.2105067,0.0076658693,0.20647214,0.030969445
6,953,0.21346892,-0.10789114,0.2077647,-0.09908468,0.21052533,-0.012533205,0.20668001,0.010638632
6,954,0.21320699,-0.11548321,0.2077729,-0.106738396,0.21034876,-0.032509692,0.20668554,-0.009500062
6,955,0.21265869,-0.12298496,0.20748389,-0.1143125,0.20997913,-0.052248538,0.20649073,-0.029429285
6,956,0.2118273,-0.13039097,0.2069009,-0.12180056,0.20941868,-0.07173547,0.20609772,-0.049132098
6,957,0.21071632,-0.1376957,0.2060274,-0.12919627,0.20866975,-0.090955906,0.20550887,-0.06859194
6,958,0.20932941,-0.14489396,0.20486715,-0.13649347,0.20773481,-0.10989619,0.20472674,-0.08779257
6,959,0.20767035,-0.15198052,0.2034241,-0.1436862,0.20661642,-0.12854257,0.20375395,-0.10671831
6,960,0.20574306,-0.15895028,0.20170242,-0.15076858,0.2053172,-0.14688164,0.20259334,-0.12535368
6,961,0.20355164,-0.16579834,0.19970654,-0.15773495,0.20383991,-0.16490045,0.20124787,-0.1436838
6,962,0.20110027,-0.17251986,0.19744112,-0.16457976,0.20218742,-0.18258634,0.19972073,-0.16169411
6,963,0.19839339,-0.1791101,0.19491097,-0.1712977,0.20036267,-0.19992678,0.19801512,-0.17937055
6,964,0.19543551,-0.18556443,0.19212118,-0.17788354,0.1983687,-0.21690962,0.19613446,-0.19669941
6,965,0.19223125,-0.19187848,0.18907697,-0.18433228,0.19620867,-0.23352337,0.19408232,-0.21366756
6,966,0.18878546,-0.19804777,0.18578383,-0.19063911,0.1938858,-0.24975619,0.19186236,-0.23026228
6,967,0.18510309,-0.20406811,0.18224736,-0.19679931,0.19140346,-0.2655971,0.18947835,-0.2464712
6,968,0.1811892,-0.2099354,0.17847337,-0.20280844,0.18876503,-0.28103527,0.18693425,-0.2622826
6,969,0.17704901,-0.2156457,0.17446785,-0.20866217,0.18597408,-0.2960604,0.18423405,-0.27768514
6,970,0.17268793,-0.22119516,0.17023696,-0.2143564,0.1830342,-0.31066233,0.18138196,-0.29266796
6,971,0.16811146,-0.22658011,0.16578697,-0.21988718,0.17994912,-0.3248314,0.17838213,-0.30722073
6,972,0.1633252,-0.23179692,0.16112436,-0.22525078,0.17672262,-0.33855802,0.175239,-0.32133362
6,973,0.15833504,-0.2368423,0.15625572,-0.23044364,0.17335866,-0.3518336,0.17195697,-0.33499724
6,974,0.15314685,-0.24171299,0.15118778,-0.2354624,0.16986123,-0.3646495,0.1685406,-0.34820274
6,975,0.14776672,-0.24640596,0.14592738,-0.24030389,0.1662344,-0.3769978,0.16499448,-0.36094183
6,976,0.14220086,-0.2509183,0.14048155,-0.24496512,0.16248237,-0.3888708,0.16132334,-0.37320662
6,977,0.13645558,-0.2552473,0.13485733,-0.24944335,0.15860938,-0.4002614,0.15753196,-0.3849899
6,978,0.1305374,-0.25939035,0.12906192,-0.25373596,0.15461983,-0.41116273,0.15362519,-0.39628473
6,979,0.12445296,-0.2633452,0.123102635,-0.2578406,0.15051821,-0.4215689,0.14960793,-0.407085
6,980,0.11820896,-0.26710966,0.11698684,-0.26175508,0.14630903,-0.43147403,0.14548518,-0.4173849
6,981,0.11181234,-0.27068174,0.110722,-0.26547742,0.14199696,-0.440873,0.14126194,-0.42717922
6,982,0.10527,-0.2740597,0.104315646,-0.26900584,0.13758665,-0.4497612,0.13694331,-0.4364633
6,983,0.09858912,-0.277242,0.09777538,-0.27233878,0.13308297,-0.45813456,0.1325344,-0.44523305
6,984,0.09177698,-0.28022727,0.09110885,-0.27547482,0.12849079,-0.4659895,0.12804039,-0.45348468
6,985,0.08484091,-0.28301433,0.084323786,-0.27841285,0.123815075,-0.4733229,0.12346647,-0.46121535
6,986,0.07778834,-0.28560224,0.07742792,-0.28115186,0.11906082,-0.48013228,0.11881786,-0.46842232
6,987,0.07062687,-0.28799033,0.07042904,-0.28369108,0.11423316,-0.48641592,0.11409979,-0.4751036
6,988,0.06336418,-0.29017806,0.063334964,-0.28602993,0.109337255,-0.49217233,0.109317556,-0.48125765
6,989,0.056008,-0.29216513,0.056153506,-0.28816807,0.104378335,-0.49740076,0.10447642,-0.48688358
6,990,0.048566204,-0.29395145,0.048892513,-0.2901053,0.0993617,-0.502101,0.09958167,-0.4919809
6,991,0.04104669,-0.29553717,0.041559827,-0.2918417,0.09429267,-0.5062734,0.094638586,-0.49654973
6,992,0.03345747,-0.29692262,0.03416328,-0.29337743,0.089176655,-0.50991887,0.08965245,-0.5005906
6,993,0.025806587,-0.29810837,0.026710702,-0.29471293,0.084019065,-0.5130388,0.084628545,-0.5041046
6,994,0.018102143,-0.29909515,0.019209893,-0.29584882,0.07882537,-0.51563525,0.079572126,-0.5070934
6,995,0.010352284,-0.29988396,0.011668629,-0.29678592,0.07360107,-0.5177108,0.07448843,-0.50955915
6,996,0.0025652088,-0.30047598,0.0040946533,-0.2975252,0.06835166,-0.5192686,0.06938269,-0.51150435
6,997,-0.005250927,-0.30087253,-0.0035043368,-0.29806784,0.06308268,-0.52031195,0.06426008,-0.5129322
6,998,-0.013087902,-0.3010752,-0.011120692,-0.29841518,0.057799645,-0.52084523,0.059125777,-0.5138461
7,0,-0.07051462,-0.13516405,-0.10620818,-0.2911696,0.01908735,-0.08429455,-0.0049742693,-0.49478135
7,1,-0.08708982,-0.22740412,-0.1135065,-0.28902245,0.007913733,-0.32699955,-0.009894188,-0.48913163
7,2,-0.10069372,-0.27506372,-0.120717876,-0.28671524,-0.0012568776,-0.452403,-0.014755493,-0.48306084
7,3,-0.112209916,-0.2955821,-0.12783614,-0.2842518,-0.009020137,-0.5063916,-0.01955403,-0.47657898
7,4,-0.1221551,-0.30042583,-0.13485527,-0.28163612,-0.01572435,-0.5191366,-0.024285743,-0.4696965
7,5,-0.13090579,-0.2969829,-0.1417694,-0.2788723,-0.021623336,-0.5100775,-0.028946668,-0.46242428
7,6,-0.13877802,-0.28977036,-0.14857282,-0.27596453,-0.026930131,-0.4910996,-0.03353297,-0.45477325
7,7,-0.146027,-0.281367,-0.15526,-0.27291706,-0.031816788,-0.4689884,-0.038040906,-0.44675463
7,8,-0.15284073,-0.27310467,-0.16182558,-0.26973435,-0.03641004,-0.44724828,-0.04246687,-0.4383802
7,9,-0.15934466,-0.26555914,-0.16826436,-0.2664208,-0.040794443,-0.42739424,-0.04680736,-0.4296615
7,10,-0.16561434,-0.25888187,-0.17457134,-0.26298106,-0.045020934,-0.4098248,-0.051058996,-0.42061073
7,11,-0.17169043,-0.25301152,-0.18074167,-0.2594197,-0.04911693,-0.39437857,-0.055218518,-0.41123998
7,12,-0.17759174,-0.24779984,-0.18677068,-0.2557415,-0.0530951,-0.38066542,-0.059282772,-0.40156177
7,13,-0.18332466,-0.24308074,-0.19265391,-0.2519512,-0.05695976,-0.36824834,-0.06324875,-0.39158857
7,14,-0.18888953,-0.23870325,-0.1983871,-0.24805361,-0.060711127,-0.3567302,-0.06711359,-0.38133314
7,15,-0.19428405,-0.23454428,-0.20396614,-0.24405369,-0.06434766,-0.34578696,-0.07087452,-0.37080842
7,16,-0.19950534,-0.2305103,-0.20938714,-0.23995638,-0.06786742,-0.33517262,-0.0745289,-0.36002746
7,17,-0.2045507,-0.2265338,-0.21464638,-0.23576665,-0.07126858,-0.32470953,-0.07807425,-0.3490033
7,18,-0.20941783,-0.22256845,-0.21974038,-0.23148954,-0.07454959,-0.31427577,-0.08150819,-0.33774924
7,19,-0.21410488,-0.21858388,-0.2246658,-0.22713013,-0.077709205,-0.30379146,-0.0848285,-0.32627863
7,20,-0.21861033,-0.21456157,-0.22941954,-0.22269349,-0.080746405,-0.29320782,-0.08803307,-0.3146048
7,21,-0.22293298,-0.210491,-0.2339987,-0.21818475,-0.08366038,-0.28249723,-0.09111996,-0.30274126
7,22,-0.22707182,-0.20636743,-0.23840053,-0.21360904,-0.086450435,-0.27164716,-0.09408731,-0.2907015
7,23,-0.23102596,-0.20218977,-0.24262255,-0.2089715,-0.08911599,-0.26065475,-0.09693344,-0.27849907
7,24,-0.2347946,-0.19795944,-0.24666244,-0.20427729,-0.09165649,-0.24952376,-0.0996568,-0.2661475
7,25,-0.23837706,-0.19367917,-0.25051805,-0.19953156,-0.094071485,-0.23826139,-0.102255926,-0.25366038
7,26,-0.24177274,-0.18935281,-0.25418752,-0.19473943,-0.09636057,-0.22687773,-0.10472958,-0.24105118
7,27,-0.24498112,-0.18498468,-0.25766915,-0.18990606,-0.09852339,-0.21538419,-0.1070766,-0.22833346
7,28,-0.24800177,-0.18057927,-0.26096135,-0.18503658,-0.10055966,-0.20379253,-0.10929593,-0.21552074
7,29,-0.25083438,-0.17614141,-0.2640629,-0.18013607,-0.10246917,-0.19211549,-0.11138674,-0.20262635
7,30,-0.25347874,-0.1716758,-0.26697263,-0.17520964,-0.10425177,-0.18036543,-0.11334823,-0.18966378
7,31,-0.25593475,-0.16718721,-0.26968965,-0.1702623,-0.10590741,-0.16855492,-0.115179814,-0.17664619
7,32,-0.2582024,-0.16268036,-0.27221325,-0.16529912,-0.107436076,-0.15669633,-0.11688102,-0.16358688
7,33,-0.26028195,-0.15815996,-0.2745429,-0.16032505,-0.10883793,-0.14480211,-0.11845147,-0.15049897
7,34,-0.26217356,-0.1536306,-0.27667826,-0.15534504,-0.1101131,-0.13288431,-0.11989096,-0.1373954
7,35,-0.26387772,-0.1490969,-0.2786192,-0.15036398,-0.1112619,-0.12095512,-0.12119938,-0.12428909
7,36,-0.26539496,-0.14456333,-0.28036577,-0.14538671,-0.11228469,-0.10902623,-0.12237676,-0.11119273
7,37,-0.266726,-0.14003444,-0.28191823,-0.14041804,-0.11318196,-0.09710966,-0.1234233,-0.098119006
7,38,-0.2678717,-0.13551463,-0.28327698,-0.13546267,-0.11395431,-0.08521701,-0.12433926,-0.08508029
7,39,-0.26883313,-0.1310083,-0.28444266,-0.1305253,-0.114602424,-0.073359795,-0.12512507,-0.072088934
7,40,-0.2696113,-0.12651978,-0.28541604,-0.12561053,-0.115127,-0.061549477,-0.12578124,-0.05915702
7,41,-0.2702076,-0.12205337,-0.2861981,-0.120722875,-0.115528986,-0.049797308,-0.12630844,-0.046296466
7,42,-0.27062345,-0.117613316,-0.28679,-0.115866825,-0.11580931,-0.038114496,-0.12670745,-0.033519074
7,43,-0.27086046,-0.113203764,-0.28719303,-0.111046754,-0.115969084,-0.026511945,-0.12697913,-0.020836351
7,44,-0.2709204,-0.10882886,-0.2874087,-0.106266975,-0.11600948,-0.01500055,-0.12712453,-0.008259646
7,45,-0.27080515,-0.104492664,-0.28743866,-0.10153172,-0.115931794,-0.0035910213,-0.12714472,0.0041999053
7,46,-0.2705168,-0.10019924,-0.28728473,-0.09684513,-0.11573742,0.0077059795,-0.12704095,0.01653142
7,47,-0.2700575,-0.09595242,-0.2869489,-0.092211254,-0.11542779,0.018880337,-0.12681456,0.028724216
7,48,-0.2694296,-0.091756135,-0.28643328,-0.08763406,-0.11500451,0.029921738,-0.12646697,0.040767882
7,49,-0.2686356,-0.087614134,-0.28574017,-0.0831174,-0.11446927,0.040820304,-0.12599973,0.052652247
7,50,-0.26767814,-0.08353014,-0.284872,-0.07866506,-0.11382382,0.051566232,-0.12541449,0.06436738
7,51,-0.26655993,-0.0795078,-0.28383136,-0.07428072,-0.11307002,0.062149953,-0.124712974,0.07590362
7,52,-0.26528385,-0.0755506,-0.28262097,-0.06996793,-0.1122098,0.072562255,-0.12389703,0.08725155
7,53,-0.26385298,-0.07166205,-0.2812437,-0.065730184,-0.11124522,0.08279393,-0.1229686,0.098402046
7,54,-0.26227048,-0.067845464,-0.27970254,-0.061570823,-0.11017843,0.09283626,-0.121929675,0.10934629
7,55,-0.26053956,-0.06410408,-0.27800065,-0.057493113,-0.10901159,0.102680705,-0.120782405,0.120075695
7,56,-0.25866362,-0.06044111,-0.2761412,-0.05350019,-0.107746996,0.11231883,-0.11952891,0.130582
7,57,-0.25664616,-0.05685955,-0.2741276,-0.04959509,-0.10638698,0.12174275,-0.11817151,0.14085722
7,58,-0.25449082,-0.05336235,-0.27196336,-0.045780737,-0.10493404,0.13094468,-0.11671256,0.15089367
7,59,-0.2522013,-0.04995236,-0.26965204,-0.042059924,-0.10339063,0.13991715,-0.11515446,0.16068399
7,60,-0.24978136,-0.046632264,-0.26719737,-0.038435347,-0.10175931,0.1486531,-0.11349973,0.17022109
7,61,-0.24723496,-0.043404635,-0.26460314,-0.034909572,-0.10004274,0.15714574,-0.111750916,0.17949821
7,62,-0.24456608,-0.04027195,-0.26187328,-0.031485043,-0.09824361,0.16538855,-0.10991067,0.18850896
7,63,-0.2417788,-0.037236568,-0.25901175,-0.028164098,-0.096364655,0.17337535,-0.10798167,0.19724713
7,64,-0.23887725,-0.03430071,-0.25602263,-0.024948936,-0.094408676,0.18110026,-0.10596666,0.20570695
7,65,-0.23586568,-0.031466406,-0.25291014,-0.021841643,-0.09237853,0.18855798,-0.10386847,0.21388297
7,66,-0.23274837,-0.028735686,-0.2496785,-0.01884418,-0.0902771,0.19574314,-0.10168998,0.22176999
7,67,-0.22952968,-0.026110299,-0.24633205,-0.015958382,-0.08810732,0.20265114,-0.09943408,0.22936319
7,68,-0.226214,-0.02359198,-0.24287516,-0.0131859565,-0.08587217,0.20927744,-0.09710373,0.2366581
7,69,-0.22280583,-0.021182254,-0.23931229,-0.010528491,-0.08357466,0.21561798,-0.09470194,0.2436505
7,70,-0.21930964,-0.018882565,-0.23564798,-0.0079874415,-0.081217825,0.22166899,-0.092231765,0.2503366
7,71,-0.21572997,-0.016694132,-0.23188677,-0.005564142,-0.07880471,0.22742726,-0.08969627,0.25671285
7,72,-0.21207137,-0.01461814,-0.22803329,-0.0032597957,-0.07633839,0.23288968,-0.087098576,0.26277614
7,73,-0.20833848,-0.012655571,-0.22409222,-0.0010754818,-0.073821984,0.23805366,-0.08444183,0.26852354
7,74,-0.20453589,-0.010807276,-0.22006823,0.0009878476,-0.07125859,0.24291696,-0.0817292,0.27395266
7,75,-0.20066822,-0.009073984,-0.21596609,0.0029293667,-0.06865133,0.24747764,-0.07896388,0.27906123
7,76,-0.19674014,-0.0074562803,-0.21179055,0.0047483756,-0.066003345,0.2517342,-0.076149076,0.28384748
7,77,-0.19275627,-0.005954597,-0.20754641,0.0064443005,-0.06331775,0.25568548,-0.07328804,0.28830984
7,78,-0.18872127,-0.004569251,-0.20323849,0.008016693,-0.0605977,0.25933063,-0.070383996,0.29244718
7,79,-0.1846398,-0.0033004247,-0.19887161,0.009465229,-0.05784631,0.2626692,-0.06744021,0.2962586
7,80,-0.18051645,-0.0021481402,-0.19445062,0.010789708,-0.055066697,0.26570114,-0.06445994,0.29974362
7,81,-0.17635585,-0.0011123121,-0.18998033,0.011990054,-0.052261967,0.26842666,-0.06144645,0.302902
7,82,-0.1721626,-0.00019270182,-0.18546563,0.0130663095,-0.04943523,0.27084637,-0.058403023,0.3057339
7,83,-0.16794126,0.0006110072,-0.18091133,0.014018642,-0.04658955,0.2729611,-0.05533289,0.3082397
7,84,-0.16369636,0.0012993254,-0.17632228,0.014847335,-0.043727998,0.27477223,-0.052239336,0.3104202
7,85,-0.1594324,0.0018728264,-0.1717033,0.015552795,-0.04085359,0.27628124,-0.0491256,0.31227642
7,86,-0.15515384,0.002332233,-0.16705915,0.016135538,-0.037969343,0.27749005,-0.045994908,0.31380972
7,87,-0.15086511,0.0026784353,-0.16239467,0.016596204,-0.03507824,0.278401,-0.042850506,0.31502187
7,88,-0.14657056,0.002912335,-0.15771456,0.016935539,-0.032183215,0.27901644,-0.03969557,0.31591472
7,89,-0.14227454,0.0030350126,-0.15302357,0.017154405,-0.029287199,0.27933922,-0.036533292,0.31649062
7,90,-0.1379813,0.0030476563,-0.14832637,0.017253773,-0.026393048,0.27937248,-0.033366833,0.31675208
7,91,-0.13369504,0.00295154,-0.14362761,0.017234724,-0.02350361,0.27911958,-0.030199325,0.31670195
7,92,-0.12941992,0.0027480498,-0.13893187,0.01709844,-0.020621685,0.27858415,-0.027033847,0.31634337
7,93,-0.12516001,0.0024386793,-0.13424374,0.016846213,-0.017750008,0.27777013,-0.023873502,0.31567967
7,94,-0.12091933,0.002025012,-0.12956768,0.01647943,-0.014891298,0.27668166,-0.020721294,0.3147146
7,95,-0.11670184,0.0015087016,-0.12490815,0.015999584,-0.0120482175,0.27532312,-0.017580226,0.313452
7,96,-0.11251135,0.0008915365,-0.12026952,0.015408256,-0.00922334,0.27369922,-0.01445325,0.3118961
7,97,-0.10835172,0.00017534569,-0.11565613,0.01470713,-0.006419265,0.27181476,-0.011343286,0.31005126
7,98,-0.104226604,-0.00063792616,-0.11107221,0.013897978,-0.0036384545,0.26967487,-0.0082531925,0.30792218
7,99,-0.10013967,-0.0015462823,-0.10652196,0.012982659,-0.00088338496,0.26728475,-0.0051857894,0.30551377
7,100,-0.09609446,-0.0025476478,-0.10200947,0.011963122,0.0018435583,0.26464993,-0.0021438464,0.30283114
7,101,-0.09209439,-0.0036398508,-0.09753877,0.010841398,0.00454007,0.2617761,0.00086992513,0.29987964
7,102,-0.08814289,-0.0048206784,-0.09311382,0.009619596,0.007203844,0.25866908,0.0038528582,0.29666477
7,103,-0.08424319,-0.0060878694,-0.08873847,0.008299909,0.009832691,0.2553348,0.0068023507,0.2931924
7,104,-0.08039851,-0.007439062,-0.08441651,0.006884597,0.012424458,0.2517795,0.009715857,0.28946838
7,105,-0.076611914,-0.008871879,-0.08015162,0.0053759976,0.014977063,0.24800941,0.01259089,0.2854989
7,106,-0.07288642,-0.010383848,-0.07594739,0.0037765137,0.017488478,0.24403107,0.01542503,0.2812903
7,107,-0.069224924,-0.0119725205,-0.071807325,0.0020886154,0.019956755,0.23985091,0.018215915,0.27684903
7,108,-0.06563021,-0.013635326,-0.06773483,0.00031483424,0.02238001,0.23547569,0.020961251,0.27218178
7,109,-0.062105004,-0.015369695,-0.0637332,-0.0015422389,0.02475641,0.23091216,0.023658818,0.26729542
7,110,-0.05865188,-0.017173007,-0.05980564,-0.003479957,0.027084218,0.22616723,0.02630645,0.2621968
7,111,-0.055273347,-0.019042607,-0.05595524,-0.0054956204,0.029361743,0.22124788,0.028902069,0.25689313
7,112,-0.051971808,-0.020975836,-0.052184995,-0.0075864806,0.031587362,0.21616112,0.03144365,0.25139162
7,113,-0.04874955,-0.022969961,-0.04849778,-0.009749741,0.03375954,0.2109141,0.033929262,0.24569957
7,114,-0.045608748,-0.025022265,-0.04489637,-0.011982566,0.035876807,0.20551401,0.036357034,0.23982449
7,115,-0.042551488,-0.02713,-0.041383434,-0.014282069,0.037937757,0.19996808,0.03872516,0.23377396
7,116,-0.03957975,-0.029290404,-0.0379615,-0.016645344,0.039941054,0.19428355,0.04103194,0.22755565
7,117,-0.036695417,-0.03150071,-0.03463301,-0.01906944,0.04188543,0.18846773,0.043275736,0.22117728
7,118,-0.033900235,-0.033758093,-0.031400274,-0.021551386,0.04376971,0.18252802,0.045454975,0.21464671
7,119,-0.031195875,-0.036059786,-0.028265495,-0.024088174,0.045592763,0.17647174,0.04756818,0.20797183
7,120,-0.028583884,-0.03840295,-0.025230752,-0.026676778,0.04735355,0.17030632,0.04961395,0.20116061
7,121,-0.026065728,-0.040784825,-0.022298012,-0.029314151,0.04905108,0.16403908,0.05159096,0.19422106
7,122,-0.023642723,-0.043202583,-0.019469114,-0.031997234,0.050684467,0.1576774,0.053497963,0.18716127
7,123,-0.021316119,-0.04565345,-0.016745787,-0.034722943,0.052252874,0.15122859,0.055333804,0.17998928
7,124,-0.019087048,-0.04813459,-0.01412963,-0.037488192,0.05375552,0.14470014,0.0570974,0.17271328
7,125,-0.01695653,-0.05064326,-0.011622129,-0.040289894,0.05519174,0.13809924,0.05878775,0.16534135
7,126,-0.014925506,-0.05317666,-0.009224646,-0.04312494,0.056560885,0.13143328,0.060403932,0.15788169
7,127,-0.012994785,-0.055732053,-0.0069384207,-0.045990236,0.057862416,0.12470945,0.06194511,0.15034243
7,128,-0.011165079,-0.05830666,-0.0047645746,-0.048882686,0.059095852,0.11793506,0.063410535,0.14273173
7,129,-0.009437036,-0.06089781,-0.002704107,-0.05179919,0.060260754,0.11111715,0.06479953,0.13505773
7,130,-0.0078111254,-0.06350276,-0.000757896,-0.05473667,0.06135681,0.104262926,0.066111505,0.12732853
7,131,-0.0062877946,-0.06611884,0.0010732992,-0.057692047,0.06238371,0.097379416,0.06734595,0.119552255
7,132,-0.00486736,-0.06874339,0.0027888399,-0.06066227,0.06334125,0.0904736,0.06850242,0.11173691
7,133,-0.0035500117,-0.071373776,0.004388206,-0.06364428,0.064229295,0.08355245,0.06958058,0.10389054
7,134,-0.0023359023,-0.07400739,0.005870997,-0.06663507,0.06504775,0.0766228,0.07058015,0.09602108
7,135,-0.0012250431,-0.07664169,0.007236928,-0.06963163,0.06579659,0.06969134,0.07150095,0.08813644
7,136,-0.00021736696,-0.07927416,0.008485833,-0.07263099,0.06647588,0.062764704,0.07234286,0.08024444
7,137,0.00068729743,-0.08190222,0.009617659,-0.07563018,0.067085735,0.05584967,0.07310584,0.072352864
7,138,0.0014891885,-0.084523454,0.010632472,-0.078626305,0.067626305,0.0489526,0.07378994,0.06446937
7,139,0.0021886714,-0.087135404,0.011530446,-0.08161646,0.06809784,0.042079955,0.074395284,0.056601573
7,140,0.0027861632,-0.08973569,0.012311869,-0.08459781,0.068500616,0.035238005,0.074922055,0.04875695
7,141,0.0032821856,-0.09232192,0.012977142,-0.08756753,0.06883499,0.028433034,0.07537052,0.040942926
7,142,0.003677357,-0.094891846,0.013526771,-0.09052285,0.069101386,0.021670956,0.07574104,0.033166803
7,143,0.0039723814,-0.09744316,0.013961374,-0.09346102,0.069300264,0.01495785,0.07603401,0.025435787
7,144,0.004168004,-0.099973634,0.0142816715,-0.09637938,0.06943214,0.008299595,0.07624993,0.017756918
7,145,0.004265126,-0.10248113,0.014488488,-0.09927525,0.06949761,0.0017018003,0.07638935,0.010137195
7,146,0.00426466,-0.10496347,0.014582754,-0.10214607,0.069497295,-0.004829811,0.076452896,0.0025834208
7,147,0.0041676387,-0.10741854,0.014565496,-0.10498927,0.06943189,-0.01128967,0.07644126,-0.0048977
7,148,0.0039751567,-0.1098444,0.014437839,-0.107802376,0.069302134,-0.017672682,0.076355204,-0.01229964
7,149,0.0036883838,-0.11223897,0.01420101,-0.11058293,0.069108814,-0.023973357,0.07619555,-0.01961593
7,150,0.0033085681,-0.11460039,0.013856322,-0.113328576,0.068852775,-0.030186791,0.07596319,-0.026840353
7,151,0.0028370246,-0.11692673,0.013405184,-0.11603697,0.0685349,-0.03630793,0.075659074,-0.033966757
7,152,0.002275139,-0.119216174,0.012849097,-0.11870585,0.06815613,-0.042331986,0.075284205,-0.040989198
7,153,0.0016243905,-0.121466905,0.012189644,-0.12133301,0.06771745,-0.04825418,0.07483966,-0.047901873
7,154,0.00088627264,-0.12367727,0.011428497,-0.12391631,0.06721987,-0.05407016,0.07432655,-0.05469914
7,155,6.240234e-05,-0.1258456,0.010567408,-0.12645367,0.06666448,-0.05977553,0.07374608,-0.06137551
7,156,-0.00084559247,-0.12797025,0.009608209,-0.12894309,0.06605239,-0.065365985,0.07309947,-0.067925744
7,157,-0.0018359907,-0.13004968,0.008552811,-0.1313826,0.065384746,-0.07083744,0.07238801,-0.07434467
7,158,-0.0029069968,-0.13208242,0.0074031986,-0.13377033,0.06466276,-0.07618605,0.071613036,-0.08062735
7,159,-0.0040568,-0.134067,0.0061614276,-0.13610448,0.06388766,-0.08140795,0.07077593,-0.08676903
7,160,-0.005283516,-0.136002,0.004829625,-0.13838328,0.06306071,-0.08649939,0.069878146,-0.09276509
7,161,-0.006585192,-0.13788627,0.003409983,-0.14060509,0.06218323,-0.09145734,0.06892114,-0.09861118
7,162,-0.007959861,-0.1397184,0.001904758,-0.14276831,0.061256543,-0.096278094,0.06790645,-0.104303114
7,163,-0.009405445,-0.14149724,0.00031626748,-0.1448714,0.06028205,-0.10095863,0.06683562,-0.10983683
7,164,-0.010919876,-0.14322172,-0.0013531131,-0.1469129,0.05926115,-0.105496146,0.06571026,-0.1152085
7,165,-0.012501042,-0.1448907,-0.0031009528,-0.14889145,0.05819526,-0.10988761,0.06453201,-0.12041451
7,166,-0.014146727,-0.14650317,-0.0049247686,-0.15080574,0.057085875,-0.114130385,0.06330255,-0.12545146
7,167,-0.015854731,-0.1480582,-0.0068220277,-0.15265454,0.055934485,-0.11822206,0.062023573,-0.1303161
7,168,-0.017622802,-0.14955497,-0.008790151,-0.1544367,0.054742593,-0.12216038,0.06069683,-0.13500534
7,169,-0.019448634,-0.15099262,-0.010826516,-0.15615113,0.053511772,-0.12594317,0.059324082,-0.13951641
7,170,-0.02132991,-0.15237033,-0.012928459,-0.15779686,0.052243575,-0.12956826,0.057907127,-0.1438467
7,171,-0.023264267,-0.15368754,-0.01509328,-0.15937293,0.050939593,-0.13303412,0.05644779,-0.14799371
7,172,-0.025249314,-0.15494351,-0.017318243,-0.16087851,0.04960144,-0.13633889,0.0549479,-0.15195525
7,173,-0.02728264,-0.15613773,-0.019600583,-0.16231284,0.04823074,-0.13948117,0.05340934,-0.1557293
7,174,-0.02936179,-0.1572697,-0.021937504,-0.1636752,0.046829153,-0.14245963,0.051833987,-0.15931399
7,175,-0.03148431,-0.15833896,-0.02432619,-0.164965,0.045398325,-0.14527312,0.050223734,-0.16270776
7,176,-0.033647712,-0.15934515,-0.026763793,-0.16618168,0.04393994,-0.14792062,0.0485805,-0.16590913
7,177,-0.0358495,-0.16028798,-0.029247452,-0.1673248,0.042455677,-0.15040141,0.04690623,-0.16891693
7,178,-0.038087152,-0.16116719,-0.031774286,-0.16839394,0.04094724,-0.15271483,0.045202848,-0.17173009
7,179,-0.040358137,-0.16198258,-0.034341402,-0.16938882,0.03941633,-0.15486032,0.043472312,-0.17434783
7,180,-0.04265991,-0.16273406,-0.036945898,-0.17030919,0.03786467,-0.15683763,0.04171658,-0.17676954
7,181,-0.044989925,-0.16342154,-0.039584864,-0.17115489,0.036293965,-0.15864655,0.039937608,-0.17899477
7,182,-0.047345627,-0.16404505,-0.042255376,-0.17192581,0.034705948,-0.16028716,0.038137373,-0.18102327
7,183,-0.049724467,-0.1646046,-0.044954523,-0.17262198,0.033102334,-0.16175947,0.036317833,-0.18285504
7,184,-0.05212387,-0.16510038,-0.047679383,-0.17324345,0.031484857,-0.16306397,0.03448096,-0.18449026
7,185,-0.05454129,-0.16553251,-0.050427046,-0.17379032,0.029855235,-0.164201,0.032628715,-0.18592921
7,186,-0.056974195,-0.16590127,-0.0531946,-0.17426284,0.028215174,-0.16517131,0.03076306,-0.18717252
7,187,-0.059420012,-0.16620697,-0.055979155,-0.17466125,0.026566407,-0.16597566,0.028885946,-0.18822083
7,188,-0.061876215,-0.1664499,-0.058777817,-0.1749859,0.02491064,-0.16661488,0.02699932,-0.18907507
7,189,-0.06434029,-0.16663055,-0.061587717,-0.17523722,0.023249565,-0.1670902,0.02510512,-0.18973635
7,190,-0.066809714,-0.16674936,-0.06440601,-0.1754157,0.021584887,-0.1674028,0.023205265,-0.19020595
7,191,-0.06928203,-0.16680682,-0.067229845,-0.17552184,0.019918257,-0.16755399,0.02130167,-0.19048524
7,192,-0.071754746,-0.16680354,-0.07005643,-0.17555629,0.01825136,-0.16754538,0.019396221,-0.19057588
7,193,-0.07422541,-0.16674012,-0.072882965,-0.17551972,0.016585844,-0.1673785,0.017490808,-0.19047967
7,194,-0.076691605,-0.16661727,-0.075706705,-0.17541288,0.014923342,-0.16705526,0.015587279,-0.19019854
7,195,-0.07915092,-0.16643567,-0.07852492,-0.17523655,0.013265476,-0.16657743,0.013687476,-0.1897346
7,196,-0.08160101,-0.16619615,-0.081334904,-0.17499161,0.011613832,-0.1659472,0.011793218,-0.18909007
7,197,-0.084039494,-0.16589954,-0.084134005,-0.17467895,0.009970008,-0.16516675,0.009906298,-0.18826741
7,198,-0.08646412,-0.16554667,-0.0869196,-0.1742996,0.008335527,-0.16423826,0.008028483,-0.18726924
7,199,-0.0888726,-0.16513845,-0.089689106,-0.17385453,0.0067119347,-0.16316415,0.0061615123,-0.18609816
7,200,-0.09350316,0.08471565,-0.085048385,0.20472424,0.0035903943,0.4942599,0.009289899,0.8100303
7,201,-0.08480581,0.1904601,-0.07310078,0.20116651,0.009453423,0.772498,0.017343974,0.80066913
7,202,-0.072091036,0.2357671,-0.06129716,0.19734722,0.01802466,0.8917113,0.02530099,0.7906197
7,203,-0.058662284,0.24789056,-0.049647618,0.19327277,0.027077204,0.9236109,0.033154137,0.7798988
7,204,-0.04551682,0.24303025,-0.03816198,0.18894972,0.035938777,0.91082233,0.040896796,0.7685239
7,205,-0.032865055,0.23058611,-0.026849827,0.18438485,0.044467542,0.8780789,0.048522506,0.7565127
7,206,-0.020697583,0.21575591,-0.015720457,0.17958511,0.052669834,0.8390572,0.056025,0.74388343
7,207,-0.0089650005,0.20115331,-0.0047828974,0.17455763,0.060578965,0.8006344,0.06339819,0.73065495
7,208,0.0023754276,0.18787037,0.0059541003,0.16930968,0.06822373,0.7656838,0.07063617,0.7168464
7,209,0.013353478,0.17616916,0.016482078,0.1638487,0.07562421,0.7348953,0.077733256,0.7024773
7,210,0.02398919,0.1659109,0.026792865,0.15818226,0.08279392,0.70790344,0.08468393,0.6875676
7,211,0.034296613,0.15680392,0.03687858,0.1523181,0.08974233,0.6839408,0.09148287,0.6721376
7,212,0.044286218,0.14853448,0.046731666,0.146264,0.09647649,0.66218203,0.098125,0.65620786
7,213,0.053966235,0.14082633,0.05634487,0.1400279,0.10300195,0.6419001,0.10460542,0.63979924
7,214,0.06334306,0.13346079,0.065711245,0.13361782,0.109323025,0.6225197,0.11091945,0.62293285
7,215,0.07242164,0.12627676,0.07482416,0.12704188,0.115443036,0.60361683,0.11706261,0.60563004
7,216,0.08120538,0.11916225,0.08367729,0.120308235,0.1213643,0.58489686,0.12303066,0.58791226
7,217,0.08969648,0.11204374,0.09226465,0.113425165,0.1270883,0.56616646,0.12881954,0.5698013
7,218,0.097896025,0.10487579,0.10058057,0.106400974,0.13261575,0.5473059,0.13442545,0.551319
7,219,0.1058041,0.09763278,0.108619705,0.09924401,0.13794671,0.5282479,0.13984475,0.5324874
7,220,0.11342016,0.09030233,0.116377026,0.09196267,0.14308082,0.5089598,0.14507408,0.5133285
7,221,0.12074308,0.082880765,0.12384786,0.084565364,0.14801732,0.4894319,0.1501103,0.49386445
7,222,0.12777157,0.075369775,0.13102782,0.07706053,0.15275533,0.46966875,0.15495043,0.4741175
7,223,0.13450399,0.06777427,0.1379129,0.0694566,0.15729378,0.4496832,0.15959178,0.4541098
7,224,0.14093876,0.060101062,0.14449938,0.06176202,0.16163155,0.42949322,0.16403183,0.43386358
7,225,0.14707427,0.052357923,0.15078388,0.05398523,0.16576761,0.40911925,0.16826832,0.41340104
7,226,0.15290906,0.044553082,0.15676339,0.046134636,0.16970092,0.3885829,0.17229919,0.39274433
7,227,0.15844177,0.036694918,0.16243514,0.038218625,0.17343062,0.3679062,0.17612262,0.37191543
7,228,0.16367131,0.0287919,0.16779679,0.030245556,0.17695595,0.34711158,0.179737,0.35093647
7,229,0.16859676,0.020852271,0.17284626,0.022223739,0.18027626,0.32622054,0.18314093,0.32982922
7,230,0.17321743,0.012884218,0.17758179,0.014161438,0.18339114,0.30525476,0.18633322,0.30861542
7,231,0.17753287,0.0048957206,0.18200198,0.0060668606,0.18630023,0.28423515,0.18931295,0.2873167
7,232,0.18154286,-0.0031053983,0.18610573,-0.0020518487,0.18900344,0.26318237,0.19207935,0.2659545
7,233,0.18524751,-0.011111457,0.18989223,-0.010186616,0.19150081,0.24211657,0.1946319,0.24455003
7,234,0.18864703,-0.019114967,0.19336104,-0.018329443,0.19379249,0.22105747,0.19697028,0.22312438
7,235,0.19174202,-0.027108595,0.19651198,-0.026472414,0.19587886,0.2000244,0.19909438,0.20169835
7,236,0.19453324,-0.035085168,0.19934522,-0.0346077,0.19776048,0.17903619,0.2010043,0.18029252
7,237,0.19702171,-0.04303765,0.20186119,-0.042727575,0.19943799,0.15811136,0.20270036,0.15892725
7,238,0.1992087,-0.05095918,0.20406064,-0.0508244,0.2009123,0.13726798,0.20418306,0.13762262
7,239,0.20109569,-0.058843117,0.20594464,-0.058890652,0.20218432,0.11652352,0.20545308,0.116398446
7,240,0.20268439,-0.066682845,0.20751451,-0.06691891,0.2032553,0.09589538,0.20651136,0.09527424
7,241,0.20397659,-0.07447198,0.20877187,-0.07490188,0.20412639,0.07540036,0.20735897,0.0742692
7,242,0.20497452,-0.08220422,0.20971864,-0.08283239,0.2047991,0.055055037,0.20799722,0.053402185
7,243,0.20568039,-0.08987349,0.21035701,-0.09070337,0.20527494,0.034875408,0.20842755,0.03269181
7,244,0.20609675,-0.09747377,0.21068943,-0.098507896,0.20555563,0.014877316,0.20865163,0.012156292
7,245,0.20622618,-0.10499917,0.21071862,-0.10623918,0.20564288,-0.0049237544,0.2086713,-0.008186502
7,246,0.2060716,-0.112443954,0.21044758,-0.11389056,0.20553868,-0.024512708,0.2084886,-0.028319059
7,247,0.20563601,-0.11980258,0.20987956,-0.121455535,0.20524503,-0.043874953,0.20810568,-0.048224263
7,248,0.20492254,-0.1270695,0.20901804,-0.12892774,0.20476407,-0.06299592,0.20752491,-0.06788536
7,249,0.2039346,-0.13423938,0.20786679,-0.13630094,0.20409808,-0.08186151,0.20674884,-0.08728596
7,250,0.20267557,-0.14130698,0.20642976,-0.1435691,0.20324935,-0.10045802,0.20578012,-0.10641017
7,251,0.20114924,-0.14826716,0.2047112,-0.15072629,0.20222043,-0.11877187,0.20462161,-0.1252424
7,252,0.19935928,-0.15511495,0.20271553,-0.15776677,0.20101379,-0.13678998,0.20327629,-0.14376755
7,253,0.19730978,-0.16184543,0.20044743,-0.16468498,0.19963218,-0.15449944,0.20174733,-0.16197096
7,254,0.19500472,-0.16845378,0.19791175,-0.17147548,0.1980783,-0.17188755,0.20003799,-0.17983834
7,255,0.19244839,-0.17493545,0.19511361,-0.17813304,0.19635504,-0.1889423,0.19815171,-0.19735591
7,256,0.18964519,-0.18128578,0.1920583,-0.18465258,0.19446535,-0.20565152,0.19609208,-0.21451034
7,257,0.1865996,-0.18750043,0.18875128,-0.19102919,0.19241227,-0.2220037,0.19386277,-0.23128867
7,258,0.18331632,-0.19357505,0.18519823,-0.19725817,0.19019897,-0.23798743,0.19146758,-0.24767858
7,259,0.17980014,-0.19950551,0.18140501,-0.20333499,0.18782865,-0.25359184,0.18891053,-0.2636681
7,260,0.17605603,-0.20528772,0.17737764,-0.20925526,0.18530469,-0.2688062,0.18619561,-0.2792457
7,261,0.17208906,-0.21091783,0.17312232,-0.21501483,0.18263048,-0.2836203,0.18332702,-0.29440045
7,262,0.16790448,-0.21639201,0.16864537,-0.22060971,0.17980959,-0.29802415,0.18030903,-0.30912188
7,263,0.16350761,-0.22170669,0.16395333,-0.22603613,0.1768456,-0.3120083,0.17714606,-0.32340005
7,264,0.158904,-0.22685826,0.15905283,-0.23129046,0.17374222,-0.32556325,0.17384255,-0.3372254
7,265,0.15409929,-0.23184347,0.15395066,-0.2363693,0.17050329,-0.3386805,0.1704031,-0.350589
7,266,0.14909923,-0.23665908,0.14865373,-0.24126944,0.16713266,-0.3513515,0.16683234,-0.36348242
7,267,0.14390977,-0.24130213,0.14316908,-0.24598786,0.16363436,-0.36356843,0.16313505,-0.37589768
7,268,0.13853692,-0.24576971,0.13750383,-0.25052175,0.16001244,-0.37532368,0.15931602,-0.3878274
7,269,0.13298687,-0.25005916,0.13166529,-0.25486848,0.15627106,-0.3866102,0.15538016,-0.39926463
7,270,0.12726597,-0.2541679,0.12566076,-0.25902563,0.15241452,-0.3974213,0.15133241,-0.41020307
7,271,0.12138061,-0.2580937,0.11949772,-0.262991,0.1484471,-0.407751,0.1471778,-0.4206369
7,272,0.11533745,-0.26183432,0.11318366,-0.26676258,0.1443733,-0.4175934,0.14292139,-0.4305608
7,273,0.10914305,-0.2653878,0.106726214,-0.27033857,0.14019755,-0.42694342,0.13856831,-0.43997002
7,274,0.10280433,-0.26875243,0.100133024,-0.27371728,0.13592452,-0.43579653,0.13412374,-0.44886023
7,275,0.09632823,-0.27192658,0.09341183,-0.27689743,0.13155887,-0.44414845,0.12959288,-0.45722792
7,276,0.089721754,-0.2749089,0.086570404,-0.27987772,0.12710533,-0.45199564,0.12498095,-0.46506977
7,277,0.08299206,-0.2776982,0.07961657,-0.28265718,0.122568734,-0.4593349,0.12029325,-0.47238314
7,278,0.07614647,-0.2802935,0.07255817,-0.28523505,0.11795401,-0.46616375,0.11553507,-0.47916612
7,279,0.06919235,-0.28269404,0.065403104,-0.2876107,0.113266125,-0.47248015,0.11071173,-0.48541704
7,280,0.0621371,-0.2848993,0.05815926,-0.28978375,0.10851006,-0.4782827,0.10582854,-0.4911348
7,281,0.05498833,-0.28690886,0.050834548,-0.29175404,0.10369095,-0.48357034,0.10089083,-0.4963191
7,282,0.04775366,-0.28872266,0.043436896,-0.29352152,0.09881395,-0.48834285,0.09590395,-0.50096977
7,283,0.040440794,-0.29034072,0.035974205,-0.29508647,0.09388423,-0.49260032,0.09087322,-0.5050875
7,284,0.033057522,-0.2917633,0.02845438,-0.29644924,0.08890704,-0.4963435,0.085803986,-0.50867325
7,285,0.025611673,-0.29299083,0.020885298,-0.29761046,0.08388767,-0.49957338,0.08070154,-0.5117287
7,286,0.018111143,-0.29402405,0.01327481,-0.29857093,0.078831434,-0.50229204,0.07557118,-0.51425594
7,287,0.010563873,-0.29486382,0.005630736,-0.29933164,0.0737437,-0.50450164,0.07041819,-0.5162575
7,288,0.0029777922,-0.29551125,-0.0020391508,-0.29989374,0.068629794,-0.5062052,0.06524779,-0.51773655
7,289,-0.0046391003,-0.2959674,-0.009727123,-0.3002586,0.06349512,-0.5074054,0.060065202,-0.5186966
7,290,-0.012278806,-0.29623395,-0.017425515,-0.3004278,0.058345072,-0.50810677,0.054875594,-0.51914173
7,291,-0.019933332,-0.29631248,-0.025126716,-0.30040303,0.053185027,-0.5083134,0.049684085,-0.5190766
7,292,-0.02759469,-0.2962048,-0.032823198,-0.3001862,0.04802038,-0.5080301,0.04449576,-0.51850605
7,293,-0.03525494,-0.29591286,-0.0405075,-0.29977936,0.04285648,-0.50726193,0.039315645,-0.51743555
7,294,-0.042906128,-0.29543883,-0.04817225,-0.29918477,0.03769869,-0.50601465,0.034148708,-0.51587105
7,295,-0.0505404,-0.29478508,-0.05581017,-0.29840487,0.032552302,-0.50429446,0.028999861,-0.513819
7,296,-0.05814991,-0.29395407,-0.06341407,-0.29744223,0.027422603,-0.5021079,0.02387395,-0.511286
7,297,-0.06572696,-0.29294845,-0.070976876,-0.29629955,0.02231479,-0.4994619,0.018775735,-0.5082794
7,298,-0.07326381,-0.291771,-0.07849161,-0.29497975,0.017234076,-0.4963637,0.013709926,-0.5048067
7,299,-0.08075291,-0.29042467,-0.08595143,-0.29348582,0.012185549,-0.49282125,0.008681139,-0.50087583
7,300,-0.088186815,-0.28891248,-0.09334959,-0.29182097,0.007174231,-0.48884228,0.0036939194,-0.49649522
7,301,-0.09555817,-0.28723764,-0.100679494,-0.28998855,0.002205082,-0.4844354,-0.0012472895,-0.49167368
7,302,-0.102859735,-0.28540346,-0.107934654,-0.28799194,-0.0027170258,-0.47960925,-0.0061381124,-0.48642015
7,303,-0.11008446,-0.28341335,-0.115108736,-0.2858348,-0.0075873313,-0.4743728,-0.01097428,-0.48074418
7,304,-0.11722539,-0.28127092,-0.12219555,-0.2835208,-0.012401153,-0.46873558,-0.015751617,-0.4746555
7,305,-0.124275774,-0.27897978,-0.12918904,-0.28105375,-0.01715393,-0.46270707,-0.020466046,-0.46816418
7,306,-0.13122903,-0.27654365,-0.13608332,-0.27843764,-0.021841234,-0.45629704,-0.025113592,-0.46128058
7,307,-0.13807869,-0.27396637,-0.14287265,-0.2756765,-0.026458703,-0.4495156,-0.029690389,-0.45401534
7,308,-0.14481856,-0.27125186,-0.14955144,-0.27277452,-0.03100216,-0.4423731,-0.03419267,-0.44637957
7,309,-0.1514426,-0.2684042,-0.15611427,-0.2697359,-0.03546754,-0.43488023,-0.038616784,-0.43838426
7,310,-0.15794498,-0.26542732,-0.1625559,-0.26656502,-0.039850894,-0.4270474,-0.042959195,-0.43004096
7,311,-0.16432002,-0.26232547,-0.16887127,-0.26326635,-0.044148415,-0.4188857,-0.047216486,-0.4213614
7,312,-0.17056239,-0.25910282,-0.17505544,-0.25984436,-0.048356496,-0.41040617,-0.05138534,-0.41235733
7,313,-0.17666684,-0.25576365,-0.18110374,-0.25630364,-0.052471608,-0.40162003,-0.055462595,-0.4030409
7,314,-0.1826284,-0.2523123,-0.18701157,-0.25264892,-0.05649039,-0.39253876,-0.05944516,-0.39342448
7,315,-0.18844232,-0.24875313,-0.1927746,-0.24888486,-0.060409654,-0.38317373,-0.063330114,-0.38352033
7,316,-0.19410409,-0.2450906,-0.19838865,-0.24501629,-0.064226344,-0.3735368,-0.06711464,-0.37334126
7,317,-0.19960938,-0.2413291,-0.20384975,-0.24104802,-0.06793755,-0.3636394,-0.07079606,-0.3628998
7,318,-0.20495416,-0.23747319,-0.20915408,-0.23698498,-0.07154056,-0.3534936,-0.07437179,-0.35220903
7,319,-0.21013461,-0.23352742,-0.21429807,-0.23283207,-0.075032786,-0.34311137,-0.07783944,-0.34128174
7,320,-0.21514711,-0.22949636,-0.21927828,-0.22859427,-0.07841179,-0.33250472,-0.08119668,-0.3301311
7,321,-0.21998824,-0.22538462,-0.2240915,-0.22427659,-0.081675276,-0.3216858,-0.08444136,-0.3187703
7,322,-0.22465491,-0.22119677,-0.22873472,-0.21988402,-0.08482116,-0.31066656,-0.08757142,-0.30721244
7,323,-0.22914423,-0.21693757,-0.23320511,-0.21542166,-0.087847486,-0.29945964,-0.090584986,-0.29547092
7,324,-0.23345347,-0.21261162,-0.23750004,-0.21089455,-0.09075241,-0.28807703,-0.093480274,-0.28355905
7,325,-0.23758021,-0.20822361,-0.24161708,-0.20630775,-0.09353431,-0.2765312,-0.09625564,-0.27149013
7,326,-0.24152218,-0.20377825,-0.24555402,-0.20166636,-0.09619166,-0.2648344,-0.09890959,-0.25927752
7,327,-0.24527742,-0.19928026,-0.2493088,-0.19697542,-0.09872313,-0.25299916,-0.10144075,-0.2469346
7,328,-0.24884409,-0.19473435,-0.2528796,-0.19224006,-0.10112748,-0.24103782,-0.103847876,-0.23447475
7,329,-0.25222066,-0.19014528,-0.25626478,-0.1874653,-0.10340369,-0.22896291,-0.10612989,-0.22191124
7,330,-0.25540572,-0.18551779,-0.25946292,-0.18265618,-0.10555079,-0.2167869,-0.108285815,-0.20925735
7,331,-0.25839815,-0.18085659,-0.26247275,-0.17781776,-0.107568026,-0.20452219,-0.11031479,-0.19652635
7,332,-0.261197,-0.17616636,-0.26529324,-0.17295502,-0.10945478,-0.19218111,-0.11221612,-0.18373135
7,333,-0.26380157,-0.1714519,-0.26792353,-0.16807295,-0.11121057,-0.17977628,-0.11398925,-0.1708855
7,334,-0.26621133,-0.16671789,-0.27036294,-0.16317646,-0.11283503,-0.16732,-0.1156337,-0.15800169
7,335,-0.26842597,-0.16196907,-0.27261105,-0.1582705,-0.11432795,-0.15482475,-0.11714918,-0.14509295
7,336,-0.2704453,-0.1572101,-0.2746676,-0.15335988,-0.1156892,-0.1423028,-0.118535526,-0.13217197
7,337,-0.2722694,-0.15244567,-0.2765324,-0.14844945,-0.11691887,-0.12976651,-0.11979263,-0.11925151
7,338,-0.2738986,-0.14768039,-0.27820566,-0.14354396,-0.118017145,-0.11722793,-0.120920606,-0.10634403
7,339,-0.27533332,-0.14291891,-0.27968758,-0.13864811,-0.118984304,-0.10469939,-0.12191959,-0.09346191
7,340,-0.2765742,-0.13816583,-0.2809787,-0.13376658,-0.1198208,-0.092192926,-0.12278996,-0.080617465
7,341,-0.27762207,-0.13342571,-0.28207964,-0.12890393,-0.12052719,-0.07972058,-0.12353211,-0.0678227
7,342,-0.2784779,-0.12870307,-0.2829912,-0.124064684,-0.12110413,-0.06729422,-0.12414661,-0.05508954
7,343,-0.27914298,-0.12400241,-0.2837144,-0.119253315,-0.12155246,-0.054925688,-0.12463414,-0.04242971
7,344,-0.27961862,-0.11932817,-0.28425047,-0.11447421,-0.1218731,-0.042626675,-0.12499551,-0.029854774
7,345,-0.27990633,-0.11468476,-0.28460065,-0.10973166,-0.12206705,-0.03040879,-0.12523156,-0.017376032
7,346,-0.2800079,-0.11007644,-0.2847665,-0.10502991,-0.12213552,-0.018283235,-0.12534337,-0.005004641
7,347,-0.27992517,-0.1055076,-0.28474972,-0.100373104,-0.12207975,-0.0062615457,-0.12533206,0.0072484957
7,348,-0.27966022,-0.1009824,-0.2845521,-0.0957653,-0.12190115,0.005645303,-0.12519884,0.019372698
7,349,-0.27921525,-0.096505,-0.28417563,-0.09121047,-0.12160118,0.017426372,-0.12494506,0.031357512
7,350,-0.27859262,-0.09207949,-0.2836225,-0.08671251,-0.12118145,0.029070916,-0.12457218,0.04319269
7,351,-0.27779493,-0.087709874,-0.28289497,-0.0822752,-0.12064372,0.04056839,-0.12408174,0.054868285
7,352,-0.27682477,-0.083400115,-0.28199548,-0.077902235,-0.11998972,0.051908366,-0.12347538,0.06637456
7,353,-0.27568504,-0.07915403,-0.28092661,-0.07359722,-0.11922141,0.0630808,-0.12275484,0.077702045
7,354,-0.27437875,-0.074975386,-0.2796911,-0.069363646,-0.11834081,0.07407578,-0.12192196,0.08884157
7,355,-0.27290893,-0.07086784,-0.2782918,-0.06520491,-0.11734998,0.0848837,-0.12097866,0.099784166
7,356,-0.27127892,-0.06683496,-0.27673167,-0.0611243,-0.11625117,0.095495135,-0.11992696,0.110521205
7,357,-0.26949206,-0.06288023,-0.27501386,-0.05712499,-0.11504662,0.10590093,-0.11876896,0.12104431
7,358,-0.26755193,-0.059007,-0.2731416,-0.05321006,-0.113738745,0.1160923,-0.11750683,0.13134539
7,359,-0.26546207,-0.05521853,-0.2711182,-0.04938247,-0.11232994,0.12606065,-0.116142824,0.14141667
7,360,-0.26322633,-0.051517945,-0.26894715,-0.045645073,-0.11082279,0.13579774,-0.11467929,0.15125063
7,361,-0.26084858,-0.04790825,-0.26663202,-0.042000595,-0.10921991,0.1452957,-0.11311862,0.1608401
7,362,-0.25833276,-0.04439239,-0.26417652,-0.038451664,-0.10752395,0.15454674,-0.11146332,0.17017816
7,363,-0.25568298,-0.040973093,-0.26158437,-0.035000782,-0.105737686,0.16354369,-0.109715916,0.17925821
7,364,-0.2529034,-0.037653033,-0.25885952,-0.03165033,-0.10386393,0.17227954,-0.10787904,0.18807404
7,365,-0.24999829,-0.034434747,-0.25600585,-0.028402574,-0.10190555,0.18074758,-0.10595535,0.19661964
7,366,-0.24697198,-0.03132057,-0.2530275,-0.02525966,-0.09986546,0.18894172,-0.10394759,0.20488939
7,367,-0.24382897,-0.028312769,-0.24992852,-0.022223612,-0.09774671,0.19685593,-0.10185851,0.21287791
7,368,-0.2405737,-0.025413465,-0.24671316,-0.01929633,-0.09555228,0.20448467,-0.09969099,0.22058028
7,369,-0.2372108,-0.022624608,-0.2433857,-0.016479589,-0.093285285,0.21182281,-0.097447895,0.22799177
7,370,-0.23374481,-0.01994804,-0.23995048,-0.013775047,-0.09094881,0.21886547,-0.09513215,0.23510805
7,371,-0.2301805,-0.017385405,-0.23641193,-0.011184232,-0.08854605,0.22560836,-0.09274676,0.24192509
7,372,-0.22652256,-0.014938273,-0.23277448,-0.0087085515,-0.08608017,0.23204733,-0.0902947,0.24843918
7,373,-0.22277574,-0.0126080215,-0.22904268,-0.0063492833,-0.08355438,0.23817877,-0.08777902,0.25464696
7,374,-0.2189449,-0.010395907,-0.22522107,-0.0041075847,-0.08097195,0.24399936,-0.08520281,0.26054537
7,375,-0.21503486,-0.008303013,-0.22131428,-0.0019844864,-0.07833612,0.24950624,-0.08256918,0.26613176
7,376,-0.21105047,-0.006330289,-0.21732695,1.9105048e-05,-0.07565018,0.25469694,-0.07988126,0.27140367
7,377,-0.2069966,-0.0044785403,-0.21326376,0.0019024079,-0.0729174,0.25956932,-0.0771422,0.27635908
7,378,-0.20287816,-0.0027484186,-0.20912942,0.0036647646,-0.07014109,0.26412165,-0.07435517,0.28099623
7,379,-0.19870003,-0.0011404082,-0.20492867,0.0053056413,-0.06732454,0.26835272,-0.07152337,0.28531376
7,380,-0.19446711,0.0003450811,-0.20066623,0.0068246284,-0.064471066,0.27226138,-0.06864999,0.28931057
7,381,-0.19018427,0.0017078519,-0.1963469,0.008221438,-0.06158393,0.27584717,-0.06573826,0.29298592
7,382,-0.18585642,0.0029478408,-0.19197543,0.009495905,-0.058666453,0.27910984,-0.062791385,0.29633933
7,383,-0.1814884,0.0040651225,-0.1875566,0.010647983,-0.055721898,0.28204966,-0.05981257,0.2993707
7,384,-0.17708506,0.005059857,-0.18309519,0.011677749,-0.052753534,0.28466704,-0.056805063,0.30208027
7,385,-0.17265122,0.0059324168,-0.17859598,0.012585398,-0.04976461,0.28696296,-0.05377207,0.30446848
7,386,-0.16819164,0.006683264,-0.1740637,0.0133712385,-0.04675834,0.2889386,-0.050716788,0.30653623
7,387,-0.16371109,0.007313013,-0.16950314,0.014035701,-0.043737922,0.29059562,-0.04764244,0.30828458
7,388,-0.15921424,0.007822406,-0.16491899,0.014579327,-0.04070653,0.29193595,-0.04455219,0.30971497
7,389,-0.1547058,0.008212283,-0.16031598,0.015002772,-0.037667308,0.2929618,-0.041449223,0.31082916
7,390,-0.15019034,0.008483656,-0.15569876,0.015306806,-0.034623366,0.29367587,-0.038336683,0.31162915
7,391,-0.14567244,0.008637607,-0.151072,0.015492304,-0.031577777,0.29408094,-0.035217706,0.31211725
7,392,-0.1411566,0.00867537,-0.1464403,0.015560253,-0.028533572,0.2941803,-0.032095402,0.31229603
7,393,-0.13664724,0.008598279,-0.14180821,0.015511743,-0.02549374,0.29397744,-0.028972836,0.3121684
7,394,-0.13214877,0.008407768,-0.13718027,0.015347969,-0.022461249,0.29347616,-0.025853064,0.31173745
7,395,-0.12766548,0.008105401,-0.13256097,0.015070229,-0.019438984,0.2926806,-0.022739116,0.31100667
7,396,-0.123201564,0.0076928213,-0.12795469,0.014679917,-0.016429788,0.29159498,-0.019633949,0.30997965
7,397,-0.11876126,0.007171776,-0.12336583,0.014178528,-0.013436504,0.290224,-0.01654052,0.3086604
7,398,-0.114348605,0.0065441467,-0.11879867,0.013567649,-0.010461862,0.28857255,-0.013461727,0.30705303
7,399,-0.10996759,0.005811833,-0.11425747,0.01284896,-0.0075085475,0.28664568,-0.010400427,0.30516198
7,400,-0.10562214,0.004976865,-0.10974639,0.012024231,-0.00457921,0.28444868,-0.007359433,0.30299193
7,401,-0.101316124,0.004041359,-0.105269544,0.01109532,-0.0016764521,0.28198716,-0.0043415176,0.30054778
7,402,-0.097053245,0.003007464,-0.10083096,0.010064167,0.0011972252,0.27926674,-0.001349393,0.29783458
7,403,-0.09283717,0.001877483,-0.09643457,0.008932795,0.004039351,0.2762935,0.0016142834,0.29485765
7,404,-0.08867147,0.0006537363,-0.09208427,0.0077033066,0.0068475185,0.27307352,0.0045468905,0.29162258
7,405,-0.08455959,-0.0006613843,-0.08778384,0.0063778777,0.009619404,0.26961315,0.007445881,0.28813508
7,406,-0.08050491,-0.0020654388,-0.08353698,0.0049587586,0.01235273,0.26591873,0.01030876,0.28440103
7,407,-0.07651069,-0.0035558604,-0.0793473,0.0034482696,0.015045299,0.2619971,0.013133096,0.2804266
7,408,-0.0725801,-0.0051301196,-0.07521832,0.0018487974,0.017694976,0.25785488,0.015916508,0.276218
7,409,-0.0687162,-0.00678562,-0.07115347,0.0001627926,0.020299695,0.25349885,0.01865669,0.27178174
7,410,-0.06492197,-0.008519601,-0.06715608,-0.0016072338,0.022857448,0.24893634,0.021351399,0.26712438
7,411,-0.061200246,-0.010329429,-0.06322937,-0.003458713,0.025366321,0.24417427,0.023998458,0.26225272
7,412,-0.057553798,-0.012212303,-0.05937647,-0.005389022,0.027824452,0.23922,0.026595758,0.25717363
7,413,-0.053985246,-0.014165487,-0.055600416,-0.0073954873,0.030230073,0.2340807,0.02914126,0.25189415
7,414,-0.05049714,-0.016186122,-0.05190412,-0.009475386,0.032581463,0.22876395,0.031632993,0.24642146
7,415,-0.0470919,-0.018271342,-0.04829039,-0.011625951,0.03487699,0.22327726,0.03406907,0.24076281
7,416,-0.043771848,-0.020418327,-0.04476194,-0.0138443755,0.037115093,0.21762803,0.036447655,0.23492563
7,417,-0.04053919,-0.022624157,-0.041321363,-0.016127806,0.03929428,0.211824,0.038767006,0.22891739
7,418,-0.03739602,-0.0248859,-0.03797113,-0.018473368,0.041413143,0.20587283,0.041025452,0.22274567
7,419,-0.034344316,-0.027200643,-0.034713622,-0.020878145,0.04347035,0.1997822,0.04322139,0.21641816
7,420,-0.031385973,-0.029565487,-0.03155108,-0.023339199,0.045464616,0.19355974,0.045353312,0.20994256
7,421,-0.028522722,-0.031977456,-0.028485652,-0.025853561,0.047394782,0.18721329,0.047419768,0.20332669
7,422,-0.02575624,-0.034433577,-0.025519354,-0.028418243,0.049259715,0.18075067,0.0494194,0.19657841
7,423,-0.023088064,-0.036930937,-0.022654096,-0.031030234,0.05105837,0.17417954,0.051350918,0.18970565
7,424,-0.02051961,-0.039466564,-0.019891663,-0.033686515,0.052789807,0.16750771,0.05321312,0.18271635
7,425,-0.01805221,-0.0420375,-0.017233726,-0.036384042,0.054453123,0.160743,0.055004876,0.17561854
7,426,-0.01568706,-0.044640865,-0.014681834,-0.039119776,0.05604751,0.15389293,0.056725148,0.1684202
7,427,-0.013425257,-0.04727367,-0.01223742,-0.041890666,0.05757223,0.14696541,0.05837297,0.16112934
7,428,-0.011267807,-0.049933027,-0.0099017965,-0.04469365,0.059026603,0.13996804,0.059947453,0.15375406
7,429,-0.009215571,-0.05261598,-0.0076761567,-0.047525674,0.06041005,0.13290855,0.06144779,0.14630233
7,430,-0.0072693415,-0.0553197,-0.005561574,-0.050383687,0.061722033,0.12579444,0.06287327,0.13878225
7,431,-0.0054297782,-0.058041293,-0.003559003,-0.05326464,0.062962115,0.11863331,0.06422323,0.13120179
7,432,-0.003697414,-0.06077795,-0.0016692806,-0.056165494,0.064129926,0.11143252,0.06549713,0.12356897
7,433,-0.0020727552,-0.06352681,0.000106875974,-0.059083223,0.06522514,0.10419964,0.06669446,0.11589175
7,434,-0.0005561076,-0.06628509,0.0017688667,-0.062014814,0.06624754,0.09694197,0.06781484,0.10817805
7,435,0.00085224584,-0.06905,0.0033162092,-0.064957276,0.06719693,0.08966684,0.06885793,0.10043575
7,436,0.0021522082,-0.07181886,0.004748537,-0.067907624,0.06807326,0.08238134,0.06982348,0.0926727
7,437,0.0033436753,-0.07458891,0.006065601,-0.070862904,0.068876445,0.07509269,0.07071134,0.084896676
7,438,0.0044267327,-0.077357456,0.0072672646,-0.073820196,0.06960655,0.067808,0.0715214,0.07711536
7,439,0.005401522,-0.08012198,0.008353507,-0.076776594,0.07026368,0.0605339,0.07225365,0.069336385
7,440,0.0062682964,-0.08287972,0.009324418,-0.07972922,0.07084798,0.05327764,0.07290816,0.061567336
7,441,0.0070274174,-0.085628256,0.010180202,-0.082675256,0.07135972,0.04604561,0.073485054,0.05381564
7,442,0.0076792836,-0.08836499,0.01092117,-0.08561189,0.07179915,0.03884463,0.073984556,0.04608868
7,443,0.008224446,-0.091087475,0.011547742,-0.08853635,0.07216665,0.031681135,0.07440694,0.038393732
7,444,0.008663531,-0.09379326,0.012060448,-0.091445915,0.07246265,0.024561595,0.07475256,0.030737998
7,445,0.008997243,-0.09647995,0.012459922,-0.094337896,0.0726876,0.017492281,0.075021856,0.023128528
7,446,0.0092263855,-0.09914522,0.0127469,-0.09720966,0.07284208,0.010479348,0.07521532,0.015572245
7,447,0.0093518235,-0.10178676,0.012922224,-0.100058615,0.07292663,0.0035288336,0.0753335,0.00807599
7,448,0.009374533,-0.10440232,0.012986834,-0.1028822,0.072941944,-0.0033533007,0.075377055,0.00064648624
7,449,0.009295572,-0.10698971,0.012941768,-0.10567793,0.07288872,-0.010161332,0.07534667,-0.006709737
7,450,0.009116072,-0.10954678,0.012788162,-0.108443365,0.07276771,-0.016889572,0.07524313,-0.013986229
7,451,0.008837234,-0.112071455,0.012527245,-0.11117611,0.07257974,-0.023532575,0.07506724,-0.021176718
7,452,0.008460358,-0.11456165,0.012160339,-0.113873824,0.072325684,-0.03008485,0.0748199,-0.02827503
7,453,0.00798681,-0.11701542,0.011688856,-0.11653424,0.07200646,-0.036541298,0.074502066,-0.0352752
7,454,0.007418018,-0.11943081,0.011114296,-0.11915514,0.07162303,-0.042896744,0.07411475,-0.04217139
7,455,0.00675549,-0.121805936,0.010438242,-0.12173436,0.0711764,-0.04914625,0.07365901,-0.048957914
7,456,0.006000828,-0.124139026,0.009662364,-0.1242698,0.07066768,-0.055285152,0.07313597,-0.055629242
7,457,0.0051556677,-0.12642829,0.00878841,-0.12675942,0.07009794,-0.061308738,0.07254683,-0.062180027
7,458,0.00422173,-0.128672,0.007818205,-0.1292013,0.06946836,-0.06721246,0.0718928,-0.06860515
7,459,0.0032007955,-0.13086857,0.006753654,-0.13159347,0.068780124,-0.07299214,0.071175165,-0.07489951
7,460,0.002094712,-0.13301641,0.005596731,-0.13393413,0.0680345,-0.0786436,0.07039526,-0.08105833
7,461,0.0009053685,-0.13511395,0.004349481,-0.1362215,0.06723274,-0.084162734,0.06955447,-0.08707693
7,462,-0.00036525354,-0.1371598,0.0030140174,-0.1384539,0.066376194,-0.08954581,0.06865422,-0.0929509
7,463,-0.0017151497,-0.13915251,0.0015925191,-0.14062968,0.0654662,-0.09478911,0.06769596,-0.098675884
7,464,-0.003142234,-0.14109078,8.722609e-05,-0.1427473,0.064504184,-0.099889144,0.06668122,-0.10424782
7,465,-0.0046443753,-0.14297333,-0.0014995617,-0.14480525,0.06349157,-0.10484258,0.06561154,-0.109662786
7,466,-0.0062194057,-0.14479896,-0.0031654881,-0.14680216,0.06242981,-0.10964624,0.06448851,-0.1149171
7,467,-0.007865105,-0.14656655,-0.0049081426,-0.14873664,0.06132042,-0.114297174,0.06331376,-0.12000718
7,468,-0.009579182,-0.14827505,-0.006725065,-0.15060745,0.060164936,-0.118792616,0.06208894,-0.12492971
7,469,-0.01135933,-0.14992341,-0.008613745,-0.15241338,0.058964904,-0.12312985,0.060815748,-0.12968154
7,470,-0.013203196,-0.15151067,-0.010571629,-0.15415335,0.057721928,-0.1273063,0.05949591,-0.13425979
7,471,-0.0151083805,-0.15303601,-0.012596121,-0.15582627,0.056437608,-0.13131982,0.058131166,-0.13866164
7,472,-0.017072465,-0.15449859,-0.014684586,-0.15743122,0.055113588,-0.13516821,0.056723297,-0.14288461
7,473,-0.019092953,-0.15589768,-0.01683435,-0.15896727,0.053751543,-0.13884953,0.055274103,-0.14692634
7,474,-0.02116736,-0.15723261,-0.01904271,-0.16043362,0.05235315,-0.14236204,0.05378541,-0.15078464
7,475,-0.023293154,-0.15850276,-0.021306932,-0.16182953,0.050920118,-0.14570409,0.052259065,-0.1544576
7,476,-0.025467787,-0.15970764,-0.023624254,-0.16315433,0.04945416,-0.1488744,0.050696917,-0.15794347
7,477,-0.027688667,-0.16084668,-0.025991889,-0.16440745,0.047957033,-0.1518715,0.049100854,-0.1612407
7,478,-0.0299532,-0.1619195,-0.028407028,-0.16558835,0.04643047,-0.15469435,0.04747277,-0.16434793
7,479,-0.032258764,-0.16292584,-0.030866843,-0.16669661,0.044876255,-0.15734224,0.04581457,-0.16726401
7,480,-0.0346027,-0.16386537,-0.033368494,-0.16773187,0.043296166,-0.15981437,0.044128165,-0.16998802
7,481,-0.03698237,-0.16473785,-0.035909124,-0.16869383,0.041691992,-0.16211006,0.04241549,-0.17251916
7,482,-0.039395116,-0.16554317,-0.038485866,-0.16958228,0.04006552,-0.16422905,0.04067846,-0.17485687
7,483,-0.04183822,-0.16628125,-0.04109585,-0.17039709,0.038418584,-0.16617112,0.038919028,-0.17700084
7,484,-0.044309042,-0.16695209,-0.0437362,-0.17113818,0.03675296,-0.16793624,0.03713912,-0.17895083
7,485,-0.046804886,-0.16755567,-0.046404038,-0.17180558,0.03507047,-0.16952442,0.03534069,-0.18070689
7,486,-0.049323037,-0.1680922,-0.049096487,-0.17239933,0.033372942,-0.17093615,0.033525664,-0.18226919
7,487,-0.05186085,-0.16856182,-0.05181068,-0.17291962,0.031662162,-0.1721718,0.03169598,-0.18363819
7,488,-0.054415606,-0.16896471,-0.05454375,-0.17336664,0.029939959,-0.17323193,0.029853577,-0.18481441
7,489,-0.056984648,-0.16930121,-0.05729284,-0.17374067,0.028208125,-0.17411733,0.028000368,-0.18579857
7,490,-0.0595653,-0.16957171,-0.060055114,-0.1740421,0.026468467,-0.17482908,0.026138274,-0.18659171
7,491,-0.06215491,-0.16977657,-0.06282774,-0.17427135,0.024722766,-0.17536812,0.024269199,-0.1871949
7,492,-0.06475085,-0.16991633,-0.06560792,-0.1744289,0.022972802,-0.17573585,0.022395037,-0.18760945
7,493,-0.06735046,-0.16999146,-0.06839285,-0.1745153,0.02122036,-0.17593354,0.02051767,-0.18783683
7,494,-0.06995115,-0.17000258,-0.071179785,-0.17453119,0.019467195,-0.17596279,0.01863895,-0.18787862
7,495,-0.07255035,-0.16995037,-0.07396597,-0.17447723,0.017715031,-0.1758254,0.016760739,-0.18773665
7,496,-0.075145505,-0.16983548,-0.07674869,-0.1743542,0.015965592,-0.1755231,0.014884858,-0.1874129
7,497,-0.077734075,-0.16965868,-0.079525284,-0.17416286,0.014220595,-0.1750579,0.013013111,-0.18690947
7,498,-0.080313556,-0.16942073,-0.082293086,-0.17390412,0.012481725,-0.17443182,0.011147291,-0.18622865
7,499,-0.08288148,-0.16912256,-0.085049495,-0.17357886,0.010750645,-0.17364725,0.00928915,-0.18537281
7,500,-0.08481285,0.42204928,-0.06931294,0.7719847,0.009448676,1.3818629,0.019897424,2.302624
7,501,-0.05700983,0.65749735,-0.035345465,0.76211303,0.02819115,2.0013814,0.042795457,2.2766495
7,502,-0.021764524,0.76189435,-0.0017779169,0.7514959,0.051950593,2.276074,0.0654239,2.2487133
7,503,0.015195604,0.7962865,0.031360976,0.74015206,0.07686602,2.3665679,0.08776336,2.218865
7,504,0.052019347,0.7931945,0.06404323,0.7281012,0.10168952,2.3584318,0.10979501,2.1871564
7,505,0.08802459,0.77124506,0.096241646,0.71536386,0.12596124,2.300678,0.1315005,2.1536415
7,506,0.12291023,0.7413562,0.12792984,0.70196134,0.14947823,2.2220333,0.15286203,2.1183765
7,507,0.15656804,0.7097429,0.15908228,0.68791556,0.1721675,2.1388514,0.1738624,2.0814188
7,508,0.1889975,0.67959195,0.18967429,0.6732491,0.19402875,2.0595174,0.19448498,2.0428278
7,509,0.22024919,0.6521884,0.2196821,0.6579851,0.21509601,1.9874123,0.21471374,2.0026646
7,510,0.2503927,0.627723,0.24908283,0.6421472,0.23541626,1.923038,0.23453327,1.9609915
7,511,0.27950296,0.6058404,0.27785456,0.62575936,0.25503996,1.8654599,0.25392875,1.9178714
7,512,0.30765393,0.58597744,0.30597633,0.608846,0.274017,1.8131958,0.2728861,1.8733684
7,513,0.3349151,0.5675495,0.33342806,0.59143174,0.29239422,1.7647078,0.29139176,1.8275474
7,514,0.36134788,0.550039,0.36019066,0.5735414,0.31021297,1.7186335,0.30943286,1.7804737
7,515,0.38700286,0.5330261,0.38624611,0.5552,0.3275074,1.6738687,0.32699728,1.7322133
7,516,0.41191778,0.5161895,0.41157725,0.53643256,0.34430298,1.6295676,0.3440734,1.6828318
7,517,0.43611708,0.49929428,0.43616793,0.51726425,0.36061612,1.5851123,0.3606504,1.6323955
7,518,0.4596127,0.482175,0.46000302,0.4977201,0.37645492,1.5400676,0.376718,1.5809703
7,519,0.48240504,0.46471977,0.48306832,0.47782508,0.3918196,1.4941388,0.39226672,1.5286218
7,520,0.50448585,0.4468565,0.50535065,0.457604,0.4067046,1.4471364,0.4072876,1.4754156
7,521,0.525839,0.42854288,0.5268377,0.4370816,0.42109913,1.398949,0.4217724,1.4214163
7,522,0.5464439,0.4097582,0.54751825,0.41628233,0.4349892,1.3495222,0.43571347,1.3666886
7,523,0.5662766,0.39049783,0.567382,0.39523038,0.4483588,1.2988437,0.44910395,1.3112961
7,524,0.5853117,0.37076953,0.5864194,0.37394974,0.46119067,1.2469339,0.46193737,1.2553018
7,525,0.6035236,0.35059062,0.6046221,0.35246393,0.47346762,1.1938386,0.47420815,1.1987677
7,526,0.6208877,0.32998586,0.62198263,0.3307963,0.48517302,1.1396227,0.48591113,1.1417551
7,527,0.63738155,0.3089865,0.6384942,0.30896974,0.49629182,1.0843686,0.49704185,1.0843244
7,528,0.65298516,0.28762853,0.6541511,0.2870068,0.5068104,1.0281707,0.50759643,1.0265348
7,529,0.667682,0.2659521,0.6689484,0.26492956,0.51671785,0.971135,0.51757157,0.96844447
7,530,0.68145895,0.24400023,0.68288213,0.24275981,0.5260051,0.91337454,0.5269645,0.91011065
7,531,0.69430685,0.22181785,0.6959491,0.22051881,0.53466606,0.8550076,0.53577316,0.85158944
7,532,0.7062205,0.19945088,0.7081468,0.19822747,0.54269725,0.7961549,0.54399586,0.7929358
7,533,0.7171986,0.17694545,0.7194739,0.17590621,0.5500978,0.7369379,0.5516316,0.7342034
7,534,0.7272433,0.15434672,0.7299294,0.1535751,0.5568691,0.67747533,0.5586798,0.6754451
7,535,0.73636067,0.13169828,0.7395134,0.13125369,0.5630153,0.6178821,0.56514055,0.6167123
7,536,0.74455965,0.10904138,0.7482267,0.10896118,0.5685423,0.5582665,0.57101434,0.5580555
7,537,0.7518519,0.086414516,0.7560707,0.0867163,0.57345814,0.49873,0.5763021,0.49952406
7,538,0.75825155,0.06385285,0.76304764,0.064537376,0.57777226,0.43936503,0.5810054,0.4411662
7,539,0.7637744,0.041387986,0.7691605,0.042442333,0.5814953,0.3802548,0.58512616,0.383029
7,540,0.7684377,0.019048076,0.7744129,0.02044868,0.5846389,0.3214733,0.58866686,0.3251586
7,541,0.77225935,-0.0031424873,0.778809,-0.0014264577,0.5872151,0.26308477,0.5916304,0.26760006
7,542,0.77525795,-0.025162738,0.7823539,-0.023166334,0.58923656,0.20514439,0.59402,0.21039739
7,543,0.77745205,-0.046994787,0.78505313,-0.044754565,0.59071565,0.14769922,0.5958397,0.15359376
7,544,0.77885985,-0.06862372,0.786913,-0.06617515,0.5916647,0.09078848,0.5970934,0.09723125
7,545,0.77949893,-0.090037435,0.78794026,-0.087412424,0.5920955,0.034444034,0.5977859,0.04135105
7,546,0.7793861,-0.111225635,0.7881424,-0.10845107,0.59201944,-0.021307029,0.59792215,-0.014006499
7,547,0.7785372,-0.13218002,0.78752744,-0.12927608,0.5914472,-0.07644287,0.5975076,-0.06880193
7,548,0.7769668,-0.15289369,0.78610414,-0.14987278,0.59038854,-0.13094534,0.59654814,-0.12299662
7,549,0.77468836,-0.17336059,0.7838815,-0.17022678,0.5888526,-0.18479848,0.5950498,-0.17655271
7,550,0.7717141,-0.19357538,0.7808694,-0.19032404,0.5868476,-0.2379883,0.59301937,-0.22943325
7,551,0.76805484,-0.21353301,0.7770781,-0.21015075,0.5843808,-0.29050145,0.5904635,-0.28160194
7,552,0.7637205,-0.23322842,0.7725184,-0.22969338,0.581459,-0.3423246,0.58738977,-0.33302313
7,553,0.7587197,-0.25265607,0.76720166,-0.24893874,0.57808787,-0.3934433,0.5838057,-0.38366213
7,554,0.7530602,-0.27181002,0.76113975,-0.26787385,0.5742727,-0.4438418,0.57971925,-0.4334848
7,555,0.7467489,-0.29068348,0.75434506,-0.286486,0.5700182,-0.4935022,0.5751388,-0.48245767
7,556,0.73979187,-0.30926862,0.74683034,-0.30476278,0.5653283,-0.54240406,0.57007307,-0.5305481
7,557,0.73219466,-0.3275566,0.738609,-0.322692,0.5602069,-0.59052396,0.5645309,-0.57772404
7,558,0.72396255,-0.34553725,0.7296948,-0.34026176,0.55465746,-0.6378352,0.5585217,-0.6239542
7,559,0.7151005,-0.3631991,0.720102,-0.3574604,0.54868346,-0.68430763,0.552055,-0.6692078
7,560,0.70561373,-0.3805294,0.7098454,-0.37427655,0.54228824,-0.72990763,0.5451409,-0.71345496
7,561,0.69550717,-0.39751393,0.69894004,-0.39069906,0.53547525,-0.7745979,0.5377894,-0.75666636
7,562,0.68478644,-0.41413733,0.68740153,-0.4067171,0.5282482,-0.8183379,0.5300111,-0.7988135
7,563,0.6734576,-0.4303829,0.6752458,-0.42232004,0.5206113,-0.8610838,0.52181673,-0.8398685
7,564,0.6615273,-0.4462328,0.6624894,-0.43749765,0.51256883,-0.9027885,0.51321745,-0.8798043
7,565,0.6490029,-0.46166816,0.64914906,-0.45223993,0.50412595,-0.9434025,0.5042245,-0.91859466
7,566,0.635893,-0.4766696,0.63524187,-0.46653715,0.49528834,-0.9828748,0.4948494,-0.95621395
7,567,0.6222069,-0.49121696,0.62078553,-0.48037994,0.48606235,-1.0211523,0.48510414,-0.9926376
7,568,0.60795534,-0.50528955,0.6057979,-0.49375924,0.47645512,-1.0581806,0.47500074,-1.0278416
7,569,0.59314996,-0.518867,0.59029716,-0.50666636,0.46647456,-1.0939059,0.46455145,-1.0618032
7,570,0.5778036,-0.53192896,0.574302,-0.51909286,0.45612934,-1.1282749,0.45376885,-1.0945002
7,571,0.5619305,-0.54445547,0.55783135,-0.53103083,0.445429,-1.1612351,0.4426657,-1.1259118
7,572,0.5455459,-0.55642736,0.5409044,-0.5424726,0.43438387,-1.1927359,0.43125498,-1.1560178
7,573,0.52866614,-0.5678267,0.5235407,-0.55341095,0.42300496,-1.2227303,0.4195498,-1.1847991
7,574,0.5113089,-0.5786366,0.5057599,-0.5638391,0.41130415,-1.2511736,0.40756348,-1.212238
7,575,0.49349222,-0.58884174,0.48758212,-0.5737506,0.39929366,-1.2780257,0.39530957,-1.2383175
7,576,0.4752356,-0.5984288,0.46902767,-0.5831396,0.38698658,-1.3032514,0.3828017,-1.2630221
7,577,0.45655885,-0.60738605,0.45011705,-0.59200054,0.37439626,-1.3268201,0.3700537,-1.2863373
7,578,0.43748257,-0.615704,0.43087095,-0.60032845,0.36153662,-1.3487065,0.3570796,-1.3082498
7,579,0.41802773,-0.6233752,0.41131026,-0.60811883,0.3484218,-1.3688911,0.3438934,-1.3287482
7,580,0.39821568,-0.6303944,0.39145607,-0.61536765,0.33506617,-1.3873603,0.3305094,-1.3478215
7,581,0.37806797,-0.6367585,0.37132955,-0.62207144,0.32148427,-1.4041058,0.3169418,-1.3654608
7,582,0.35760644,-0.6424666,0.35095206,-0.62822723,0.3076908,-1.4191252,0.30320498,-1.3816581
7,583,0.33685285,-0.6475198,0.33034503,-0.63383263,0.2937005,-1.4324213,0.28931344,-1.3964071
7,584,0.31582925,-0.65192133,0.30952996,-0.63888586,0.2795281,-1.4440027,0.27528167,-1.4097034
7,585,0.29455748,-0.65567595,0.28852847,-0.6433855,0.2651885,-1.453882,0.26112422,-1.421543
7,586,0.27305967,-0.65879023,0.26736218,-0.647331,0.25069645,-1.4620764,0.24685566,-1.4319245
7,587,0.25135776,-0.66127235,0.24605267,-0.65072215,0.23606683,-1.4686074,0.23249057,-1.4408474
7,588,0.22947417,-0.66313165,0.22462162,-0.65355945,0.22131473,-1.4734997,0.21804355,-1.448313
7,589,0.20743124,-0.6643789,0.20309062,-0.65584403,0.20645523,-1.4767814,0.20352915,-1.4543242
7,590,0.18525174,-0.6650254,0.18148121,-0.6575776,0.19150367,-1.4784826,0.1889619,-1.4588856
7,591,0.16295883,-0.6650839,0.15981485,-0.65876234,0.17647564,-1.4786365,0.17435624,-1.462003
7,592,0.1405762,-0.66456735,0.1381129,-0.6594012,0.16138715,-1.4772773,0.1597266,-1.463684
7,593,0.11812793,-0.6634895,0.11639663,-0.6594977,0.1462544,-1.4744413,0.1450873,-1.4639379
7,594,0.09563886,-0.6618647,0.094687104,-0.6590559,0.13109414,-1.470166,0.13045256,-1.4627753
7,595,0.07313447,-0.65970725,0.07300525,-0.6580805,0.11592357,-1.4644892,0.11583646,-1.460209
7,596,0.050640818,-0.6570321,0.051371798,-0.6565768,0.10076023,-1.4574503,0.101252995,-1.4562523
7,597,0.028184768,-0.6538541,0.029807253,-0.65455073,0.085622236,-1.4490882,0.08671598,-1.4509213
7,598,0.0057936534,-0.6501883,0.008331886,-0.6520086,0.070528015,-1.4394428,0.07223908,-1.4442323
7,599,-0.016504508,-0.64605016,-0.013034298,-0.6489574,0.055496454,-1.4285543,0.057835784,-1.4362038
7,600,-0.038681414,-0.6414545,-0.034271576,-0.64540476,0.040546637,-1.4164621,0.043519385,-1.4268562
7,601,-0.06070843,-0.63641685,-0.05536053,-0.6413587,0.025697863,-1.4032068,0.029302971,-1.4162099
7,602,-0.082556844,-0.6309521,-0.07628206,-0.63682777,0.010969488,-1.3888279,0.015199422,-1.404288
7,603,-0.10419805,-0.6250754,-0.09701743,-0.6318211,-0.003619208,-1.3733648,0.0012213687,-1.3911144
7,604,-0.12560384,-0.6188016,-0.11754824,-0.6263482,-0.018049201,-1.3568571,-0.01261879,-1.3767139
7,605,-0.1467465,-0.61214536,-0.1378565,-0.6204192,-0.032301817,-1.339343,-0.02630892,-1.3611133
7,606,-0.16759916,-0.6051211,-0.1579246,-0.6140444,-0.046358936,-1.3208604,-0.039837163,-1.3443398
7,607,-0.18813582,-0.59774315,-0.17773536,-0.60723484,-0.060203034,-1.3014474,-0.053191915,-1.3264222
7,608,-0.20833187,-0.59002537,-0.19727203,-0.6000017,-0.07381753,-1.2811401,-0.06636191,-1.3073901
7,609,-0.228164,-0.58198124,-0.21651828,-0.59235656,-0.087186694,-1.2599741,-0.07933612,-1.287274
7,610,-0.24761058,-0.5736241,-0.23545828,-0.58431154,-0.10029595,-1.2379845,-0.09210389,-1.2661057
7,611,-0.2666515,-0.56496644,-0.2540767,-0.575879,-0.11313176,-1.2152042,-0.10465486,-1.2439177
7,612,-0.28526857,-0.5560207,-0.27235857,-0.5670713,-0.12568183,-1.1916659,-0.11697898,-1.2207427
7,613,-0.30344543,-0.54679847,-0.29028955,-0.5579017,-0.13793515,-1.1674001,-0.12906656,-1.1966152
7,614,-0.3211675,-0.5373113,-0.30785578,-0.548383,-0.14988188,-1.1424372,-0.14090824,-1.1715693
7,615,-0.33842212,-0.52756983,-0.3250439,-0.5385288,-0.1615135,-1.1168051,-0.15249503,-1.1456407
7,616,-0.35519847,-0.5175844,-0.341841,-0.5283526,-0.17282273,-1.0905311,-0.16381824,-1.1188648
7,617,-0.37148744,-0.50736475,-0.35823488,-0.5178682,-0.18380338,-1.0636408,-0.17486961,-1.091278
7,618,-0.38728157,-0.4969204,-0.37421373,-0.50708956,-0.19445047,-1.0361594,-0.18564121,-1.0629168
7,619,-0.4025749,-0.48626012,-0.38976634,-0.4960306,-0.20475996,-1.0081097,-0.19612549,-1.0338181
7,620,-0.41736302,-0.47539252,-0.40488204,-0.48470557,-0.21472886,-0.9795145,-0.20631523,-1.0040193
7,621,-0.43164256,-0.4643258,-0.41955075,-0.47312868,-0.22435494,-0.95039535,-0.21620364,-0.97355783
7,622,-0.44541147,-0.45306778,-0.4337629,-0.46131426,-0.2336368,-0.9207729,-0.2257843,-0.9424713
7,623,-0.45866853,-0.44162616,-0.4475095,-0.44927666,-0.24257359,-0.8906674,-0.23505111,-0.9107976
7,624,-0.4714134,-0.43000835,-0.46078214,-0.43703026,-0.25116512,-0.86009824,-0.24399841,-0.8785745
7,625,-0.48364636,-0.41822177,-0.4735729,-0.42458948,-0.25941157,-0.829085,-0.25262088,-0.8458399
7,626,-0.49536827,-0.40627363,-0.48587456,-0.41196868,-0.2673135,-0.7976467,-0.26091364,-0.81263167
7,627,-0.5065805,-0.3941713,-0.49768028,-0.3991822,-0.27487183,-0.7658026,-0.26887205,-0.77898747
7,628,-0.5172843,-0.38192207,-0.5089839,-0.3862444,-0.28208745,-0.73357207,-0.27649203,-0.7449451
7,629,-0.5274815,-0.3695333,-0.51977986,-0.37316945,-0.28896156,-0.70097435,-0.28376976,-0.7105419
7,630,-0.5371738,-0.3570128,-0.53006303,-0.35997158,-0.2954953,-0.66803,-0.2907018,-0.6758153
7,631,-0.54636294,-0.3443684,-0.53982884,-0.34666488,-0.30168983,-0.63475966,-0.29728508,-0.64080226
7,632,-0.5550505,-0.3316081,-0.5490734,-0.33326328,-0.30754626,-0.6011843,-0.303517,-0.6055395
7,633,-0.563238,-0.31874037,-0.5577932,-0.31978068,-0.31306562,-0.56732637,-0.30939516,-0.57006365
7,634,-0.5709268,-0.30577385,-0.56598544,-0.30623078,-0.31824875,-0.5332085,-0.31491768,-0.5344108
7,635,-0.5781178,-0.2927177,-0.5736477,-0.29262725,-0.3230963,-0.4988547,-0.32008293,-0.4986167
7,636,-0.58481175,-0.27958143,-0.5807781,-0.2789835,-0.32760882,-0.46429014,-0.3248897,-0.46271685
7,637,-0.59100926,-0.26637477,-0.5873754,-0.26531282,-0.33178666,-0.42954037,-0.32933703,-0.42674613
7,638,-0.59671044,-0.25310796,-0.5934388,-0.2516284,-0.3356299,-0.3946323,-0.33342445,-0.39073923
7,639,-0.6019155,-0.23979163,-0.598968,-0.23794316,-0.33913875,-0.35959396,-0.33715183,-0.3547302
7,640,-0.6066239,-0.22643673,-0.60396326,-0.22426991,-0.34231275,-0.32445413,-0.3405192,-0.3187527
7,641,-0.6108352,-0.21305464,-0.60842526,-0.21062127,-0.34515166,-0.28924274,-0.34352708,-0.28283998
7,642,-0.61454886,-0.1996571,-0.6123552,-0.19700964,-0.34765512,-0.2539907,-0.34617633,-0.24702463
7,643,-0.617764,-0.18625602,-0.6157547,-0.18344724,-0.3498225,-0.21872936,-0.348468,-0.21133882
7,644,-0.62047994,-0.17286374,-0.61862606,-0.16994612,-0.35165337,-0.18349116,-0.3504036,-0.17581423
7,645,-0.6226955,-0.15949285,-0.62097186,-0.15651807,-0.3531469,-0.14830926,-0.35198495,-0.14048192
7,646,-0.62441015,-0.14615601,-0.62279505,-0.14317472,-0.35430276,-0.113216944,-0.353214,-0.10537248
7,647,-0.6256231,-0.13286623,-0.6240993,-0.12992746,-0.35512045,-0.078248456,-0.35409322,-0.070515856
7,648,-0.62633383,-0.119636625,-0.6248886,-0.11678747,-0.35559955,-0.04343829,-0.3546253,-0.035941508
7,649,-0.626542,-0.10648027,-0.6251672,-0.10376573,-0.35573986,-0.008820875,-0.3548131,-0.0016782979
7,650,-0.62624764,-0.0934104,-0.62494004,-0.09087296,-0.35554147,0.025568977,-0.35465997,0.03224558
7,651,-0.62545145,-0.08044028,-0.6242123,-0.078119695,-0.35500473,0.05969637,-0.35416943,0.06580237
7,652,-0.6241542,-0.06758307,-0.6229897,-0.06551622,-0.35413024,0.09352668,-0.35334525,0.09896504
7,653,-0.62235737,-0.05485191,-0.6212783,-0.053072594,-0.35291895,0.12702532,-0.35219154,0.1317071
7,654,-0.6200632,-0.04225981,-0.61908436,-0.040798645,-0.35137242,0.16015805,-0.35071257,0.1640027
7,655,-0.6172743,-0.029819656,-0.6164149,-0.028703958,-0.34949237,0.19289096,-0.34891304,0.19582663
7,656,-0.61399424,-0.017544203,-0.61327696,-0.016797878,-0.34728125,0.22519054,-0.3467977,0.22715428
7,657,-0.6102272,-0.005445987,-0.60967815,-0.0050895144,-0.34474182,0.25702375,-0.34437168,0.25796172
7,658,-0.60597825,0.006462645,-0.6056263,0.006412276,-0.34187752,0.2883581,-0.34164026,0.2882256
7,659,-0.6012534,0.018169638,-0.6011297,0.017698882,-0.33869243,0.31916192,-0.33860904,0.31792328
7,660,-0.5960592,0.029663082,-0.5961969,0.028761948,-0.33519092,0.34940386,-0.33528373,0.34703276
7,661,-0.5904033,0.040931415,-0.59083676,0.03959337,-0.3313782,0.37905344,-0.33167037,0.37553272
7,662,-0.5842942,0.05196332,-0.58505857,0.050185304,-0.32725993,0.40808094,-0.3277752,0.40340257
7,663,-0.57774127,0.06274778,-0.57887167,0.06053017,-0.32284248,0.43645734,-0.32360452,0.4306223
7,664,-0.5707547,0.07327413,-0.57228595,0.070620656,-0.31813273,0.4641546,-0.31916496,0.45717272
7,665,-0.56334543,0.0835319,-0.56531143,0.080449715,-0.313138,0.4911452,-0.31446332,0.48303524
7,666,-0.5555253,0.09351115,-0.5579585,0.090010576,-0.30786633,0.5174029,-0.3095066,0.50819206
7,667,-0.54730684,0.103202105,-0.5502377,0.09929675,-0.30232614,0.54290205,-0.3043019,0.53262615
7,668,-0.5387032,0.11259554,-0.54216,0.10830203,-0.29652628,0.56761837,-0.29885656,0.55632114
7,669,-0.52972835,0.121682554,-0.5337362,0.11702047,-0.2904762,0.5915284,-0.29317796,0.57926136
7,670,-0.52039677,0.13045463,-0.5249779,0.12544647,-0.28418562,0.6146098,-0.28727385,0.60143214
7,671,-0.51072323,0.13890381,-0.51589656,0.13357466,-0.27766454,0.63684154,-0.28115195,0.6228193
7,672,-0.50072324,0.1470225,-0.50650376,0.14140002,-0.27092338,0.65820366,-0.27482012,0.6434096
7,673,-0.4904126,0.1548037,-0.49681157,0.1489178,-0.2639728,0.6786778,-0.26828644,0.6631906
7,674,-0.4798072,0.1622408,-0.486832,0.15612356,-0.2568235,0.69824654,-0.26155904,0.68215066
7,675,-0.46892342,0.16932791,-0.47657734,0.1630132,-0.24948658,0.7168944,-0.2546462,0.7002789
7,676,-0.45777768,0.17605962,-0.46605998,0.16958289,-0.24197306,0.73460704,-0.2475563,0.71756524
7,677,-0.4463865,0.18243106,-0.4552925,0.17582916,-0.23429407,0.75137174,-0.24029775,0.7340006
7,678,-0.43476644,0.18843804,-0.44428757,0.1817488,-0.2264608,0.7671775,-0.23287915,0.7495766
7,679,-0.42293403,0.19407697,-0.433058,0.18733902,-0.21848437,0.78201485,-0.2253091,0.76428574
7,680,-0.41090572,0.1993449,-0.4216167,0.19259727,-0.21037589,0.795876,-0.21759635,0.7781215
7,681,-0.39869782,0.20423941,-0.40997666,0.19752136,-0.20214635,0.80875456,-0.20974961,0.79107785
7,682,-0.3863265,0.20875882,-0.398151,0.20210946,-0.19380663,0.82064617,-0.20177774,0.80315024
7,683,-0.3738077,0.21290198,-0.38615283,0.20636001,-0.18536751,0.83154786,-0.19368957,0.8143344
7,684,-0.36115718,0.21666843,-0.37399536,0.21027185,-0.17683959,0.84145826,-0.18549402,0.82462734
7,685,-0.34839037,0.22005826,-0.3616918,0.21384412,-0.16823328,0.8503777,-0.17719999,0.8340268
7,686,-0.33552247,0.22307211,-0.34925547,0.21707633,-0.1595588,0.85830784,-0.16881645,0.84253156
7,687,-0.32256842,0.22571126,-0.3366996,0.21996827,-0.15082626,0.865252,-0.16035233,0.85014087
7,688,-0.30954275,0.22797742,-0.32403752,0.22252014,-0.14204545,0.87121487,-0.1518166,0.85685545
7,689,-0.2964598,0.22987293,-0.31128246,0.22473244,-0.133226,0.8762023,-0.14321822,0.8626765
7,690,-0.2833336,0.23140052,-0.29844764,0.226606,-0.12437743,0.8802218,-0.13456605,0.8676063
7,691,-0.27017778,0.23256338,-0.28554627,0.228142,-0.11550888,0.8832815,-0.12586904,0.87164783
7,692,-0.2570058,0.23336515,-0.27259153,0.22934192,-0.10662943,0.8853912,-0.117136024,0.87480515
7,693,-0.24383073,0.23380986,-0.2595965,0.23020765,-0.09774789,0.88656133,-0.108375855,0.87708306
7,694,-0.2306654,0.23390193,-0.24657415,0.23074132,-0.08887293,0.88680357,-0.099597275,0.8784873
7,695,-0.21752234,0.23364615,-0.23353742,0.23094544,-0.08001297,0.8861306,-0.090809,0.8790244
7,696,-0.20441382,0.23304754,-0.2204991,0.23082279,-0.071176305,0.8845555,-0.08201966,0.8787016
7,697,-0.19135186,0.2321115,-0.20747189,0.23037653,-0.062371023,0.88209254,-0.0732378,0.8775274
7,698,-0.1783482,0.23084366,-0.19446838,0.22961006,-0.05360504,0.8787566,-0.06447192,0.8755107
7,699,-0.16541436,0.22924995,-0.18150096,0.22852713,-0.044886127,0.87456316,-0.055730365,0.87266123
7,700,-0.15061413,0.7058223,-0.15379871,0.9832701,-0.034909047,2.1285355,-0.03705583,2.8585649
7,701,-0.10805375,0.8871478,-0.11158543,0.97330534,-0.006218398,2.605645,-0.008599161,2.8323452
7,702,-0.06042226,0.9599014,-0.06977973,0.9623892,0.025890775,2.7970765,0.01958275,2.8036222
7,703,-0.0124394,0.9759789,-0.028418353,0.95054185,0.058236815,2.83938,0.047465138,2.7724493
7,704,0.034345884,0.96342283,0.012462781,0.93778527,0.08977554,2.8063421,0.075023785,2.7388837
7,705,0.079480916,0.93774205,0.052828625,0.9241426,0.12020181,2.73877,0.102235064,2.7029867
7,706,0.12288548,0.90747297,0.092645064,0.9096383,0.14946155,2.6591249,0.12907599,2.6648223
7,707,0.1646243,0.8770624,0.13187897,0.8942981,0.17759837,2.5791078,0.15552421,2.624459
7,708,0.20481668,0.848541,0.17049824,0.87814873,0.2046927,2.5040615,0.18155807,2.5819662
7,709,0.24359451,0.82257134,0.2084718,0.86121815,0.23083349,2.4357293,0.2071567,2.537418
7,710,0.28108415,0.79910296,0.24576977,0.84353495,0.25610587,2.3739786,0.23229986,2.4908893
7,711,0.3173994,0.77776366,0.2823633,0.82512856,0.2805866,2.3178298,0.25696817,2.442458
7,712,0.35263875,0.75807613,0.31822476,0.806029,0.304342,2.2660275,0.28114298,2.3922026
7,713,0.3868843,0.73956794,0.35332766,0.78626704,0.3274275,2.217328,0.3048064,2.3402042
7,714,0.4202009,0.7218202,0.38764682,0.7658737,0.34988678,2.1706295,0.32794154,2.2865446
7,715,0.4526361,0.70448214,0.42115816,0.7448802,0.37175187,2.1250093,0.35053208,2.2313058
7,716,0.48422024,0.68727076,0.45383886,0.7233183,0.39304325,2.0797222,0.37256268,2.1745715
7,717,0.514968,0.66996175,0.48566738,0.7012196,0.4137708,2.034178,0.3940188,2.1164248
7,718,0.54487973,0.6523801,0.5166234,0.67861587,0.4339348,1.9879167,0.41488674,2.0569491
7,719,0.5739442,0.6343899,0.5466878,0.6555388,0.45352766,1.9405802,0.43515363,1.9962279
7,720,0.6021406,0.61588645,0.5758427,0.6320198,0.4725353,1.8918934,0.45480743,1.934344
7,721,0.62944096,0.59679013,0.60407144,0.6080903,0.49093893,1.8416466,0.4738369,1.8713799
7,722,0.655813,0.5770417,0.6313587,0.58378106,0.50871676,1.7896838,0.4922317,1.8074167
7,723,0.681221,0.5565987,0.65769017,0.5591229,0.5258447,1.7358936,0.50998217,1.7425354
7,724,0.7056289,0.53543395,0.68305284,0.5341459,0.54229844,1.6802043,0.5270796,1.676815
7,725,0.7290009,0.51353395,0.7074349,0.5088798,0.5580539,1.6225803,0.5435159,1.610334
7,726,0.75130326,0.49089807,0.7308256,0.48335382,0.5730883,1.56302,0.559284,1.5431693
7,727,0.7725045,0.46753827,0.7532154,0.45759654,0.5873804,1.5015548,0.5743773,1.4753959
7,728,0.792577,0.4434785,0.7745957,0.43163604,0.6009116,1.438248,0.5887901,1.4070878
7,729,0.81149715,0.41875446,0.7949592,0.40549973,0.613666,1.3731934,0.6025175,1.338317
7,730,0.82924587,0.39341268,0.8142996,0.37921444,0.6256307,1.3065133,0.61555517,1.2691544
7,731,0.84580886,0.3675098,0.8326115,0.35280627,0.6367961,1.238357,0.6278995,1.1996684
7,732,0.86117727,0.34111136,0.84989065,0.32630068,0.6471562,1.1688964,0.6395477,1.1299261
7,733,0.8753476,0.3142897,0.86613375,0.2997225,0.65670866,1.0983224,0.65049744,1.0599928
7,734,0.8883217,0.28712282,0.88133836,0.27309585,0.6654547,1.0268401,0.6607471,0.9899319
7,735,0.9001069,0.25969148,0.89550316,0.24644415,0.67339927,0.95466185,0.67029583,0.91980505
7,736,0.9107161,0.2320774,0.90862757,0.21979024,0.6805511,0.88200283,0.6791432,0.84967244
7,737,0.920167,0.20436102,0.9207119,0.19315626,0.68692213,0.80907464,0.6872895,0.7795922
7,738,0.92848206,0.17661957,0.9317574,0.16656373,0.6925275,0.7360804,0.6947354,0.70962113
7,739,0.9356875,0.14892492,0.9417661,0.14003356,0.6973848,0.6632094,0.7014824,0.63981414
7,740,0.94181323,0.12134276,0.95074075,0.11358603,0.70151424,0.59063435,0.7075324,0.5702245
7,741,0.94689155,0.09393115,0.9586851,0.0872409,0.70493764,0.518508,0.7128878,0.5009044
7,742,0.9509567,0.066740096,0.9656034,0.061017316,0.707678,0.44696206,0.7175516,0.4319041
7,743,0.95404375,0.039811466,0.9715009,0.03493394,0.70975906,0.3761066,0.72152716,0.3632727
7,744,0.95618784,0.013178956,0.9763832,0.009008908,0.7112044,0.30603027,0.72481847,0.29505792
7,745,0.95742357,-0.013131101,0.98025703,-0.016740113,0.71203744,0.23680241,0.72742987,0.22730628
7,746,0.9577838,-0.03909942,0.98312956,-0.042295914,0.7122803,0.16847375,0.72936624,0.16006304
7,747,0.9573003,-0.06471269,0.9850086,-0.067641705,0.71195436,0.101079315,0.73063296,0.0933724
7,748,0.95600224,-0.089962795,0.9859027,-0.09276109,0.7110793,0.03464043,0.7312357,0.027277464
7,749,0.9539156,-0.11484587,0.98582107,-0.11763807,0.70967263,-0.030832712,0.7311806,-0.03817962
7,750,0.9510646,-0.13936126,0.98477334,-0.14225698,0.70775074,-0.09533838,0.73047435,-0.10295767
7,751,0.94746983,-0.16351092,0.98277,-0.16660246,0.70532745,-0.15888172,0.7291239,-0.1670163
7,752,0.9431493,-0.18729827,0.979822,-0.1906595,0.70241493,-0.22147176,0.72713655,-0.23031592
7,753,0.9381181,-0.21072775,0.9759409,-0.21441332,0.6990233,-0.28312016,0.7245202,-0.29281774
7,754,0.93238866,-0.23380402,0.9711387,-0.23784944,0.695161,-0.34383917,0.721283,-0.3544836
7,755,0.9259708,-0.2565312,0.9654282,-0.2609536,0.6908346,-0.40363967,0.71743345,-0.41527602
7,756,0.918872,-0.27891305,0.9588226,-0.28371182,0.68604916,-0.46253148,0.71298057,-0.47515815
7,757,0.9110981,-0.30095148,0.95133567,-0.3061102,0.6808087,-0.5205197,0.7079335,-0.5340935
7,758,0.90265274,-0.322647,0.9429818,-0.32813522,0.6751155,-0.57760566,0.702302,-0.59204644
7,759,0.8935385,-0.34399822,0.93377566,-0.3497734,0.6689714,-0.63378567,0.696096,-0.6489815
7,760,0.88375676,-0.36500138,0.9237327,-0.37101153,0.6623774,-0.68904984,0.6893258,-0.7048639
7,761,0.87330794,-0.38565046,0.9128688,-0.39183652,0.6553337,-0.74338233,0.6820023,-0.7596593
7,762,0.8621923,-0.40593672,0.90120035,-0.41223553,0.64784044,-0.7967602,0.6741364,-0.8133338
7,763,0.8504097,-0.42584884,0.8887442,-0.43219584,0.6398976,-0.8491536,0.6657395,-0.865854
7,764,0.8379605,-0.44537294,0.87551767,-0.45170492,0.63150537,-0.90052605,0.6568233,-0.9171869
7,765,0.8248455,-0.46449232,0.8615387,-0.47075042,0.62266433,-0.95083356,0.64739984,-0.96730006
7,766,0.81106627,-0.48318785,0.8468256,-0.48932016,0.61337554,-1.0000259,0.6374815,-1.0161613
7,767,0.7966256,-0.50143814,0.8313971,-0.50740224,0.60364085,-1.0480466,0.6270809,-1.0637395
7,768,0.7815279,-0.5192195,0.81527257,-0.52498484,0.59346324,-1.0948335,0.61621106,-1.1100034
7,769,0.76577854,-0.5365064,0.7984716,-0.54205644,0.58284634,-1.1403193,0.6048853,-1.1549227
7,770,0.7493857,-0.553272,0.78101456,-0.55860573,0.57179564,-1.1844335,0.5931172,-1.1984677
7,771,0.7323588,-0.5694881,0.76292187,-0.57462174,0.5603175,-1.2271018,0.5809206,-1.2406095
7,772,0.71470964,-0.5851263,0.7442146,-0.5900936,0.54841995,-1.2682495,0.5683097,-1.2813196
7,773,0.6964521,-0.60015756,0.72491425,-0.6050109,0.53611225,-1.3078003,0.55529904,-1.3205706
7,774,0.6776023,-0.61455363,0.7050426,-0.61936355,0.52340525,-1.3456796,0.54190326,-1.3583356
7,775,0.6581784,-0.6282872,0.684622,-0.63314164,0.5103113,-1.3818158,0.5281374,-1.394589
7,776,0.6382005,-0.6413321,0.6636749,-0.64633584,0.49684387,-1.41614,0.51401657,-1.429306
7,777,0.61769074,-0.6536645,0.6422244,-0.65893704,0.4830179,-1.4485894,0.49955642,-1.4624627
7,778,0.5966726,-0.66526276,0.6202937,-0.6709366,0.4688492,-1.4791071,0.4847726,-1.4940363
7,779,0.5751711,-0.676108,0.59790653,-0.68232644,0.45435473,-1.5076435,0.46968105,-1.5240057
7,780,0.5532124,-0.68618494,0.5750868,-0.6930988,0.439552,-1.5341582,0.45429787,-1.5523502
7,781,0.53082323,-0.6954809,0.5518588,-0.70324653,0.42445907,-1.558618,0.4386395,-1.5790513
7,782,0.50803095,-0.7039873,0.52824694,-0.712763,0.40909442,-1.5810003,0.42272237,-1.6040913
7,783,0.4848632,-0.71169925,0.5042761,-0.72164214,0.3934767,-1.6012923,0.40656322,-1.6274543
7,784,0.46134755,-0.7186149,0.47997123,-0.7298785,0.3776244,-1.619489,0.39017892,-1.649126
7,785,0.4375113,-0.72473615,0.4553575,-0.73746705,0.361556,-1.6355954,0.3735864,-1.6690934
7,786,0.41338113,-0.73006815,0.43046024,-0.7444037,0.34528944,-1.6496251,0.35680276,-1.6873453
7,787,0.38898328,-0.73461896,0.40530506,-0.75068486,0.32884246,-1.6615994,0.33984524,-1.7038724
7,788,0.3643432,-0.7383994,0.37991753,-0.7563076,0.31223217,-1.6715466,0.32273108,-1.7186671
7,789,0.33948585,-0.74142253,0.35432342,-0.7612698,0.29547542,-1.6795012,0.30547768,-1.7317239
7,790,0.3144354,-0.7437034,0.32854852,-0.76557,0.2785885,-1.6855026,0.2881024,-1.7430387
7,791,0.2892156,-0.74525917,0.30261874,-0.7692075,0.2615874,-1.6895962,0.2706227,-1.7526097
7,792,0.2638498,-0.7461075,0.2765599,-0.77218235,0.24448791,-1.6918284,0.253056,-1.7604374
7,793,0.23836125,-0.7462678,0.25039786,-0.77449536,0.22730565,-1.6922501,0.23541974,-1.7665234
7,794,0.21277319,-0.74575967,0.22415842,-0.7761482,0.21005632,-1.6909131,0.2177313,-1.7708724
7,795,0.18710929,-0.74460334,0.19786732,-0.77714324,0.19275588,-1.6878705,0.20000803,-1.7734905
7,796,0.16139363,-0.74281937,0.17155017,-0.77748364,0.17542051,-1.6831765,0.1822672,-1.7743863
7,797,0.1356511,-0.7404283,0.14523245,-0.77717334,0.15806706,-1.6768851,0.16452602,-1.7735698
7,798,0.10990755,-0.73745066,0.11893947,-0.7762172,0.14071292,-1.6690502,0.14680147,-1.771054
7,799,0.08418988,-0.7339064,0.09269631,-0.77462065,0.123376206,-1.6597244,0.12911053,-1.7668531
7,800,0.0585262,-0.7298158,0.06652787,-0.77239007,0.1060759,-1.6489611,0.111469954,-1.760984
7,801,0.032945756,-0.72519845,0.040458757,-0.76953256,0.08883169,-1.6368119,0.09389633,-1.7534652
7,802,0.007478986,-0.72007376,0.01451329,-0.7660559,0.071664125,-1.6233276,0.07640606,-1.7443172
7,803,-0.017842699,-0.7144608,-0.011284533,-0.76196873,0.05459436,-1.6085585,0.059015326,-1.733563
7,804,-0.042986926,-0.70837814,-0.03691106,-0.7572803,0.037644222,-1.5925536,0.041740064,-1.7212266
7,805,-0.067920715,-0.7018443,-0.062343013,-0.7520006,0.020835944,-1.5753616,0.024595965,-1.7073344
7,806,-0.09261078,-0.69487697,-0.08755752,-0.7461403,0.0041919663,-1.557029,0.0075984513,-1.6919147
7,807,-0.11702381,-0.687494,-0.11253214,-0.73971075,-0.012265263,-1.5376027,-0.009237353,-1.674997
7,808,-0.14112687,-0.6797123,-0.13724488,-0.73272395,-0.028513532,-1.5171272,-0.025896618,-1.6566131
7,809,-0.16488771,-0.6715488,-0.16167425,-0.7251923,-0.044531103,-1.4956471,-0.042364854,-1.6367956
7,810,-0.18827523,-0.66301966,-0.18579921,-0.71712905,-0.060297016,-1.473205,-0.058627892,-1.6155794
7,811,-0.21125968,-0.6541408,-0.20959929,-0.7085478,-0.07579121,-1.4498426,-0.07467192,-1.593
7,812,-0.23381324,-0.6449272,-0.23305453,-0.69946265,-0.09099494,-1.4255996,-0.09048348,-1.5690949
7,813,-0.25591007,-0.6353936,-0.2561456,-0.68988824,-0.10589077,-1.4005145,-0.106049545,-1.5439024
7,814,-0.27752644,-0.62555397,-0.27885363,-0.6798397,-0.12046272,-1.374624,-0.1213574,-1.5174624
7,815,-0.29864135,-0.6154215,-0.30116042,-0.6693323,-0.13469663,-1.3479631,-0.13639478,-1.4898151
7,816,-0.3192362,-0.6050087,-0.3230484,-0.658382,-0.14857996,-1.3205647,-0.15114984,-1.4610022
7,817,-0.33929503,-0.59432733,-0.34450057,-0.6470049,-0.16210195,-1.2924596,-0.16561109,-1.4310665
7,818,-0.35880446,-0.5833884,-0.36550063,-0.6352174,-0.17525358,-1.2636766,-0.17976758,-1.4000509
7,819,-0.37775367,-0.57220215,-0.38603285,-0.62303627,-0.18802756,-1.234243,-0.19360869,-1.3679994
7,820,-0.39613423,-0.56077826,-0.40608218,-0.61047834,-0.20041819,-1.2041842,-0.20712428,-1.3349566
7,821,-0.41393992,-0.5491254,-0.4256343,-0.59756076,-0.2124213,-1.1735227,-0.22030467,-1.3009675
7,822,-0.4311668,-0.5372519,-0.44467545,-0.5843008,-0.22403422,-1.1422808,-0.23314063,-1.2660775
7,823,-0.44781253,-0.52516514,-0.4631926,-0.57071584,-0.23525539,-1.1104778,-0.24562335,-1.2303323
7,824,-0.46387663,-0.5128724,-0.4811735,-0.5568234,-0.24608447,-1.0781327,-0.25774455,-1.1937779
7,825,-0.47935998,-0.5003803,-0.49860638,-0.542641,-0.25652206,-1.045263,-0.26949635,-1.1564608
7,826,-0.49426457,-0.48769528,-0.51548034,-0.52818614,-0.26656947,-1.0118859,-0.28087136,-1.1184268
7,827,-0.50859344,-0.47482306,-0.5317851,-0.51347655,-0.2762288,-0.97801614,-0.29186267,-1.0797224
7,828,-0.52235043,-0.46176985,-0.5475109,-0.49852973,-0.2855026,-0.9436701,-0.3024637,-1.0403938
7,829,-0.53553975,-0.4485413,-0.5626491,-0.48336324,-0.29439375,-0.90886277,-0.3126686,-1.0004873
7,830,-0.548166,-0.4351434,-0.57719123,-0.4679945,-0.3029053,-0.8736098,-0.3224717,-0.9600486
7,831,-0.56023395,-0.42158207,-0.59112984,-0.45244092,-0.31104052,-0.83792675,-0.33186793,-0.91912353
7,832,-0.5717484,-0.40786347,-0.60445803,-0.43671972,-0.3188026,-0.80182993,-0.3408527,-0.8777574
7,833,-0.58271396,-0.39399406,-0.61716956,-0.4208481,-0.32619467,-0.7653363,-0.34942177,-0.8359955
7,834,-0.5931349,-0.37998068,-0.629259,-0.40484303,-0.3332196,-0.7284638,-0.35757145,-0.7938824
7,835,-0.60301524,-0.36583054,-0.6407213,-0.38872135,-0.3398801,-0.69123155,-0.3652984,-0.7514626
7,836,-0.61235857,-0.3515514,-0.65155244,-0.3724997,-0.3461786,-0.6536598,-0.37259984,-0.70877963
7,837,-0.6211677,-0.33715153,-0.66174865,-0.3561946,-0.352117,-0.6157704,-0.37947327,-0.6658771
7,838,-0.62944514,-0.32263964,-0.6713071,-0.33982226,-0.35769695,-0.5775863,-0.38591677,-0.6227977
7,839,-0.63719267,-0.30802536,-0.68022543,-0.3233988,-0.3629197,-0.5391327,-0.39192876,-0.5795838
7,840,-0.64441144,-0.2933186,-0.688502,-0.30694008,-0.36778596,-0.5004358,-0.39750814,-0.5362771
7,841,-0.651102,-0.27853012,-0.6961357,-0.2904617,-0.37229618,-0.4615239,-0.40265414,-0.49291864
7,842,-0.65726423,-0.26367125,-0.7031261,-0.273979,-0.37645024,-0.42242676,-0.40736648,-0.44954887
7,843,-0.6628975,-0.2487539,-0.70947325,-0.25750723,-0.38024774,-0.3831758,-0.4116452,-0.40620783
7,844,-0.6680008,-0.2337907,-0.71517795,-0.24106127,-0.38368797,-0.34380412,-0.41549084,-0.36293468
7,845,-0.67257226,-0.21879464,-0.7202415,-0.22465575,-0.38676965,-0.30434602,-0.41890424,-0.31976795
7,846,-0.6766099,-0.2037795,-0.7246657,-0.2083051,-0.38949147,-0.2648377,-0.42188668,-0.27674562
7,847,-0.68011105,-0.18875936,-0.72845304,-0.1920235,-0.39185166,-0.22531621,-0.4244398,-0.23390494
7,848,-0.68307334,-0.17374876,-0.73160636,-0.17582482,-0.3938486,-0.18581986,-0.4265655,-0.19128245
7,849,-0.6854937,-0.15876254,-0.7341293,-0.15972273,-0.39548022,-0.14638765,-0.42826626,-0.14891413
7,850,-0.6873693,-0.14381604,-0.73602587,-0.1437306,-0.39674455,-0.10705993,-0.42954478,-0.10683511
7,851,-0.68869716,-0.12892461,-0.7373006,-0.12786156,-0.3976397,-0.06787713,-0.43040407,-0.06508
7,852,-0.6894747,-0.11410378,-0.7379585,-0.112128474,-0.39816386,-0.028880093,-0.4308476,-0.023682607
7,853,-0.68969923,-0.09936926,-0.73800516,-0.09654396,-0.39831522,0.0098898485,-0.43087903,0.01732386
7,854,-0.68936884,-0.084736675,-0.7374466,-0.08112034,-0.3980925,0.048391566,-0.4305025,0.057906978
7,855,-0.6884818,-0.0702216,-0.7362894,-0.06586971,-0.39749452,0.086584084,-0.4297224,0.09803492
7,856,-0.6870371,-0.055839512,-0.73454046,-0.050803885,-0.39652064,0.1244267,-0.42854342,0.1376766
7,857,-0.6850344,-0.04160567,-0.7322073,-0.035934422,-0.39517057,0.16187924,-0.4269706,0.17680159
7,858,-0.68247414,-0.027535137,-0.7292977,-0.02127261,-0.39344466,0.19890206,-0.4250092,0.21538022
7,859,-0.67935765,-0.013642613,-0.7258201,-0.006829477,-0.39134377,0.23545651,-0.4226649,0.25338346
7,860,-0.67568725,5.7328492e-05,-0.7217832,0.0073842225,-0.38886952,0.27150422,-0.41994357,0.290783
7,861,-0.67146623,0.013550643,-0.71719617,0.021357996,-0.38602406,0.30700827,-0.41685134,0.32755125
7,862,-0.66669905,0.026823506,-0.7120685,0.035081625,-0.3828104,0.34193227,-0.41339472,0.3636613
7,863,-0.6613912,0.039862603,-0.7064102,0.048545167,-0.37923232,0.37624115,-0.40958038,0.39908698
7,864,-0.6555494,0.052654807,-0.70023173,0.061738938,-0.37529427,0.4099004,-0.40541536,0.43380284
7,865,-0.6491816,0.065187514,-0.6935436,0.07465356,-0.37100163,0.44287685,-0.40090677,0.4677842
7,866,-0.6422969,0.07744848,-0.686357,0.0872799,-0.36636055,0.47513828,-0.39606217,0.501007
7,867,-0.6349055,0.08942578,-0.67868334,0.09960915,-0.36137787,0.5066533,-0.39088923,0.53344816
7,868,-0.6270189,0.101107866,-0.6705344,0.11163276,-0.3560614,0.5373916,-0.38539588,0.56508505
7,869,-0.61864984,0.11248368,-0.6619222,0.123342484,-0.35041964,0.56732404,-0.37959027,0.59589607
7,870,-0.60981166,0.12354234,-0.6528592,0.13473038,-0.34446168,0.5964219,-0.37348077,0.6258603
7,871,-0.60051906,0.13427354,-0.6433582,0.1457888,-0.33819738,0.6246582,-0.36707595,0.65495753
7,872,-0.59078777,0.14466725,-0.63343203,0.15651043,-0.33163735,0.65200645,-0.36038458,0.6831686
7,873,-0.580634,0.15471397,-0.6230941,0.16688822,-0.32479253,0.6784417,-0.35341558,0.71047497
7,874,-0.57007515,0.16440453,-0.61235785,0.1769155,-0.31767464,0.7039398,-0.3461781,0.7368591
7,875,-0.5591288,0.17373027,-0.60123724,0.18658587,-0.31029552,0.72847795,-0.33868152,0.76230407
7,876,-0.5478135,0.18268302,-0.5897462,0.1958933,-0.30266768,0.7520348,-0.3309352,0.78679407
7,877,-0.536148,0.19125512,-0.57789904,0.2048321,-0.2948038,0.77458996,-0.32294884,0.8103141
7,878,-0.5241515,0.1994395,-0.56571025,0.21339692,-0.28671676,0.79612494,-0.3147322,0.8328501
7,879,-0.5118434,0.20722967,-0.5531946,0.22158276,-0.27841964,0.8166227,-0.30629516,0.85438895
7,880,-0.49924323,0.21461976,-0.5403668,0.22938494,-0.26992565,0.83606774,-0.29764777,0.8749183
7,881,-0.48637062,0.22160465,-0.5272421,0.23679923,-0.26124802,0.8544466,-0.28880018,0.894427
7,882,-0.47324505,0.22817975,-0.51383567,0.2438217,-0.25239986,0.8717472,-0.2797627,0.91290474
7,883,-0.45988607,0.23434128,-0.5001628,0.2504488,-0.24339436,0.8879596,-0.27054554,0.9303422
7,884,-0.44631287,0.2400862,-0.48623902,0.25667742,-0.23424445,0.9030758,-0.2611593,0.94673115
7,885,-0.43254444,0.2454121,-0.47207993,0.26250482,-0.22496292,0.91708946,-0.25161445,0.9620644
7,886,-0.41859946,0.2503174,-0.45770127,0.26792857,-0.21556237,0.9299965,-0.24192154,0.9763356
7,887,-0.40449628,0.25480112,-0.4431188,0.27294675,-0.2060552,0.9417942,-0.23209128,0.98953956
7,888,-0.39025286,0.25886318,-0.42834845,0.27755776,-0.19645347,0.9524824,-0.22213434,1.0016721
7,889,-0.37588674,0.26250404,-0.41340604,0.28176045,-0.18676902,0.96206236,-0.2120614,1.0127305
7,890,-0.36141506,0.26572487,-0.3983076,0.28555408,-0.17701343,0.9705371,-0.20188329,1.0227123
7,891,-0.34685448,0.26852748,-0.38306907,0.2889383,-0.1671979,0.9779114,-0.19161075,1.031617
7,892,-0.3322213,0.2709143,-0.36770642,0.2919132,-0.15733343,0.98419166,-0.18125454,1.0394447
7,893,-0.31753132,0.27288824,-0.35223565,0.29447925,-0.14743067,0.9893856,-0.17082544,1.0461966
7,894,-0.3027999,0.27445284,-0.33667266,0.29663733,-0.13749999,0.99350244,-0.16033417,1.051875
7,895,-0.28804207,0.27561215,-0.32103342,0.29838875,-0.12755148,0.9965528,-0.1497915,1.0564834
7,896,-0.27327234,0.2763705,-0.3053337,0.29973525,-0.117594965,0.9985482,-0.13920806,1.0600263
7,897,-0.25850502,0.27673283,-0.2895893,0.30067894,-0.10764007,0.99950165,-0.12859449,1.0625094
7,898,-0.2437539,0.27670434,-0.27381587,0.30122235,-0.097696096,0.99942666,-0.11796137,1.0639392
7,899,-0.22903246,0.2762906,-0.258029,0.30136847,-0.08777213,0.998338,-0.10731919,1.0643237
7,900,-0.21435396,0.27549747,-0.24224414,0.3011206,-0.07787712,0.9962511,-0.09667835,1.0636715
7,901,-0.19973122,0.27433112,-0.22647658,0.30048248,-0.06801969,0.9931822,-0.08604918,1.0619924
7,902,-0.18517688,0.272798,-0.21074148,0.29945827,-0.058208365,0.98914814,-0.07544188,1.0592974
7,903,-0.17070328,0.27090472,-0.1950538,0.2980524,-0.048451472,0.9841665,-0.064866565,1.0555984
7,904,-0.15632248,0.26865816,-0.17942838,0.29626977,-0.03875714,0.9782553,-0.05433321,1.0509079
7,905,-0.14204639,0.2660653,-0.16387981,0.29411566,-0.029133396,0.97143286,-0.043851662,1.0452399
7,906,-0.12788661,0.2631335,-0.14842246,0.2915956,-0.019588053,0.9637186,-0.033431612,1.038609
7,907,-0.11385459,0.2598701,-0.13307054,0.2887156,-0.010128837,0.9551319,-0.023082629,1.031031
7,908,-0.099961564,0.2562827,-0.11783795,0.2854819,-0.0007633207,0.94569254,-0.012814088,1.0225224
7,909,-0.08621854,0.25237906,-0.10273838,0.28190112,0.008501075,0.9354212,-0.0026352184,1.0131006
7,910,-0.072636366,0.24816711,-0.08778523,0.27798018,0.017657045,0.9243386,0.007444947,1.0027837
7,911,-0.059225656,0.2436549,-0.07299165,0.27372628,0.026697425,0.91246593,0.017417544,0.9915907
7,912,-0.045996856,0.23885065,-0.05837048,0.26914695,0.035615176,0.8998248,0.027273916,0.9795414
7,913,-0.03296017,0.23376271,-0.04393428,0.26424998,0.044403426,0.8864373,0.037005596,0.9666563
7,914,-0.020125635,0.22839966,-0.029695284,0.2590434,0.0530554,0.87232584,0.046604335,0.9529566
7,915,-0.007503029,0.22277015,-0.015665421,0.2535355,0.0615645,0.8575133,0.056062095,0.9384641
7,916,0.00489806,0.21688306,-0.0018562861,0.24773487,0.06992428,0.842023,0.06537107,0.92320126
7,917,0.017068338,0.21074739,0.011720865,0.24165022,0.078128465,0.8258786,0.07452364,0.90719116
7,918,0.028998714,0.20437223,0.025055122,0.23529054,0.086170934,0.8091041,0.083512485,0.89045733
7,919,0.040680412,0.19776684,0.038135927,0.22866498,0.09404575,0.7917238,0.09233048,0.8730239
7,920,0.052104946,0.19094072,0.050953083,0.2217829,0.10174722,0.77376264,0.10097072,0.8549156
7,921,0.06326406,0.1839034,0.06349677,0.21465378,0.10926976,0.75524586,0.10942664,0.8361572
7,922,0.07414989,0.1766645,0.075757496,0.2072873,0.11660808,0.73619866,0.11769179,0.8167743
7,923,0.084754884,0.16923386,0.08772622,0.19969323,0.12375708,0.7166469,0.12576011,0.79679257
7,924,0.09507182,0.16162135,0.099394254,0.19188151,0.1307119,0.6966166,0.13362572,0.77623814
7,925,0.10509385,0.15383689,0.1107533,0.18386213,0.13746792,0.6761339,0.14128304,0.75513726
7,926,0.114814535,0.14589055,0.12179544,0.17564523,0.1440208,0.6552252,0.14872673,0.7335167
7,927,0.12422775,0.13779241,0.13251317,0.167241,0.1503664,0.63391715,0.15595172,0.71140325
7,928,0.13332783,0.12955256,0.14289936,0.15865971,0.1565009,0.6122362,0.16295323,0.6888238
7,929,0.14210947,0.1211811,0.15294732,0.14991169,0.16242075,0.59020895,0.16972671,0.66580576
7,930,0.1505678,0.11268821,0.16265075,0.14100726,0.16812265,0.5678622,0.17626795,0.6423762
7,931,0.1586984,0.10408394,0.17200373,0.13195685,0.17360361,0.54522234,0.18257296,0.61856246
7,932,0.1664972,0.095378354,0.18100077,0.12277085,0.17886092,0.522316,0.18863802,0.59439194
7,933,0.17396064,0.08658144,0.18963678,0.113459684,0.18389215,0.49916923,0.19445969,0.5698921
7,934,0.18108548,0.07770307,0.19790709,0.10403375,0.18869512,0.4758082,0.20003484,0.5450903
7,935,0.187869,0.06875308,0.20580742,0.09450344,0.193268,0.45225868,0.20536059,0.5200138
7,936,0.1943088,0.05974113,0.21333387,0.084879115,0.19760917,0.42854613,0.2104343,0.49469003
7,937,0.20040296,0.050676774,0.22048302,0.07517109,0.20171735,0.40469575,0.21525365,0.46914595
7,938,0.20614995,0.041569438,0.22725175,0.065389656,0.20559148,0.38073224,0.21981657,0.44340873
7,939,0.21154852,0.032428358,0.23363744,0.05554503,0.20923075,0.35667992,0.22412126,0.41750526
7,940,0.21659799,0.023262594,0.2396378,0.045647353,0.21263468,0.33256266,0.22816621,0.39146218
7,941,0.22129785,0.014081094,0.24525097,0.035706714,0.21580294,0.308404,0.23195013,0.36530605
7,942,0.22564809,0.0048925392,0.25047544,0.025733108,0.2187355,0.2842268,0.23547204,0.3390632
7,943,0.22964893,-0.004294496,0.25531015,0.015736436,0.22143254,0.26005358,0.23873119,0.3127596
7,944,0.23330097,-0.013471689,0.25975436,0.0057265046,0.22389443,0.23590626,0.24172711,0.28642115
7,945,0.23660518,-0.022630867,0.26380777,-0.004286984,0.22612186,0.21180633,0.24445958,0.26007336
7,946,0.23956262,-0.0317641,0.26747042,-0.014294442,0.22811551,0.18777467,0.24692863,0.2337414
7,947,0.24217482,-0.040863585,0.2707427,-0.0242864,0.22987644,0.16383183,0.24913454,0.20745024
7,948,0.24444352,-0.049921695,0.27362546,-0.034253515,0.23140581,0.13999785,0.25107786,0.18122447
7,949,0.24637066,-0.058931086,0.27611983,-0.04418657,0.23270492,0.11629205,0.25275934,0.15508829
7,950,0.24795853,-0.06788449,0.27822727,-0.054076493,0.23377533,0.09273357,0.25418,0.12906562
7,951,0.24920945,-0.076774865,0.2799497,-0.06391435,0.2346186,0.06934094,0.2553411,0.103179924
7,952,0.25012615,-0.085595265,0.28128925,-0.07369135,0.23523659,0.04613242,0.25624412,0.077454366
7,953,0.25071153,-0.09433901,0.28224853,-0.08339886,0.2356312,0.023125587,0.2568908,0.05191166
7,954,0.25096858,-0.10299945,0.28283042,-0.09302842,0.23580447,0.00033797493,0.25728306,0.026574066
7,955,0.25090054,-0.11157021,0.28303808,-0.10257169,0.2357586,-0.022213683,0.25742304,0.0014635111
7,956,0.25051084,-0.12004495,0.28287506,-0.11202054,0.23549591,-0.044512678,0.25731316,-0.0233986
7,957,0.24980302,-0.12841749,0.2823452,-0.12136696,0.23501875,-0.06654279,0.25695598,-0.04799121
7,958,0.24878089,-0.1366818,0.28145266,-0.13060318,0.2343297,-0.08828808,0.2563543,-0.07229383
7,959,0.24744837,-0.14483196,0.28020188,-0.13972154,0.23343143,-0.109733045,0.25551113,-0.096286364
7,960,0.24580942,-0.15286219,0.27859762,-0.14871463,0.23232658,-0.13086246,0.25442967,-0.11994927
7,961,0.2438683,-0.16076678,0.2766449,-0.15757518,0.23101805,-0.15166126,0.2531133,-0.14326341
7,962,0.2416294,-0.16854014,0.27434903,-0.1662961,0.22950877,-0.17211476,0.25156564,-0.16621017
7,963,0.23909725,-0.17617685,0.27171558,-0.17487054,0.2278018,-0.19220872,0.24979037,-0.18877152
7,964,0.23627646,-0.18367156,0.26875046,-0.1832918,0.22590026,-0.21192905,0.24779153,-0.2109298
7,965,0.23317187,-0.19101903,0.2654597,-0.19155341,0.22380741,-0.23126194,0.24557316,-0.23266803
7,966,0.22978847,-0.19821411,0.2618497,-0.19964911,0.22152661,-0.25019386,0.24313961,-0.25396967
7,967,0.22613128,-0.20525184,0.25792703,-0.20757282,0.21906123,-0.26871178,0.24049528,-0.2748188
7,968,0.22220568,-0.21212734,0.25369856,-0.21531868,0.21641493,-0.2868028,0.23764479,-0.29519996
7,969,0.21801694,-0.2188358,0.24917129,-0.22288103,0.21359122,-0.30445433,0.23459288,-0.31509826
7,970,0.21357073,-0.22537267,0.24435252,-0.23025446,0.21059395,-0.32165435,0.23134448,-0.33449945
7,971,0.20887272,-0.23173338,0.23924972,-0.23743373,0.20742695,-0.33839083,0.22790459,-0.35338977
7,972,0.20392881,-0.2379137,0.23387058,-0.24441388,0.20409419,-0.35465267,0.22427842,-0.37175617
7,973,0.19874498,-0.24390924,0.22822294,-0.25119013,0.20059969,-0.37042835,0.22047126,-0.38958603
7,974,0.19332738,-0.2497161,0.22231486,-0.25775793,0.19694759,-0.38570756,0.21648853,-0.40686747
7,975,0.18768243,-0.25533038,0.21615458,-0.26411298,0.19314224,-0.40048003,0.21233578,-0.42358905
7,976,0.18181656,-0.26074833,0.20975044,-0.2702512,0.18918794,-0.41473588,0.20801865,-0.43974018
7,977,0.17573653,-0.26596645,0.20311102,-0.27616873,0.1850893,-0.42846596,0.2035429,-0.45531055
7,978,0.16944902,-0.2709814,0.196245,-0.281862,0.18085079,-0.44166148,0.1989144,-0.47029084
7,979,0.16296105,-0.27579004,0.1891612,-0.2873276,0.17647713,-0.4543141,0.1941391,-0.48467207
7,980,0.15627982,-0.28038943,0.18186855,-0.29256237,0.17197321,-0.46641618,0.189223,-0.498446
7,981,0.1494125,-0.28477675,0.17437613,-0.2975635,0.16734384,-0.47796023,0.18417224,-0.51160514
7,982,0.1423666,-0.28894967,0.1666931,-0.30232826,0.1625941,-0.48894015,0.17899297,-0.5241423
7,983,0.13514976,-0.29290575,0.15882877,-0.3068543,0.1577291,-0.4993495,0.17369151,-0.5360514
7,984,0.12776966,-0.29664296,0.15079243,-0.3111395,0.15275405,-0.509183,0.16827409,-0.54732674
7,985,0.12023422,-0.30015957,0.14259359,-0.31518185,0.14767429,-0.518436,0.16274711,-0.5579631
7,986,0.11255148,-0.30345386,0.13424173,-0.31897977,0.14249523,-0.527104,0.15711698,-0.5679563
7,987,0.10472962,-0.30652466,0.12574643,-0.32253182,0.13722238,-0.535184,0.15139017,-0.5773026
7,988,0.09677701,-0.30937076,0.117117286,-0.3258368,0.13186139,-0.54267275,0.14557311,-0.5859988
7,989,0.08870202,-0.3119914,0.10836398,-0.32889384,0.12641792,-0.5495683,0.13967235,-0.59404254
7,990,0.08051328,-0.31438592,0.09949621,-0.33170226,0.12089775,-0.5558688,0.13369444,-0.60143214
7,991,0.07221946,-0.316554,0.09052367,-0.33426163,0.11530675,-0.56157357,0.12764591,-0.6081664
7,992,0.06382942,-0.3184957,0.0814561,-0.33657178,0.10965088,-0.5666826,0.12153331,-0.614245
7,993,0.055352014,-0.32021105,0.07230322,-0.33863276,0.10393613,-0.5711961,0.11536321,-0.6196679
7,994,0.04679626,-0.32170048,0.06307475,-0.34044492,0.09816855,-0.57511514,0.10914215,-0.6244361
7,995,0.038171243,-0.3229648,0.053780407,-0.34200877,0.09235428,-0.5784418,0.10287668,-0.62855095
7,996,0.029486138,-0.3240047,0.044429846,-0.34332517,0.086499505,-0.58117807,0.09657331,-0.6320147
7,997,0.020750139,-0.32482156,0.03503272,-0.3443951,0.080610424,-0.5833274,0.09023855,-0.63482994
7,998,0.011972543,-0.32541668,0.02559862,-0.34521988,0.07469331,-0.58489335,0.08387887,-0.63700014
8,0,-0.060493678,0.34095335,-0.06931344,0.649039,0.025842631,1.1684806,0.019897087,1.9791254
8,1,-0.04497081,0.5087788,-0.040120125,0.6404505,0.03630685,1.6100683,0.03957678,1.956527
8,2,-0.020277023,0.59033453,-0.011274578,0.6312223,0.052953344,1.8246604,0.059022035,1.9322456
8,3,0.007866401,0.62259024,0.017198546,0.62137043,0.07192529,1.9095327,0.07821624,1.9063231
8,4,0.037100244,0.6269675,0.04527523,0.61091167,0.0916323,1.9210502,0.097143196,1.8788036
8,5,0.06636509,0.6164525,0.07293212,0.59986335,0.11136022,1.8933828,0.115787156,1.8497329
8,6,0.0951464,0.5988409,0.100146554,0.5882434,0.13076217,1.8470426,0.13413286,1.8191582
8,7,0.12319088,0.57861596,0.12689658,0.57607037,0.14966743,1.7938261,0.15216549,1.7871281
8,8,0.15038715,0.55815196,0.15316097,0.56336325,0.16800088,1.7399806,0.16987075,1.7536927
8,9,0.17670499,0.5385291,0.17891927,0.5501414,0.18574215,1.6883483,0.18723483,1.718903
8,10,0.2021598,0.520083,0.20415176,0.5364246,0.20290166,1.6398124,0.20424448,1.6828108
8,11,0.22679026,0.5027609,0.22883953,0.52223307,0.21950546,1.5942339,0.2208869,1.6454697
8,12,0.2506438,0.48633826,0.25296444,0.5075872,0.23558553,1.551022,0.23714991,1.606933
8,13,0.27376756,0.47054228,0.27650914,0.49250767,0.25117365,1.5094591,0.25302178,1.5672551
8,14,0.29620257,0.45511454,0.29945713,0.47701532,0.26629746,1.4688653,0.26849142,1.5264913
8,15,0.31798115,0.43983784,0.32179272,0.4611312,0.28097874,1.4286686,0.2835482,1.4846964
8,16,0.3391259,0.42454293,0.34350097,0.44487637,0.29523277,1.3884242,0.29818207,1.4419262
8,17,0.35964978,0.40910572,0.3645679,0.428272,0.30906826,1.3478054,0.31238365,1.3982363
8,18,0.3795574,0.39344,0.38498023,0.4113393,0.3224883,1.3065852,0.32614395,1.3536824
8,19,0.39884624,0.37748992,0.40472555,0.39409938,0.33549124,1.2646168,0.33945456,1.3083202
8,20,0.4175084,0.36122262,0.42379233,0.3765734,0.3480717,1.2218138,0.35230783,1.2622054
8,21,0.43553177,0.34462267,0.4421698,0.35878235,0.36022156,1.1781355,0.36469632,1.215393
8,22,0.4529018,0.32768756,0.459848,0.3407471,0.371931,1.1335753,0.3766135,1.167938
8,23,0.46960238,0.310424,0.4768178,0.32248843,0.3831891,1.0881509,0.38805312,1.1198952
8,24,0.4856169,0.29284585,0.4930709,0.30402687,0.39398476,1.0418987,0.39900962,1.0713185
8,25,0.5009291,0.2749722,0.5085998,0.28538284,0.40430698,0.994869,0.40947792,1.0222617
8,26,0.5155238,0.2568259,0.52339774,0.2665764,0.41414547,0.94712186,0.41945344,0.9727777
8,27,0.5293872,0.23843277,0.5374588,0.24762757,0.42349103,0.8987253,0.42893222,0.9229189
8,28,0.5425074,0.21982065,0.55077773,0.2285559,0.4323356,0.8497525,0.43791074,0.87273693
8,29,0.5548746,0.20101877,0.56335014,0.2093808,0.44067252,0.80028033,0.446386,0.82228285
8,30,0.5664812,0.18205723,0.5751725,0.19012135,0.4484967,0.75038815,0.45435566,0.77160674
8,31,0.5773221,0.16296628,0.5862417,0.17079635,0.45580477,0.70015544,0.4618176,0.72075814
8,32,0.5873944,0.14377616,0.59655565,0.15142426,0.46259466,0.6496618,0.46877038,0.66978574
8,33,0.59669757,0.12451632,0.60611284,0.13202325,0.46886605,0.5989847,0.47521305,0.61873716
8,34,0.6052331,0.10521534,0.6149125,0.1126112,0.47461998,0.54819936,0.48114505,0.56765956
8,35,0.61300457,0.085900515,0.6229545,0.093205616,0.47985888,0.49737757,0.48656628,0.516599
8,36,0.62001723,0.066597626,0.6302395,0.07382373,0.48458624,0.44658718,0.49147722,0.46560073
8,37,0.6262779,0.047330726,0.6367687,0.05448241,0.48880666,0.3958915,0.49587867,0.41470927
8,38,0.6317948,0.028122138,0.64254403,0.03519823,0.4925257,0.34534928,0.49977192,0.3639681
8,39,0.6365769,0.008992191,0.64756805,0.01598742,0.49574938,0.29501393,0.5031587,0.31342
8,40,0.6406344,-0.010040414,0.6518439,-0.0031340956,0.4984846,0.24493474,0.5060411,0.26310688
8,41,0.64397776,-0.028958943,0.65537536,-0.022150721,0.50073844,0.1951557,0.5084217,0.2130697
8,42,0.6466179,-0.047748204,0.6581669,-0.041047174,0.5025182,0.1457168,0.51030356,0.16334876
8,43,0.6485657,-0.06639467,0.6602234,-0.05980848,0.5038312,0.096653625,0.5116899,0.11398342
8,44,0.64983237,-0.084886014,0.6615506,-0.07841998,0.5046851,0.047998622,0.51258457,0.06501225
8,45,0.6504288,-0.10321139,0.6621544,-0.09686731,0.50508714,-0.00021968628,0.51299155,0.016473059
8,46,0.65036535,-0.121360585,0.6620416,-0.11513641,0.5050444,-0.04797443,0.51291555,-0.03159718
8,47,0.6496525,-0.13932443,0.6612195,-0.13321353,0.50456387,-0.09524146,0.51236135,-0.079162285
8,48,0.64829993,-0.15709424,0.6596957,-0.15108518,0.50365204,-0.14199796,0.5113341,-0.12618673
8,49,0.646317,-0.17466186,0.6574785,-0.16873819,0.50231534,-0.18822244,0.5098395,-0.17263588
8,50,0.6437126,-0.19201922,0.65457684,-0.18615964,0.5005596,-0.23389368,0.5078834,-0.21847576
8,51,0.64049506,-0.20915842,0.65099984,-0.20333692,0.49839067,-0.2789909,0.5054721,-0.2636732
8,52,0.63667214,-0.22607142,0.64675736,-0.22025771,0.49581358,-0.32349288,0.5026122,-0.3081957
8,53,0.6322516,-0.2427499,0.64185965,-0.23690996,0.49283364,-0.36737785,0.49931055,-0.3520116
8,54,0.6272404,-0.2591853,0.6363174,-0.25328186,0.4894555,-0.41062322,0.4955744,-0.3950899
8,55,0.62164557,-0.27536848,0.63014174,-0.2693619,0.48568392,-0.4532049,0.49141133,-0.43740022
8,56,0.6154736,-0.29128984,0.6233443,-0.28513893,0.4815233,-0.49509767,0.48682907,-0.47891322
8,57,0.60873115,-0.30693915,0.6159372,-0.30060193,0.4769781,-0.5362747,0.48183578,-0.5196
8,58,0.6014247,-0.3223056,0.6079328,-0.31574026,0.4720527,-0.5767073,0.47643992,-0.5594324
8,59,0.59356064,-0.3373777,0.599344,-0.33054355,0.4667514,-0.6163655,0.47065008,-0.5983833
8,60,0.58514583,-0.3521433,0.59018415,-0.3450017,0.46107885,-0.65521723,0.46447527,-0.63642603
8,61,0.57618713,-0.36658967,0.58046687,-0.35910493,0.45503965,-0.69322896,0.45792466,-0.6735349
8,62,0.56669164,-0.3807034,0.5702061,-0.37284368,0.44863856,-0.73036546,0.45100772,-0.7096847
8,63,0.5566671,-0.3944707,0.5594164,-0.38620883,0.44188085,-0.7665904,0.44373423,-0.7448515
8,64,0.54612166,-0.40787742,0.5481125,-0.3991914,0.434772,-0.8018666,0.43611407,-0.7790117
8,65,0.535064,-0.420909,0.5363094,-0.4117829,0.42731786,-0.8361557,0.42815742,-0.81214285
8,66,0.5235032,-0.43355054,0.52402264,-0.42397502,0.41952452,-0.86941856,0.4198747,-0.84422314
8,67,0.5114493,-0.4457874,0.5112679,-0.43575984,0.4113988,-0.9016166,0.41127652,-0.87523174
8,68,0.49891272,-0.4576049,0.49806124,-0.44712982,0.4029477,-0.9327111,0.4023737,-0.9051488
8,69,0.48590484,-0.46898836,0.484419,-0.45807773,0.39417887,-0.96266365,0.3931772,-0.93395525
8,70,0.47243765,-0.47992373,0.47035778,-0.46859667,0.38510042,-0.99143714,0.3836983,-0.961633
8,71,0.45852372,-0.4903974,0.45589447,-0.47868016,0.3757208,-1.0189958,0.37394837,-0.9881651
8,72,0.44417635,-0.50039643,0.44104618,-0.48832208,0.36604902,-1.0453056,0.3639389,-1.0135351
8,73,0.4294096,-0.50990885,0.42583027,-0.49751675,0.3560945,-1.070335,0.35368162,-1.0377284
8,74,0.414238,-0.51892334,0.41026425,-0.5062588,0.3458671,-1.0940542,0.3431883,-1.0607308
8,75,0.3986769,-0.5274299,0.39436597,-0.5145433,0.3353771,-1.1164368,0.332471,-1.0825293
8,76,0.38274202,-0.5354194,0.3781533,-0.5223658,0.32463512,-1.1374592,0.3215418,-1.1031121
8,77,0.3664495,-0.5428843,0.36164436,-0.5297223,0.31365207,-1.157101,0.31041282,-1.1224687
8,78,0.34981623,-0.5498181,0.34485745,-0.5366091,0.3024393,-1.1753454,0.29909652,-1.1405896
8,79,0.3328592,-0.5562157,0.32781097,-0.54302305,0.2910083,-1.1921791,0.2876052,-1.157466
8,80,0.31559584,-0.5620733,0.3105234,-0.54896146,0.27937078,-1.2075917,0.27595136,-1.1730914
8,81,0.29804417,-0.56738883,0.29301336,-0.5544221,0.2675389,-1.2215781,0.26414755,-1.1874596
8,82,0.2802224,-0.5721609,0.27529952,-0.5594032,0.25552493,-1.2341346,0.25220636,-1.200566
8,83,0.26214883,-0.5763901,0.25740066,-0.5639035,0.24334127,-1.2452625,0.24014045,-1.2124075
8,84,0.24384238,-0.5800777,0.2393355,-0.5679222,0.23100057,-1.2549655,0.22796243,-1.2229815
8,85,0.2253222,-0.5832265,0.22112292,-0.57145894,0.21851581,-1.2632507,0.21568502,-1.2322875
8,86,0.20660762,-0.5858405,0.20278169,-0.57451403,0.20590001,-1.2701288,0.20332089,-1.2403262
8,87,0.18771848,-0.58792454,0.1843306,-0.5770881,0.19316654,-1.2756124,0.1908827,-1.2470992
8,88,0.16867492,-0.5894844,0.1657884,-0.5791824,0.18032897,-1.2797166,0.1783831,-1.2526097
8,89,0.14949746,-0.5905269,0.14717379,-0.5807985,0.16740112,-1.2824597,0.1658347,-1.256862
8,90,0.13020708,-0.5910596,0.12850541,-0.5819388,0.15439716,-1.2838615,0.15325004,-1.2598624
8,91,0.11082512,-0.59109086,0.109801754,-0.58260584,0.14133146,-1.2839437,0.14064158,-1.2616175
8,92,0.091373384,-0.5906296,0.09108125,-0.5828029,0.12821873,-1.2827299,0.12802179,-1.2621361
8,93,0.07187411,-0.58968526,0.07236217,-0.58253366,0.11507394,-1.2802452,0.11540295,-1.2614276
8,94,0.05235001,-0.5882679,0.053662624,-0.5818023,0.101912424,-1.2765158,0.10279728,-1.2595034
8,95,0.032824155,-0.58638793,0.035000574,-0.58061343,0.08874972,-1.2715691,0.09021688,-1.2563751
8,96,0.013320025,-0.5840562,0.01639377,-0.57897234,0.07560167,-1.2654338,0.077673726,-1.2520571
8,97,-0.006138634,-0.58128387,-0.0021402398,-0.5768845,0.06248426,-1.2581391,0.065179646,-1.2465634
8,98,-0.025527824,-0.57808226,-0.020584136,-0.574356,0.04941369,-1.249715,0.052746315,-1.2399104
8,99,-0.044823408,-0.5744632,-0.038920846,-0.57139343,0.03640622,-1.2401924,0.04038523,-1.2321151
8,100,-0.06400117,-0.5704382,-0.05713356,-0.56800365,0.02347817,-1.2296017,0.028107742,-1.2231959
8,101,-0.08303702,-0.5660195,-0.07520574,-0.564194,0.010645794,-1.217975,0.015924986,-1.2131718
8,102,-0.10190709,-0.5612188,-0.09312116,-0.5599724,-0.0020748314,-1.2053434,0.003847906,-1.2020638
8,103,-0.12058784,-0.5560483,-0.110863894,-0.55534685,-0.014667834,-1.1917385,-0.008112761,-1.1898929
8,104,-0.1390562,-0.55052,-0.12841833,-0.550326,-0.027117664,-1.1771923,-0.019946493,-1.1766819
8,105,-0.15728974,-0.54464597,-0.14576922,-0.54491866,-0.03940919,-1.1617364,-0.031643018,-1.1624539
8,106,-0.17526685,-0.53843814,-0.16290167,-0.5391342,-0.05152785,-1.1454022,-0.043192282,-1.1472336
8,107,-0.19296667,-0.53190833,-0.17980112,-0.5329821,-0.06345959,-1.1282207,-0.05458448,-1.131046
8,108,-0.21036942,-0.525068,-0.19645342,-0.52647233,-0.07519107,-1.1102222,-0.06581007,-1.1139174
8,109,-0.2274565,-0.5179288,-0.21284483,-0.519615,-0.08670975,-1.0914372,-0.07685979,-1.0958741
8,110,-0.24421032,-0.5105018,-0.22896197,-0.51242065,-0.09800378,-1.0718951,-0.08772462,-1.0769441
8,111,-0.26061466,-0.50279814,-0.24479188,-0.50489986,-0.10906222,-1.051625,-0.098395824,-1.0571551
8,112,-0.2766545,-0.49482852,-0.26032206,-0.49706373,-0.11987495,-1.0306551,-0.10886497,-1.0365365
8,113,-0.2923163,-0.48660356,-0.27554038,-0.48892334,-0.13043281,-1.0090133,-0.11912389,-1.0151173
8,114,-0.3075875,-0.4781332,-0.29043522,-0.48049006,-0.14072739,-0.98672587,-0.12916476,-0.9929273
8,115,-0.32245722,-0.4694274,-0.3049954,-0.4717754,-0.15075131,-0.9638189,-0.13898,-0.96999705
8,116,-0.33691558,-0.46049592,-0.31921005,-0.4627912,-0.16049793,-0.9403181,-0.14856234,-0.94635755
8,117,-0.35095403,-0.45134792,-0.333069,-0.45354918,-0.16996147,-0.9162476,-0.15790488,-0.9220396
8,118,-0.36456516,-0.44199252,-0.34656233,-0.44406137,-0.17913696,-0.89163136,-0.16700095,-0.897075
8,119,-0.37774262,-0.43243855,-0.35968077,-0.43433982,-0.18802011,-0.8664927,-0.17584431,-0.87149537
8,120,-0.39048108,-0.42269468,-0.37241536,-0.4243967,-0.19660732,-0.8408543,-0.18442892,-0.8453327
8,121,-0.40277615,-0.41276914,-0.38475776,-0.41424426,-0.20489562,-0.81473786,-0.19274913,-0.81861925
8,122,-0.4146242,-0.4026703,-0.39669997,-0.40389484,-0.2128826,-0.78816545,-0.20079957,-0.79138756
8,123,-0.42602244,-0.39240626,-0.4082346,-0.3933607,-0.22056633,-0.7611584,-0.20857525,-0.7636698
8,124,-0.43696856,-0.38198495,-0.41935462,-0.38265425,-0.2279453,-0.7337375,-0.21607144,-0.7354986
8,125,-0.44746098,-0.37141442,-0.4300536,-0.37178785,-0.2350184,-0.70592403,-0.2232838,-0.7069066
8,126,-0.45749846,-0.3607026,-0.44032553,-0.36077386,-0.24178483,-0.6777387,-0.23020828,-0.67792624
8,127,-0.4670802,-0.3498574,-0.45016485,-0.3496246,-0.24824405,-0.64920247,-0.23684113,-0.64858997
8,128,-0.47620574,-0.3388867,-0.4595666,-0.3383524,-0.25439572,-0.62033606,-0.243179,-0.6189302
8,129,-0.4848748,-0.32779872,-0.46852612,-0.32696956,-0.2602397,-0.591161,-0.24921876,-0.5889793
8,130,-0.49308726,-0.3166015,-0.4770394,-0.31548822,-0.26577583,-0.56169856,-0.2549577,-0.5587692
8,131,-0.5008432,-0.3053034,-0.48510283,-0.30392057,-0.27100426,-0.5319706,-0.26039338,-0.52833205
8,132,-0.508143,-0.29391286,-0.49271324,-0.29227862,-0.27592516,-0.50199944,-0.2655237,-0.49769938
8,133,-0.5149865,-0.28243855,-0.49986798,-0.28057435,-0.28053847,-0.47180787,-0.27034682,-0.46690276
8,134,-0.52137405,-0.27088922,-0.50656486,-0.26881966,-0.28484443,-0.44141892,-0.2748613,-0.43597344
8,135,-0.5273059,-0.25927398,-0.5128021,-0.25702628,-0.28884318,-0.41085652,-0.27906594,-0.40494233
8,136,-0.5327822,-0.24760205,-0.5185785,-0.24520582,-0.29253483,-0.38014498,-0.2829599,-0.37383994
8,137,-0.5378032,-0.23588282,-0.5238932,-0.23336983,-0.29591957,-0.34930897,-0.2865426,-0.3426967
8,138,-0.54236895,-0.2241261,-0.5287458,-0.22152966,-0.29899743,-0.3183743,-0.28981382,-0.31154248
8,139,-0.5464797,-0.21234174,-0.53313625,-0.20969658,-0.30176854,-0.28736693,-0.29277351,-0.2804069
8,140,-0.5501356,-0.20053981,-0.53706527,-0.19788162,-0.30423307,-0.25631332,-0.29542214,-0.24931902
8,141,-0.55333686,-0.18873069,-0.54053354,-0.18609576,-0.30639106,-0.22524078,-0.29776016,-0.21830767
8,142,-0.5560837,-0.17692487,-0.5435426,-0.17434974,-0.30824274,-0.19417694,-0.29978862,-0.18740118
8,143,-0.5583764,-0.165133,-0.5460941,-0.16265418,-0.3097883,-0.16314979,-0.30150864,-0.15662743
8,144,-0.5602156,-0.15336588,-0.5481903,-0.15101951,-0.31102815,-0.13218778,-0.30292168,-0.12601395
8,145,-0.56160176,-0.1416345,-0.5498337,-0.139456,-0.31196257,-0.10131978,-0.30402955,-0.09558767
8,146,-0.56253576,-0.12994991,-0.5510273,-0.12797372,-0.3125922,-0.07057494,-0.30483416,-0.06537512
8,147,-0.5630187,-0.11832322,-0.5517745,-0.11658255,-0.31291774,-0.039982423,-0.30533788,-0.035402313
8,148,-0.5630518,-0.10676567,-0.55207896,-0.105292186,-0.3129401,-0.009571833,-0.3055431,-0.005694749
8,149,-0.562637,-0.095288426,-0.55194485,-0.09411216,-0.31266043,0.020627463,-0.3054527,0.023722496
8,150,-0.56177604,-0.083902776,-0.5513767,-0.083051756,-0.31208006,0.050585747,-0.30506968,0.052824978
8,151,-0.56047153,-0.072619945,-0.5503793,-0.0721201,-0.31120068,0.080273494,-0.3043973,0.0815887
8,152,-0.5587264,-0.06145106,-0.5489579,-0.06132609,-0.31002423,0.10966142,-0.30343914,0.10999024
8,153,-0.55654395,-0.05040731,-0.54711795,-0.050678417,-0.30855304,0.13872008,-0.3021988,0.13800673
8,154,-0.55392826,-0.03949966,-0.5448654,-0.040185567,-0.30678976,0.16742063,-0.30068034,0.16561584
8,155,-0.5508836,-0.028739076,-0.5422065,-0.0298558,-0.3047373,0.19573422,-0.29888794,0.19279586
8,156,-0.5474152,-0.018136334,-0.5391477,-0.019697163,-0.3023992,0.22363248,-0.29682592,0.21952559
8,157,-0.54352856,-0.007702034,-0.53569585,-0.009717479,-0.29977915,0.25108755,-0.29449898,0.24578446
8,158,-0.53923,0.0025533326,-0.5318581,7.5657474e-05,-0.2968814,0.2780718,-0.29191187,0.27155247
8,159,-0.53452635,0.012619514,-0.52764183,0.00967488,-0.2937106,0.30455825,-0.28906962,0.29681024
8,160,-0.52942514,0.022486482,-0.5230548,0.019073054,-0.2902718,0.33052054,-0.28597742,0.321539
8,161,-0.5239345,0.03214435,-0.5181049,0.028263286,-0.28657046,0.35593265,-0.28264064,0.34572065
8,162,-0.51806295,0.041583586,-0.5128006,0.037238915,-0.28261235,0.38076943,-0.2790649,0.36933762
8,163,-0.51181996,0.05079491,-0.5071501,0.045993533,-0.27840385,0.4050066,-0.27525583,0.39237306
8,164,-0.5052155,0.0597693,-0.5011624,0.054520965,-0.27395168,0.42862028,-0.27121943,0.4148107
8,165,-0.4982598,0.068498015,-0.49484634,0.0628153,-0.26926273,0.45158756,-0.26696166,0.436635
8,166,-0.49096394,0.07697269,-0.48821118,0.07087088,-0.26434445,0.4738864,-0.26248878,0.4578311
8,167,-0.48333928,0.08518532,-0.48126638,0.07868228,-0.25920457,0.4954957,-0.25780717,0.4783847
8,168,-0.47539768,0.09312825,-0.4740215,0.086244375,-0.253851,0.5163954,-0.25292328,0.49828234
8,169,-0.46715146,0.10079418,-0.4664864,0.09355227,-0.24829207,0.53656626,-0.24784374,0.51751107
8,170,-0.45861328,0.10817626,-0.4586711,0.100601345,-0.24253635,0.5559902,-0.24257532,0.53605884
8,171,-0.44979602,0.11526808,-0.45058578,0.107387245,-0.23659249,0.57465047,-0.23712488,0.5539141
8,172,-0.4407129,0.12206362,-0.4422408,0.11390591,-0.2304694,0.5925311,-0.23149939,0.57106626
8,173,-0.43137738,0.12855737,-0.43364665,0.120153524,-0.22417618,0.60961765,-0.22570594,0.58750516
8,174,-0.42180315,0.13474427,-0.42481402,0.12612657,-0.21772203,0.6258968,-0.21975172,0.60322165
8,175,-0.41200384,0.14061978,-0.41575363,0.13182181,-0.21111616,0.64135665,-0.21364395,0.61820716
8,176,-0.4019933,0.14617984,-0.4064764,0.13723627,-0.20436789,0.6559864,-0.20739003,0.6324538
8,177,-0.39178547,0.1514209,-0.3969934,0.14236727,-0.19748662,0.66977686,-0.20099737,0.64595467
8,178,-0.38139418,0.15633993,-0.38731566,0.14721245,-0.19048168,0.68271995,-0.19447345,0.65870345
8,179,-0.3708333,0.16093442,-0.37745443,0.15176965,-0.18336242,0.69480914,-0.18782583,0.6706945
8,180,-0.36011663,0.16520242,-0.36742097,0.15603712,-0.17613813,0.70603925,-0.18106212,0.6819232
8,181,-0.34925786,0.1691424,-0.3572266,0.1600133,-0.16881806,0.7164062,-0.17418993,0.69238544
8,182,-0.33827063,0.17275342,-0.34688276,0.16369697,-0.16141139,0.7259077,-0.16721697,0.7020781
8,183,-0.32716835,0.17603505,-0.33640087,0.1670872,-0.15392715,0.7345424,-0.16015095,0.71099854
8,184,-0.31596434,0.17898731,-0.32579237,0.17018332,-0.14637434,0.74231046,-0.15299958,0.7191451
8,185,-0.3046717,0.1816107,-0.31506878,0.17298499,-0.1387618,0.7492133,-0.14577064,0.726517
8,186,-0.29330337,0.18390627,-0.30424157,0.17549214,-0.13109821,0.7552534,-0.13847184,0.7331139
8,187,-0.2818721,0.18587539,-0.29332224,0.17770502,-0.1233922,0.7604346,-0.13111094,0.7389365
8,188,-0.2703904,0.18751994,-0.2823223,0.17962411,-0.115652196,0.7647618,-0.12369569,0.74398607
8,189,-0.25887054,0.18884224,-0.27125314,0.18125026,-0.10788648,0.7682411,-0.11623379,0.7482648
8,190,-0.24732469,0.18984494,-0.2601262,0.18258454,-0.10010323,0.77087945,-0.10873294,0.7517756
8,191,-0.23576473,0.19053116,-0.24895288,0.18362832,-0.092310466,0.77268505,-0.10120082,0.7545221
8,192,-0.22420225,0.19090426,-0.23774445,0.18438326,-0.08451601,0.77366674,-0.093645036,0.75650847
8,193,-0.21264872,0.19096802,-0.22651216,0.1848513,-0.076727584,0.77383447,-0.08607316,0.75773996
8,194,-0.20111537,0.19072646,-0.21526718,0.18503466,-0.06895277,0.7731989,-0.07849274,0.75822246
8,195,-0.18961318,0.19018406,-0.20402054,0.1849358,-0.06119895,0.7717717,-0.07091119,0.7579623
8,196,-0.17815293,0.18934539,-0.19278324,0.18455747,-0.05347341,0.769565,-0.06333594,0.7569669
8,197,-0.16674514,0.18821543,-0.18156609,0.18390268,-0.04578323,0.76659185,-0.055774275,0.75524396
8,198,-0.15540022,0.18679932,-0.17037986,0.1829747,-0.03813543,0.7628657,-0.048233453,0.75280225
8,199,-0.14412825,0.18510252,-0.15923512,0.18177702,-0.03053681,0.75840104,-0.0407206,0.74965084
8,200,-0.1356302,0.43409735,-0.14075074,0.5583826,-0.02480814,1.4135641,-0.028259974,1.7405874
8,201,-0.112513706,0.53756,-0.11504282,0.55252624,-0.009224927,1.6857983,-0.010929844,1.725178
8,202,-0.08569264,0.57996595,-0.08957489,0.54608834,0.008855598,1.7973782,0.006238508,1.7082384
8,203,-0.058256887,0.5890389,-0.0643694,0.53908086,0.027350489,1.8212513,0.023229942,1.6898
8,204,-0.031173196,0.58091253,-0.039448336,0.5315165,0.04560805,1.799869,0.040029645,1.6698965
8,205,-0.004698824,0.56479615,-0.014833185,0.5234084,0.06345486,1.757463,0.05662312,1.6485622
8,206,0.021106433,0.54579055,0.009455104,0.5147705,0.08085061,1.7074548,0.07299626,1.6258339
8,207,0.046229657,0.526538,0.03339613,0.5056171,0.0977866,1.6567969,0.0891353,1.6017492
8,208,0.070670456,0.5082362,0.056970052,0.49596298,0.114262536,1.6086407,0.10502686,1.576347
8,209,0.094437554,0.4912687,0.08015763,0.48582342,0.13028432,1.5639952,0.120657995,1.5496674
8,210,0.11754878,0.47559458,0.10294022,0.4752141,0.14586398,1.522753,0.13601612,1.5217518
8,211,0.14002933,0.46098173,0.1252998,0.46415105,0.16101849,1.4843031,0.15108907,1.4926423
8,212,0.1619078,0.44713986,0.14721896,0.45265073,0.17576712,1.447882,0.16586514,1.4623823
8,213,0.1832122,0.4337898,0.16868098,0.44072983,0.19012877,1.4127549,0.18033303,1.4310156
8,214,0.20396672,0.42069405,0.18966977,0.42840534,0.20411974,1.378297,0.19448192,1.3985871
8,215,0.22419001,0.407666,0.21016991,0.41569448,0.21775259,1.344017,0.20830142,1.3651419
8,216,0.24389403,0.394567,0.23016666,0.40261462,0.2310354,1.3095506,0.22178155,1.3307257
8,217,0.26308438,0.38129988,0.24964595,0.38918337,0.24397193,1.2746418,0.23491287,1.295385
8,218,0.28176114,0.36779982,0.2685944,0.3754185,0.25656223,1.23912,0.24768634,1.2591665
8,219,0.29991952,0.35402694,0.28699934,0.36133775,0.26880312,1.2028804,0.2600934,1.2221168
8,220,0.31755105,0.33995968,0.30484885,0.34695902,0.28068882,1.1658661,0.27212605,1.184283
8,221,0.33464468,0.32558948,0.32213154,0.33230022,0.29221192,1.1280547,0.2837766,1.1457123
8,222,0.35118747,0.3109172,0.33883694,0.31737927,0.30336368,1.0894486,0.29503798,1.1064517
8,223,0.3671657,0.29595026,0.35495508,0.3022141,0.31413487,1.0500672,0.3059035,1.0665487
8,224,0.38256505,0.28070086,0.37047684,0.28682256,0.32451582,1.0099424,0.31636697,1.02605
8,225,0.39737168,0.26518455,0.38539368,0.2712224,0.3344972,0.96911544,0.32642266,0.9850024
8,226,0.411572,0.24941942,0.39969787,0.2554314,0.3440699,0.9276337,0.33606535,0.94345266
8,227,0.42515373,0.23342533,0.41338223,0.23946714,0.35322553,0.8855495,0.34529018,0.90144694
8,228,0.43810543,0.21722355,0.42644036,0.22334705,0.3619565,0.84291893,0.35409287,0.8590312
8,229,0.45041725,0.20083627,0.43886656,0.20708847,0.3702561,0.79980016,0.36246958,0.81625116
8,230,0.4620807,0.18428637,0.4506557,0.19070855,0.37811863,0.75625354,0.37041682,0.7731518
8,231,0.47308895,0.16759698,0.4618034,0.17422426,0.38553947,0.7123399,0.3779317,0.7297778
8,232,0.48343685,0.15079142,0.47230595,0.15765238,0.39251515,0.66812056,0.3850116,0.6861733
8,233,0.49312064,0.1338928,0.48216018,0.14100948,0.39904317,0.6236564,0.39165455,0.642382
8,234,0.5021384,0.116923854,0.4913637,0.124311924,0.40512216,0.57900715,0.39785877,0.5984469
8,235,0.51048946,0.09990683,0.49991468,0.107575856,0.41075176,0.5342314,0.40362313,0.5544104
8,236,0.5181748,0.08286302,0.5078119,0.090817176,0.4159326,0.48938522,0.40894678,0.5103144
8,237,0.5251967,0.06581302,0.5150548,0.07405156,0.42066613,0.4445227,0.41382933,0.4662002
8,238,0.5315584,0.048776258,0.52164346,0.05729441,0.42495468,0.39969504,0.41827086,0.4221083
8,239,0.53726447,0.0317712,0.5275785,0.040560916,0.42880124,0.3549508,0.42227173,0.37807858
8,240,0.54232013,0.01481517,0.532861,0.023865987,0.43220934,0.31033555,0.42583278,0.33415034
8,241,0.5467316,-0.0020756386,0.5374929,0.0072242892,0.43518317,0.2658919,0.4289552,0.29036218
8,242,0.55050564,-0.018886264,0.5414765,-0.0093497755,0.43772733,0.22165924,0.43164062,0.24675196
8,243,0.5536493,-0.035602618,0.5448147,-0.025842065,0.43984652,0.17767465,0.43389097,0.20335694
8,244,0.5561702,-0.052211713,0.54751104,-0.0422387,0.4415459,0.13397229,0.4357086,0.16021359
8,245,0.55807614,-0.06870155,0.5495694,-0.05852607,0.4428307,0.0905837,0.4370962,0.117357746
8,246,0.55937505,-0.08506088,0.55099446,-0.07469082,0.44370633,0.04753851,0.43805683,0.07482454
8,247,0.56007487,-0.10127914,0.55179113,-0.090719864,0.4441781,0.0048645074,0.4385939,0.032648407
8,248,0.5601835,-0.11734645,0.551965,-0.10660038,0.44425133,-0.037412312,0.4387111,-0.009136913
8,249,0.55970895,-0.13325348,0.55152214,-0.122319825,0.44393143,-0.079267405,0.43841255,-0.05049841
8,250,0.5586588,-0.14899118,0.55046904,-0.1378659,0.44322348,-0.120676935,0.43770266,-0.09140374
8,251,0.5570407,-0.1645507,0.54881275,-0.15322657,0.4421327,-0.16161765,0.4365861,-0.13182122
8,252,0.554862,-0.17992356,0.54656065,-0.1683901,0.44066402,-0.2020672,0.43506792,-0.17171997
8,253,0.55213016,-0.19510128,0.5437208,-0.18334498,0.43882245,-0.24200328,0.43315354,-0.21106972
8,254,0.548852,-0.21007533,0.5403014,-0.19807997,0.4366126,-0.28140348,0.43084845,-0.24984092
8,255,0.5450347,-0.22483706,0.5363114,-0.21258415,0.43403926,-0.32024503,0.42815873,-0.2880048
8,256,0.54068494,-0.23937777,0.53175986,-0.22684681,0.431107,-0.35850498,0.4250905,-0.32553315
8,257,0.5358095,-0.25368837,0.52665657,-0.24085756,0.4278204,-0.3961595,0.42165026,-0.36239865
8,258,0.53041506,-0.2677597,0.5210115,-0.25460622,0.42418393,-0.43318444,0.4178448,-0.39857456
8,259,0.5245085,-0.2815822,0.514835,-0.26808295,0.4202022,-0.46955466,0.41368115,-0.43403497
8,260,0.5180963,-0.29514602,0.508138,-0.28127816,0.41587967,-0.5052442,0.4091666,-0.46875465
8,261,0.5111856,-0.30844098,0.50093156,-0.29418254,0.41122103,-0.54022634,0.40430862,-0.50270903
8,262,0.50378335,-0.3214567,0.49322724,-0.30678707,0.40623105,-0.5744737,0.399115,-0.5358745
8,263,0.4958966,-0.33418232,0.48503697,-0.31908303,0.4009145,-0.6079577,0.39359382,-0.568228
8,264,0.48753312,-0.34660697,0.47637293,-0.33106196,0.39527652,-0.64064986,0.38775325,-0.59974736
8,265,0.4787005,-0.3587194,0.4672476,-0.34271574,0.3893223,-0.6725205,0.38160172,-0.63041115
8,266,0.469407,-0.3705083,0.4576739,-0.35403654,0.38305742,-0.70353985,0.3751479,-0.6601988
8,267,0.45966086,-0.3819623,0.44766495,-0.36501682,0.37648737,-0.7336779,0.36840072,-0.68909043
8,268,0.44947132,-0.3930699,0.43723416,-0.37564936,0.36961845,-0.7629046,0.36136916,-0.7170671
8,269,0.43884748,-0.40381986,0.42639527,-0.3859273,0.3624567,-0.79119027,0.3540625,-0.74411076
8,270,0.42779922,-0.41420093,0.4151622,-0.39584404,0.3550089,-0.8185052,0.3464901,-0.770204
8,271,0.41633675,-0.4242021,0.40354925,-0.40539342,0.34728187,-0.8448207,0.3386616,-0.79533064
8,272,0.40447092,-0.43381286,0.39157084,-0.4145695,0.3392829,-0.8701088,0.33058676,-0.81947505
8,273,0.39221278,-0.443023,0.37924162,-0.42336673,0.33101952,-0.8943428,0.32227543,-0.8426226
8,274,0.37957415,-0.45182285,0.3665765,-0.43177995,0.3224996,-0.9174972,0.31373766,-0.86475974
8,275,0.36656716,-0.46020335,0.35359058,-0.43980438,0.31373137,-0.93954825,0.30498365,-0.88587385
8,276,0.35320452,-0.46815604,0.3402991,-0.44743547,0.3047234,-0.96047366,0.29602364,-0.90595305
8,277,0.33949926,-0.47567326,0.3267175,-0.4546692,0.29548445,-0.9802532,0.28686807,-0.92498666
8,278,0.32546487,-0.48274815,0.31286138,-0.46150187,0.28602365,-0.9988689,0.27752742,-0.942965
8,279,0.31111538,-0.48937458,0.29874644,-0.46793014,0.27635044,-1.0163045,0.26801232,-0.9598792
8,280,0.29646507,-0.49554747,0.2843885,-0.47395107,0.2664744,-1.0325469,0.2583334,-0.9757217
8,281,0.28152877,-0.5012626,0.26980358,-0.4795622,0.2564056,-1.0475847,0.24850146,-0.9904859
8,282,0.2663215,-0.50651664,0.25500765,-0.48476136,0.24615413,-1.0614092,0.23852728,-1.0041661
8,283,0.25085887,-0.5113073,0.2400169,-0.48954684,0.23573051,-1.0740147,0.22842175,-1.0167578
8,284,0.23515658,-0.51563305,0.22484742,-0.49391735,0.22514534,-1.0853966,0.21819577,-1.0282576
8,285,0.2192309,-0.5194935,0.20951547,-0.497872,0.21440957,-1.0955545,0.20786023,-1.0386633
8,286,0.2030984,-0.5228891,0.19403729,-0.5014103,0.2035344,-1.104489,0.19742616,-1.0479733
8,287,0.18677597,-0.525821,0.17842913,-0.5045322,0.19253117,-1.1122035,0.18690443,-1.0561877
8,288,0.17028078,-0.52829146,0.16270722,-0.5072381,0.1814115,-1.1187038,0.17630602,-1.0633075
8,289,0.15363051,-0.5303035,0.14688781,-0.50952876,0.17018726,-1.1239979,0.1656419,-1.0693349
8,290,0.13684312,-0.53186077,0.13098708,-0.51140535,0.15887062,-1.1280955,0.15492296,-1.0742726
8,291,0.11993687,-0.53296775,0.115021154,-0.5128696,0.14747384,-1.1310083,0.14416008,-1.0781254
8,292,0.10293046,-0.53362966,0.09900609,-0.5139235,0.13600953,-1.1327499,0.13336405,-1.0808985
8,293,0.08584289,-0.5338521,0.08295785,-0.5145695,0.12449053,-1.1333352,0.122545674,-1.0825983
8,294,0.06869353,-0.53364164,0.06689231,-0.51481056,0.11292986,-1.1327814,0.11171563,-1.0832325
8,295,0.051502,-0.53300494,0.05082522,-0.51464987,0.10134077,-1.1311061,0.10088454,-1.0828097
8,296,0.03428827,-0.5319495,0.03477218,-0.5140912,0.08973671,-1.128329,0.09006292,-1.0813397
8,297,0.01707251,-0.5304831,0.018748647,-0.5131386,0.07813127,-1.1244707,0.079261184,-1.0788332
8,298,-0.0001248531,-0.528614,0.0027699112,-0.51179653,0.06653825,-1.1195525,0.06848966,-1.0753019
8,299,-0.017283306,-0.5263507,-0.013148919,-0.5100699,0.054971457,-1.1135973,0.057758518,-1.0707587
8,300,-0.03438217,-0.523702,-0.028992932,-0.50796396,0.04344483,-1.1066281,0.0470778,-1.0652175
8,301,-0.05140079,-0.52067727,-0.04474743,-0.5054842,0.031972297,-1.0986692,0.036457434,-1.0586927
8,302,-0.06831861,-0.51728576,-0.060397945,-0.50263673,0.020567713,-1.0897453,0.025907166,-1.0512004
8,303,-0.08511515,-0.51353717,-0.07593024,-0.49942777,0.009244892,-1.0798819,0.015436592,-1.0427568
8,304,-0.10177018,-0.5094411,-0.091330335,-0.495864,-0.0019825369,-1.0691042,0.0050551333,-1.0333797
8,305,-0.11826384,-0.50500745,-0.10658451,-0.49195236,-0.013101188,-1.0574383,-0.005227959,-1.0230873
8,306,-0.13457665,-0.50024617,-0.12167934,-0.48770016,-0.02409792,-1.0449102,-0.015403634,-1.0118988
8,307,-0.15068966,-0.49516732,-0.13660167,-0.48311496,-0.03495997,-1.0315466,-0.02546302,-0.999834
8,308,-0.1665845,-0.48978084,-0.15133867,-0.4782046,-0.045674942,-1.0173736,-0.035397474,-0.98691374
8,309,-0.18224354,-0.48409677,-0.16587777,-0.47297728,-0.056230955,-1.0024174,-0.045198523,-0.97315943
8,310,-0.1976498,-0.47812515,-0.1802068,-0.46744132,-0.06661657,-0.9867047,-0.054857958,-0.9585931
8,311,-0.2127872,-0.47187585,-0.19431388,-0.46160543,-0.07682093,-0.97026134,-0.06436777,-0.9432375
8,312,-0.22764046,-0.46535856,-0.20818745,-0.45547843,-0.08683377,-0.95311284,-0.07372017,-0.9271159
8,313,-0.24219535,-0.45858318,-0.22181633,-0.44906944,-0.09664546,-0.9352852,-0.082907625,-0.9102524
8,314,-0.2564384,-0.45155916,-0.2351897,-0.44238773,-0.10624693,-0.9168034,-0.091922835,-0.8926712
8,315,-0.27035725,-0.4442961,-0.24829711,-0.43544278,-0.11562986,-0.8976926,-0.10075875,-0.87439746
8,316,-0.28394043,-0.4368031,-0.26112846,-0.4282442,-0.1247865,-0.8779768,-0.10940857,-0.85545635
8,317,-0.2971775,-0.4290894,-0.273674,-0.42080185,-0.13370983,-0.85768026,-0.11786574,-0.8358738
8,318,-0.31005892,-0.42116398,-0.2859245,-0.41312566,-0.14239341,-0.8368266,-0.126124,-0.815676
8,319,-0.32257602,-0.41303563,-0.29787093,-0.40522566,-0.15083139,-0.8154391,-0.13417728,-0.7948893
8,320,-0.33472124,-0.40471298,-0.30950484,-0.39711207,-0.15901868,-0.79354024,-0.1420199,-0.7735405
8,321,-0.34648755,-0.39620465,-0.32081804,-0.38879517,-0.16695055,-0.77115285,-0.14964631,-0.7516568
8,322,-0.35786906,-0.387519,-0.33180282,-0.38028532,-0.17462301,-0.7482989,-0.15705132,-0.72926545
8,323,-0.36886027,-0.37866428,-0.34245184,-0.37159297,-0.18203238,-0.7250001,-0.16423,-0.70639384
8,324,-0.37945673,-0.36964875,-0.35275817,-0.36272857,-0.18917562,-0.70127815,-0.17117767,-0.6830695
8,325,-0.3896544,-0.3604804,-0.36271533,-0.35370272,-0.19605003,-0.67715406,-0.17788996,-0.6593205
8,326,-0.3994498,-0.35116732,-0.37231722,-0.34452596,-0.20265327,-0.6526492,-0.18436275,-0.6351743
8,327,-0.40884018,-0.34171754,-0.38155815,-0.3352089,-0.20898348,-0.62778467,-0.19059221,-0.6106589
8,328,-0.41782305,-0.3321389,-0.39043283,-0.32576212,-0.21503899,-0.602581,-0.19657479,-0.58580226
8,329,-0.42639643,-0.32243952,-0.39893645,-0.3161962,-0.22081845,-0.5770597,-0.20230721,-0.5606321
8,330,-0.43455863,-0.31262732,-0.40706453,-0.30652177,-0.22632071,-0.5512415,-0.20778649,-0.53517646
8,331,-0.4423084,-0.30271035,-0.41481304,-0.29674932,-0.23154496,-0.5251477,-0.2130099,-0.50946283
8,332,-0.44964465,-0.2926967,-0.42217836,-0.28688943,-0.23649046,-0.4987995,-0.21797496,-0.4835192
8,333,-0.45656654,-0.2825945,-0.4291573,-0.27695253,-0.24115661,-0.47221825,-0.22267959,-0.4573729
8,334,-0.4630735,-0.27241203,-0.43574703,-0.266949,-0.24554305,-0.4454258,-0.22712183,-0.43105128
8,335,-0.46916503,-0.26215768,-0.4419452,-0.25688925,-0.24964945,-0.41844422,-0.23130012,-0.40458176
8,336,-0.47484094,-0.2518398,-0.44774976,-0.2467835,-0.2534757,-0.39129546,-0.23521307,-0.37799117
8,337,-0.48010102,-0.24146706,-0.45315915,-0.23664194,-0.25702158,-0.3640024,-0.23885964,-0.3513064
8,338,-0.48494533,-0.23104814,-0.45817214,-0.22647469,-0.26028723,-0.3365878,-0.24223897,-0.324554
8,339,-0.4893739,-0.22059187,-0.46278796,-0.21629173,-0.26327258,-0.30907494,-0.24535057,-0.29776025
8,340,-0.49338698,-0.21010724,-0.46700615,-0.20610294,-0.2659779,-0.28148744,-0.24819411,-0.2709512
8,341,-0.49698502,-0.19960335,-0.47082672,-0.1959181,-0.26840338,-0.25384927,-0.25076962,-0.24415253
8,342,-0.50016844,-0.18908939,-0.47424996,-0.18574686,-0.27054936,-0.2261846,-0.2530773,-0.21738964
8,343,-0.50293785,-0.17857464,-0.47727662,-0.17559876,-0.27241626,-0.19851786,-0.25511762,-0.19068763
8,344,-0.5052942,-0.16806859,-0.4799078,-0.16548319,-0.27400473,-0.17087401,-0.25689134,-0.16407123
8,345,-0.5072383,-0.15758078,-0.48214492,-0.15540941,-0.27531528,-0.14327815,-0.25839943,-0.13756478
8,346,-0.50877136,-0.14712077,-0.4839898,-0.14538652,-0.27634874,-0.11575545,-0.25964308,-0.11119223
8,347,-0.5098947,-0.13669823,-0.4854446,-0.1354235,-0.27710602,-0.08833133,-0.26062378,-0.08497721
8,348,-0.51061016,-0.12632297,-0.48651183,-0.12552916,-0.2775883,-0.061031613,-0.2613432,-0.058942903
8,349,-0.51091945,-0.116004735,-0.48719436,-0.11571213,-0.2777968,-0.033881947,-0.26180333,-0.033112034
8,350,-0.51082486,-0.10575329,-0.48749533,-0.105980925,-0.27773303,-0.006908014,-0.26200622,-0.007506981
8,351,-0.5103288,-0.09557848,-0.4874183,-0.09634385,-0.27739865,0.019864272,-0.26195428,0.017850392
8,352,-0.50943416,-0.08549012,-0.48696706,-0.08680906,-0.27679554,0.04640907,-0.2616501,0.04293864
8,353,-0.5081442,-0.075497925,-0.4861458,-0.07738454,-0.27592596,0.07270086,-0.26109648,0.06773674
8,354,-0.50646245,-0.065611646,-0.48495895,-0.068078056,-0.27479225,0.09871395,-0.2602964,0.092224255
8,355,-0.504393,-0.055840965,-0.48341128,-0.058897242,-0.2733972,0.12442288,-0.25925308,0.1163811
8,356,-0.50194013,-0.046195414,-0.48150784,-0.049849503,-0.27174369,0.14980255,-0.25796995,0.1401878
8,357,-0.4991089,-0.036684465,-0.47925395,-0.040942073,-0.2698351,0.17482805,-0.25645056,0.16362531
8,358,-0.49590454,-0.027317498,-0.47665524,-0.032181986,-0.267675,0.19947472,-0.25469872,0.18667513
8,359,-0.4923328,-0.0181037,-0.47371757,-0.023576075,-0.26526722,0.22371836,-0.2527184,0.20931928
8,360,-0.48839995,-0.009052079,-0.47044715,-0.015130974,-0.26261604,0.24753527,-0.25051376,0.23154029
8,361,-0.48411274,-0.0001715459,-0.4668503,-0.006853113,-0.25972596,0.270902,-0.24808906,0.25332126
8,362,-0.4794784,0.008529179,-0.46293375,0.0012512908,-0.25660187,0.29379565,-0.24544884,0.27464584
8,363,-0.47450444,0.01704169,-0.45870432,0.009176228,-0.25324884,0.31619403,-0.24259773,0.29549816
8,364,-0.46919903,0.025357686,-0.45416915,0.016915908,-0.24967238,0.33807534,-0.23954049,0.31586307
8,365,-0.46357074,0.033469174,-0.4493356,0.024464753,-0.24587826,0.35941854,-0.23628211,0.33572584
8,366,-0.45762846,0.041368436,-0.44421124,0.031817406,-0.24187246,0.38020337,-0.2328277,0.35507238
8,367,-0.4513815,0.049048003,-0.4388038,0.038968742,-0.23766129,0.4004101,-0.22918245,0.37388918
8,368,-0.44483963,0.056500707,-0.4331212,0.045913856,-0.2332513,0.42001984,-0.22535172,0.3921634
8,369,-0.43801287,0.06371975,-0.42717162,0.05264807,-0.22864927,0.43901482,-0.22134101,0.40988266
8,370,-0.43091175,0.070698574,-0.4209634,0.059166946,-0.22386229,0.45737773,-0.21715595,0.42703533
8,371,-0.42354676,0.07743101,-0.414505,0.06546627,-0.21889743,0.47509232,-0.21280223,0.44361034
8,372,-0.41592905,0.083911315,-0.4078051,0.07154207,-0.21376221,0.4921435,-0.2082857,0.45959717
8,373,-0.40806967,0.09013402,-0.4008724,0.07739061,-0.20846407,0.50851685,-0.20361228,0.47498605
8,374,-0.3999801,0.09609412,-0.39371598,0.08300841,-0.20301075,0.5241993,-0.198788,0.48976776
8,375,-0.3916718,0.10178694,-0.38634482,0.088392206,-0.19741,0.53917843,-0.19381899,0.5039338
8,376,-0.38315657,0.1072083,-0.37876815,0.093539,-0.19166973,0.55344325,-0.18871143,0.5174762
8,377,-0.37444615,0.11235437,-0.37099525,0.09844604,-0.1857979,0.56698376,-0.18347159,0.53038776
8,378,-0.36555243,0.1172218,-0.36303553,0.10311081,-0.17980249,0.5797911,-0.17810582,0.54266185
8,379,-0.3564873,0.121807635,-0.3548985,0.107531056,-0.17369154,0.5918575,-0.17262052,0.5542925
8,380,-0.34726274,0.12610942,-0.34659374,0.11170477,-0.16747312,0.60317653,-0.16702212,0.56527454
8,381,-0.33789065,0.13012505,-0.33813092,0.11563018,-0.16115524,0.61374253,-0.1613172,0.5756032
8,382,-0.32838297,0.13385284,-0.32951975,0.1193058,-0.15474595,0.62355125,-0.15551227,0.5852746
8,383,-0.31875154,0.13729167,-0.32077,0.12273035,-0.14825325,0.6325996,-0.14961392,0.59428537
8,384,-0.30900815,0.14044076,-0.31189153,0.12590285,-0.14168507,0.6408856,-0.14362879,0.60263294
8,385,-0.29916444,0.14329974,-0.30289412,0.12882255,-0.13504927,0.64840823,-0.1375635,0.6103154
8,386,-0.28923208,0.14586869,-0.29378772,0.13148893,-0.12835369,0.6551677,-0.13142473,0.61733127
8,387,-0.27922243,0.1481481,-0.28458217,0.13390177,-0.12160602,0.66116536,-0.1252191,0.62368
8,388,-0.26914692,0.15013881,-0.2752874,0.13606107,-0.11481395,0.66640335,-0.11895335,0.6293616
8,389,-0.25901666,0.15184209,-0.26591328,0.13796708,-0.10798498,0.67088515,-0.1126341,0.63437676
8,390,-0.24884275,0.15325956,-0.2564697,0.1396203,-0.101126574,0.6746148,-0.106268026,0.6387268
8,391,-0.23863603,0.15439317,-0.24696653,0.14102148,-0.09424606,0.6775976,-0.099861786,0.64241356
8,392,-0.2284072,0.15524526,-0.23741356,0.14217159,-0.087350644,0.6798396,-0.09342197,0.6454398
8,393,-0.21816686,0.15581852,-0.22782058,0.14307189,-0.08044746,0.681348,-0.08695518,0.64780873
8,394,-0.20792535,0.15611589,-0.21819732,0.14372385,-0.07354348,0.6821305,-0.080467984,0.64952415
8,395,-0.19769283,0.15614063,-0.20855342,0.14412916,-0.06664557,0.68219554,-0.073966876,0.6505906
8,396,-0.18747933,0.1558963,-0.19889848,0.14428978,-0.05976049,0.6815527,-0.067458324,0.65101326
8,397,-0.17729466,0.15538672,-0.18924202,0.14420785,-0.05289483,0.68021184,-0.060948744,0.65079767
8,398,-0.16714847,0.15461597,-0.17959344,0.14388578,-0.04605512,0.67818385,-0.05444448,0.6499502
8,399,-0.15705019,0.15358837,-0.1699621,0.14332618,-0.039247707,0.67547995,-0.04795183,0.6484778
8,400,-0.14700909,0.15230848,-0.16035718,0.14253187,-0.03247883,0.6721123,-0.041477,0.6463878
8,401,-0.1370342,0.15078105,-0.15078779,0.14150591,-0.025754591,0.66809326,-0.035026114,0.64368826
8,402,-0.1271344,0.14901112,-0.14126292,0.14025155,-0.019080976,0.6634362,-0.028605245,0.6403877
8,403,-0.11731838,0.1470038,-0.13179141,0.1387722,-0.012463834,0.6581545,-0.022220347,0.63649523
8,404,-0.10759458,0.14476447,-0.12238197,0.13707153,-0.0059088627,0.6522623,-0.015877286,0.63202035
8,405,-0.09797129,0.14229864,-0.113043174,0.13515338,0.0005783555,0.6457741,-0.00958185,0.6269733
8,406,-0.08845657,0.13961199,-0.10378342,0.13302176,0.0069923843,0.6387049,-0.0033396976,0.6213645
8,407,-0.07905829,0.13671035,-0.09461097,0.13068084,0.013327921,0.63107,0.0028436051,0.615205
8,408,-0.06978409,0.1335997,-0.0855339,0.12813503,0.019579811,0.62288517,0.008962603,0.6085063
8,409,-0.06064138,0.13028613,-0.076560125,0.12538883,0.025743064,0.6141664,0.015011975,0.60128045
8,410,-0.051637396,0.12677588,-0.067697376,0.12244695,0.0318128,0.6049301,0.0209865,0.59353966
8,411,-0.042779133,0.12307522,-0.058953196,0.11931421,0.037784297,0.59519285,0.026881095,0.58529675
8,412,-0.034073364,0.11919065,-0.050334934,0.115995616,0.043653,0.5849716,0.03269081,0.5765647
8,413,-0.02552662,0.11512862,-0.04184975,0.11249629,0.049414504,0.5742835,0.03841081,0.5673572
8,414,-0.017145228,0.11089578,-0.033504594,0.108821474,0.055064537,0.5631459,0.04403642,0.5576879
8,415,-0.008935243,0.10649876,-0.025306212,0.10497656,0.060599025,0.5515763,0.04956308,0.547571
8,416,-0.0009025149,0.10194434,-0.017261136,0.10096703,0.066014014,0.53959256,0.0549864,0.53702104
8,417,0.0069473796,0.0972393,-0.009375682,0.096798494,0.07130576,0.52721256,0.060302116,0.52605265
8,418,0.014609102,0.09239047,-0.001655946,0.09247666,0.07647065,0.5144541,0.065506116,0.5146809
8,419,0.022077527,0.0874047,0.005892188,0.08800733,0.08150524,0.50133544,0.07059444,0.5029211
8,420,0.029347863,0.08228889,0.0132630905,0.08339638,0.0864063,0.48787454,0.07556328,0.49078858
8,421,0.03641549,0.07704999,0.020451352,0.07864978,0.0911707,0.47408977,0.08040901,0.47829917
8,422,0.043276113,0.0716949,0.027451793,0.07377356,0.095795564,0.4599993,0.08512812,0.46546873
8,423,0.049925637,0.066230565,0.034259472,0.06877383,0.10027812,0.44562137,0.08971729,0.45231327
8,424,0.056360256,0.060663845,0.040869694,0.06365673,0.1046158,0.43097404,0.09417336,0.438849
8,425,0.06257644,0.055001702,0.04727799,0.05842849,0.10880623,0.41607565,0.098493285,0.42509228
8,426,0.06857088,0.04925098,0.053480152,0.05309535,0.11284718,0.40094414,0.10267427,0.41105956
8,427,0.07434054,0.043418545,0.059472203,0.047663596,0.1167366,0.38559765,0.10671361,0.39676738
8,428,0.07988268,0.037511174,0.06525042,0.04213955,0.12047265,0.37005398,0.110608794,0.3822323
8,429,0.08519478,0.031535614,0.070811324,0.03652955,0.12405363,0.3543309,0.114357494,0.3674711
8,430,0.09027457,0.025498603,0.076151684,0.030839946,0.12747799,0.3384461,0.117957525,0.35250047
8,431,0.09512006,0.01940677,0.08126851,0.025077108,0.13074441,0.3224171,0.12140685,0.33733708
8,432,0.09972946,0.013266664,0.08615908,0.019247402,0.13385169,0.30626106,0.124703676,0.32199776
8,433,0.104101315,0.0070848204,0.09082089,0.013357186,0.13679883,0.2899952,0.12784629,0.30649924
8,434,0.108234316,0.00086763874,0.09525173,0.007412812,0.13958496,0.27363634,0.13083318,0.29085824
8,435,0.11212745,-0.005378511,0.09944959,0.0014206169,0.14220938,0.25720128,0.13366303,0.27509138
8,436,0.11577992,-0.011647407,0.103412725,-0.004613088,0.14467157,0.24070635,0.13633464,0.2592153
8,437,0.119191185,-0.017932836,0.10713965,-0.0106820185,0.14697117,0.22416794,0.13884702,0.24324654
8,438,0.12236084,-0.024228748,0.1106291,-0.016779924,0.14910787,0.20760193,0.14119932,0.22720154
8,439,0.12528886,-0.030529175,0.11388007,-0.022900596,0.1510817,0.19102405,0.14339085,0.21109663
8,440,0.12797523,-0.036828164,0.116891794,-0.029037867,0.15289262,0.17444995,0.1454211,0.19494803
8,441,0.13042031,-0.04312,0.11966374,-0.03518562,0.1545409,0.15789469,0.14728971,0.17877188
8,442,0.1326246,-0.049398948,0.12219562,-0.041337803,0.15602684,0.14137332,0.1489965,0.16258405
8,443,0.1345888,-0.055659454,0.12448738,-0.047488406,0.15735094,0.124900475,0.15054141,0.14640039
8,444,0.13631378,-0.06189603,0.12653919,-0.053631507,0.15851378,0.1084906,0.15192457,0.13023648
8,445,0.13780068,-0.06810328,0.12835146,-0.059761234,0.15951613,0.09215788,0.15314625,0.11410774
8,446,0.13905069,-0.074275926,0.12992485,-0.065871805,0.16035879,0.07591622,0.1542069,0.09802941
8,447,0.1400653,-0.08040877,0.13126017,-0.071957506,0.16104275,0.059779298,0.15510707,0.08201652
8,448,0.14084612,-0.0864968,0.13235855,-0.078012705,0.1615691,0.04376027,0.1558475,0.06608389
8,449,0.1413949,-0.092535034,0.13322125,-0.08403189,0.16193905,0.027872276,0.15642907,0.050246026
8,450,0.14171357,-0.098518565,0.13384981,-0.09000959,0.16215387,0.012128218,0.15685278,0.034517296
8,451,0.1418043,-0.10444267,0.13424593,-0.095940456,0.16221502,-0.003459477,0.15711981,0.018911822
8,452,0.14166935,-0.11030272,0.13441157,-0.10181924,0.16212407,-0.018878615,0.15723148,0.003443379
8,453,0.14131106,-0.1160941,0.13434884,-0.10764079,0.16188253,-0.03411708,0.15718919,-0.011874463
8,454,0.14073204,-0.1218124,0.13406008,-0.113400064,0.1614922,-0.049163267,0.15699454,-0.027028456
8,455,0.13993496,-0.12745328,0.13354781,-0.11909213,0.16095488,-0.064005725,0.1566492,-0.042005595
8,456,0.1389227,-0.13301247,0.13281478,-0.12471217,0.16027251,-0.07863325,0.15615505,-0.056793224
8,457,0.13769822,-0.13848588,0.13186385,-0.13025548,0.15944706,-0.09303504,0.15551402,-0.07137895
8,458,0.13626468,-0.14386946,0.13069813,-0.13571747,0.15848069,-0.107200496,0.15472817,-0.085750714
8,459,0.13462526,-0.14915927,0.12932087,-0.14109367,0.15737553,-0.12111921,0.15379976,-0.09989675
8,460,0.1327834,-0.15435153,0.12773551,-0.14637978,0.15613389,-0.13478126,0.15273103,-0.11380574
8,461,0.1307426,-0.15944251,0.12594566,-0.15157156,0.15475816,-0.1481768,0.15152445,-0.1274665
8,462,0.12850648,-0.16442859,0.123955056,-0.15666494,0.15325075,-0.16129634,0.15018256,-0.14086837
8,463,0.12607883,-0.16930634,0.12176763,-0.16165596,0.15161423,-0.17413081,0.14870799,-0.15400091
8,464,0.12346348,-0.17407238,0.11938746,-0.16654085,0.14985119,-0.18667139,0.14710347,-0.16685417
8,465,0.12066451,-0.17872347,0.116818756,-0.17131588,0.14796436,-0.19890948,0.14537187,-0.17941839
8,466,0.11768597,-0.18325643,0.11406587,-0.17597756,0.14595647,-0.21083675,0.14351611,-0.19168434
8,467,0.11453217,-0.18766825,0.11113329,-0.18052249,0.14383045,-0.22244526,0.1415392,-0.2036431
8,468,0.111207396,-0.19195607,0.108025655,-0.1849474,0.14158915,-0.23372751,0.13944429,-0.21528608
8,469,0.10771619,-0.19611712,0.10474769,-0.1892492,0.13923568,-0.24467619,0.13723455,-0.22660512
8,470,0.104063004,-0.2001487,0.10130427,-0.19342494,0.136773,-0.25528422,0.1349133,-0.23759244
8,471,0.10025266,-0.20404837,0.09770037,-0.19747178,0.13420439,-0.26554513,0.13248385,-0.24824063
8,472,0.09628989,-0.20781371,0.09394108,-0.20138709,0.13153301,-0.27545264,0.12994964,-0.25854272
8,473,0.09217955,-0.21144247,0.090031564,-0.20516834,0.12876217,-0.28500074,0.12731418,-0.26849204
8,474,0.0879267,-0.21493259,0.08597712,-0.20881318,0.12589526,-0.29418406,0.12458102,-0.27808246
8,475,0.0835364,-0.21828201,0.08178311,-0.21231939,0.12293568,-0.30299717,0.12175375,-0.28730813
8,476,0.07901381,-0.22148901,0.077454984,-0.21568494,0.11988693,-0.31143552,0.1188361,-0.29616365
8,477,0.07436429,-0.22455183,0.07299828,-0.21890791,0.11675261,-0.31949452,0.115831755,-0.30464405
8,478,0.06959316,-0.22746891,0.06841858,-0.22198656,0.11353631,-0.32717,0.11274451,-0.3127447
8,479,0.06470586,-0.23023891,0.06372156,-0.2249193,0.11024171,-0.33445856,0.10957817,-0.32046142
8,480,0.05970795,-0.23286057,0.05891294,-0.22770472,0.106872536,-0.34135672,0.1063366,-0.3277905
8,481,0.05460507,-0.23533276,0.053998493,-0.23034151,0.103432596,-0.34786162,0.103023686,-0.3347285
8,482,0.049402874,-0.23765463,0.048984047,-0.23282856,0.09992571,-0.353971,0.09964337,-0.3412725
8,483,0.044107173,-0.23982525,0.043875463,-0.2351649,0.09635579,-0.3596824,0.09619959,-0.34741995
8,484,0.03872375,-0.24184406,0.038678642,-0.2373497,0.09272674,-0.36499438,0.09269633,-0.3531687
8,485,0.03325851,-0.24371055,0.033399507,-0.23938234,0.08904253,-0.36990553,0.08913758,-0.35851702
8,486,0.027717393,-0.24542442,0.028044015,-0.2412623,0.08530717,-0.37441513,0.08552735,-0.36346364
8,487,0.022106405,-0.2469854,0.022618128,-0.24298921,0.08152471,-0.37852246,0.08186967,-0.36800754
8,488,0.016431566,-0.24839357,0.017127827,-0.2445629,0.07769921,-0.38222763,0.07816857,-0.37214825
8,489,0.010698963,-0.24964899,0.011579093,-0.24598329,0.07383476,-0.38553095,0.074428074,-0.37588564
8,490,0.004914712,-0.2507519,0.0059779063,-0.24725051,0.06993551,-0.388433,0.070652224,-0.37922
8,491,-0.0009150915,-0.2517028,0.00033024276,-0.2483648,0.066005535,-0.39093497,0.06684504,-0.38215196
8,492,-0.006784249,-0.2525022,-0.005357936,-0.24932659,0.062049042,-0.39303842,0.06301054,-0.38468263
8,493,-0.0126866065,-0.25315082,-0.011080687,-0.25013638,0.058070164,-0.39474508,0.059152745,-0.38681337
8,494,-0.018616013,-0.25364953,-0.01683209,-0.2507949,0.054073058,-0.3960573,0.05527563,-0.38854608
8,495,-0.02456631,-0.25399935,-0.02260626,-0.25130293,0.05006186,-0.39697778,0.051383168,-0.38988286
8,496,-0.030531295,-0.25420135,-0.028397335,-0.25166148,0.04604077,-0.39750928,0.047479305,-0.39082628
8,497,-0.036504857,-0.2542569,-0.03419951,-0.25187165,0.04201389,-0.39765546,0.043567963,-0.39137927
8,498,-0.0424809,-0.25416735,-0.04000701,-0.2519347,0.03798534,-0.3974198,0.039653033,-0.3915452
8,499,-0.048453305,-0.25393426,-0.04581412,-0.251852,0.033959243,-0.3968065,0.035738364,-0.3913276
8,500,-0.053113043,0.3347615,-0.033136196,0.69354784,0.03081804,1.1521885,0.04428476,2.0962386
8,501,-0.03040072,0.57173574,-0.0022322112,0.6835911,0.04612879,1.7757226,0.06511764,2.07004
8,502,5.793199e-05,0.67788076,0.02827006,0.67296726,0.06666147,2.0550148,0.085679725,2.0420861
8,503,0.032414343,0.7136035,0.058344934,0.6616944,0.08847346,2.1490097,0.1059537,2.0124247
8,504,0.06480253,0.7112133,0.08796744,0.6497914,0.110306874,2.1427205,0.12592272,1.9811052
8,505,0.09653957,0.6894372,0.11711337,0.63727784,0.13170134,2.0854225,0.14557047,1.9481791
8,506,0.1273102,0.6594108,0.14575927,0.6241738,0.15244432,2.006416,0.16488114,1.9136994
8,507,0.15698573,0.6275706,0.1738825,0.6104999,0.17244908,1.9226372,0.18383947,1.8777202
8,508,0.18554659,0.5972609,0.20146123,0.5962773,0.19170243,1.8428853,0.20243075,1.8402972
8,509,0.21302788,0.5698406,0.22847445,0.5815275,0.21022801,1.7707361,0.22064081,1.801487
8,510,0.23948734,0.5455083,0.25490203,0.5662724,0.22806476,1.7067122,0.23845609,1.7613473
8,511,0.26499024,0.52388,0.28072467,0.55053425,0.2452567,1.6498032,0.25586355,1.7199366
8,512,0.28960243,0.5043539,0.30592394,0.53433543,0.26184818,1.5984254,0.27285078,1.6773138
8,513,0.31338593,0.48631287,0.3304823,0.5176987,0.27788103,1.5509553,0.28940597,1.6335387
8,514,0.33639562,0.46921957,0.35438314,0.5006467,0.29339224,1.5059788,0.30551794,1.588671
8,515,0.35867658,0.45264715,0.37761062,0.48320237,0.30841222,1.462373,0.32117596,1.5427707
8,516,0.38026258,0.43627816,0.40014997,0.46538863,0.32296368,1.4193023,0.3363701,1.4958986
8,517,0.40117577,0.41988835,0.42198712,0.4472283,0.3370616,1.3761768,0.35109088,1.4481148
8,518,0.4214274,0.40332717,0.44310907,0.42874426,0.35071358,1.3326007,0.36532953,1.3994789
8,519,0.44101954,0.3864994,0.4635036,0.40995926,0.36392093,1.2883229,0.37907782,1.3500512
8,520,0.45994648,0.36934963,0.4831594,0.39089593,0.37667993,1.2431979,0.3923281,1.2998912
8,521,0.47819737,0.35185087,0.502066,0.37157673,0.38898313,1.1971545,0.40507337,1.2490579
8,522,0.4957572,0.3339957,0.52021396,0.3520239,0.40082052,1.1501735,0.4173072,1.1976099
8,523,0.51260895,0.3157904,0.5375945,0.33225948,0.41218054,1.1022712,0.4290237,1.1456051
8,524,0.5287349,0.2972507,0.5541998,0.31230524,0.42305133,1.0534889,0.4402176,1.0931009
8,525,0.54411745,0.2783988,0.57002294,0.29218274,0.43342093,1.0038851,0.45088425,1.0401539
8,526,0.55874026,0.25926152,0.5850577,0.27191314,0.4432784,0.95353055,0.46101943,0.9868199
8,527,0.5725888,0.23986898,0.5992987,0.2515174,0.45261395,0.90250427,0.47061953,0.9331539
8,528,0.58565056,0.22025326,0.61274153,0.23101604,0.4614191,0.85089076,0.47968155,0.8792101
8,529,0.5979159,0.20044786,0.6253824,0.21042934,0.46968734,0.7987782,0.488203,0.8250418
8,530,0.6093775,0.18048689,0.6372184,0.18977717,0.4774138,0.74625623,0.49618185,0.7707011
8,531,0.62003106,0.1604044,0.6482473,0.16907905,0.48459554,0.6934145,0.5036166,0.7162395
8,532,0.6298749,0.14023398,0.65846777,0.14835417,0.49123144,0.6403415,0.5105064,0.66170764
8,533,0.63890994,0.12000814,0.66787905,0.12762134,0.4973221,0.5871226,0.51685065,0.6071547
8,534,0.64713955,0.09975815,0.67648125,0.106898986,0.50286984,0.5338402,0.5226495,0.5526294
8,535,0.6545692,0.07951337,0.6842751,0.08620518,0.5078783,0.4805715,0.5279035,0.49817917
8,536,0.66120636,0.059301365,0.69126207,0.06555762,0.5123525,0.42738903,0.5326136,0.44385067
8,537,0.6670599,0.039147373,0.6974443,0.044973668,0.5162985,0.37435922,0.53678113,0.38968956
8,538,0.6721403,0.019074578,0.7028246,0.024470294,0.51972324,0.32154304,0.540408,0.33574042
8,539,0.67645866,-0.0008962266,0.70740646,0.004064128,0.5226343,0.2689952,0.5434967,0.28204706
8,540,0.68002725,-0.020746287,0.711194,-0.01622855,0.52504,0.2167651,0.54604995,0.22865233
8,541,0.6828582,-0.040459078,0.7141919,-0.0363918,0.5269484,0.16489618,0.5480709,0.17559813
8,542,0.68496436,-0.060019832,0.71640563,-0.056410022,0.5283682,0.11342731,0.5495632,0.12292556
8,543,0.68635815,-0.079415664,0.717841,-0.07626795,0.5293077,0.06239238,0.55053085,0.07067475
8,544,0.687052,-0.09863508,0.7185047,-0.09595063,0.5297755,0.011821648,0.5509783,0.018885043
8,545,0.68705785,-0.11766791,0.7184038,-0.11544344,0.52977943,-0.038258158,0.55091023,-0.032405045
8,546,0.68638724,-0.13650504,0.717546,-0.13473205,0.52932733,-0.087822996,0.55033195,-0.08315786
8,547,0.68505096,-0.15513808,0.71593946,-0.15380244,0.5284265,-0.13685083,0.549249,-0.13333647
8,548,0.68305933,-0.17355916,0.7135931,-0.1726409,0.52708393,-0.18532097,0.54766726,-0.18290484
8,549,0.680422,-0.19176087,0.71051615,-0.191234,0.5253061,-0.23321389,0.545593,-0.23182756
8,550,0.677148,-0.20973578,0.7067185,-0.20956855,0.523099,-0.28051004,0.543033,-0.28007
8,551,0.67324567,-0.22747636,0.7022104,-0.22763173,0.5204684,-0.32718962,0.539994,-0.32759845
8,552,0.6687228,-0.24497494,0.6970028,-0.24541093,0.51741946,-0.37323245,0.53648347,-0.37437963
8,553,0.6635867,-0.2622233,0.69110703,-0.26289386,0.5139571,-0.4186169,0.532509,-0.42038128
8,554,0.6578443,-0.2792128,0.6845348,-0.2800685,0.51008606,-0.4633202,0.52807856,-0.4655717
8,555,0.65150213,-0.29593417,0.67729837,-0.29692304,0.50581074,-0.507318,0.5232004,-0.50991994
8,556,0.64456654,-0.31237713,0.6694105,-0.31344602,0.50113535,-0.55058324,0.51788306,-0.5533957
8,557,0.6370437,-0.32853103,0.6608844,-0.3296262,0.49606407,-0.59308785,0.51213545,-0.59596956
8,558,0.6289399,-0.34438407,0.65173364,-0.3454527,0.49060115,-0.6348009,0.5059668,-0.6376127
8,559,0.62026143,-0.35992378,0.6419721,-0.3609148,0.48475084,-0.67568946,0.4993864,-0.6782971
8,560,0.6110147,-0.37513697,0.63161445,-0.37600216,0.4785175,-0.7157189,0.4924041,-0.71799546
8,561,0.60120684,-0.39000943,0.6206753,-0.3907047,0.47190583,-0.7548518,0.48502988,-0.7566812
8,562,0.5908449,-0.40452647,0.60916996,-0.4050126,0.4649207,-0.7930495,0.4772739,-0.79432863
8,563,0.5799368,-0.41867283,0.597114,-0.41891643,0.45756736,-0.83027184,0.4691468,-0.8309128
8,564,0.5684909,-0.43243268,0.58452344,-0.43240696,0.44985148,-0.8664772,0.46065927,-0.86640954
8,565,0.55651647,-0.4457899,0.5714145,-0.44547537,0.44177932,-0.90162313,0.4518223,-0.9007955
8,566,0.5440232,-0.45872805,0.5578038,-0.45811313,0.43335742,-0.9356664,0.44264713,-0.9340484
8,567,0.5310217,-0.47123092,0.5437084,-0.47031203,0.42459288,-0.9685644,0.43314517,-0.9661465
8,568,0.51752347,-0.48328227,0.52914554,-0.48206425,0.4154935,-1.0002743,0.42332813,-0.99706936
8,569,0.5035408,-0.4948663,0.51413274,-0.4933623,0.40606755,-1.0307546,0.41320774,-1.0267972
8,570,0.4890866,-0.5059677,0.498688,-0.5041991,0.39632374,-1.0599648,0.40279624,-1.0553112
8,571,0.4741749,-0.5165717,0.48282936,-0.514568,0.38627154,-1.0878664,0.39210564,-1.0825942
8,572,0.4588203,-0.5266648,0.46657526,-0.5244625,0.37592074,-1.1144238,0.38114846,-1.1086291
8,573,0.44303802,-0.5362341,0.4499443,-0.5338769,0.36528164,-1.1396028,0.36993727,-1.1334004
8,574,0.4268442,-0.5452681,0.43295532,-0.54280555,0.35436514,-1.1633734,0.35848472,-1.1568938
8,575,0.41025546,-0.5537566,0.41562742,-0.55124354,0.34318238,-1.1857085,0.3468037,-1.1790961
8,576,0.393289,-0.56169087,0.3979798,-0.5591863,0.331745,-1.2065854,0.33490714,-1.1999953
8,577,0.37596253,-0.5690634,0.38003188,-0.5666295,0.32006496,-1.2259843,0.32280818,-1.2195802
8,578,0.35829404,-0.5758686,0.36180326,-0.57356966,0.30815434,-1.2438904,0.31051996,-1.2378412
8,579,0.3403021,-0.5821021,0.3433136,-0.58000356,0.29602566,-1.2602922,0.29805577,-1.2547704
8,580,0.32200554,-0.58776134,0.32458276,-0.58592856,0.28369164,-1.275183,0.285429,-1.2703605
8,581,0.30342337,-0.5928451,0.3056306,-0.5913424,0.2711651,-1.2885594,0.27265304,-1.2846055
8,582,0.28457507,-0.59735376,0.28647715,-0.59624344,0.25845915,-1.3004228,0.2597414,-1.2975013
8,583,0.26548025,-0.60128915,0.2671424,-0.6006306,0.24558704,-1.3107778,0.2467075,-1.3090448
8,584,0.24615882,-0.6046545,0.24764647,-0.60450315,0.23256212,-1.3196328,0.23356497,-1.3192345
8,585,0.22663094,-0.6074543,0.22800942,-0.60786116,0.21939807,-1.3269997,0.22032732,-1.3280702
8,586,0.20691703,-0.60969406,0.20825133,-0.610705,0.20610859,-1.332893,0.20700806,-1.335553
8,587,0.187038,-0.6113805,0.18839227,-0.6130358,0.19270782,-1.3373305,0.19362074,-1.3416859
8,588,0.16701494,-0.61252135,0.16845222,-0.61485493,0.17920993,-1.3403323,0.18017882,-1.3464724
8,589,0.14686945,-0.6131251,0.1484511,-0.6161646,0.16562954,-1.3419209,0.16669576,-1.3499185
8,590,0.12662356,-0.6132011,0.12840877,-0.6169675,0.15198144,-1.3421208,0.15318489,-1.3520311
8,591,0.10629971,-0.6127594,0.10834496,-0.6172668,0.13828081,-1.3409586,0.13965954,-1.3528186
8,592,0.085920945,-0.61181045,0.08827922,-0.6170661,0.124543145,-1.3384616,0.12613289,-1.3522905
8,593,0.06551069,-0.61036533,0.068231,-0.6163698,0.110784255,-1.3346592,0.11261806,-1.3504584
8,594,0.04509293,-0.60843575,0.04821956,-0.61518264,0.097020306,-1.3295821,0.09912802,-1.3473347
8,595,0.024692032,-0.6060334,0.028263949,-0.61351,0.08326772,-1.3232609,0.085675605,-1.3429337
8,596,0.0043328144,-0.60317045,0.008383005,-0.6113577,0.069543235,-1.3157278,0.07227354,-1.3372704
8,597,-0.015959542,-0.5998595,-0.011404671,-0.60873204,0.055863827,-1.3070159,0.058934342,-1.3303617
8,598,-0.036159642,-0.59611297,-0.031080734,-0.60563993,0.04224661,-1.297158,0.045670383,-1.3222257
8,599,-0.056241956,-0.5919438,-0.05062712,-0.6020886,0.028708788,-1.2861879,0.03249384,-1.3128812
8,600,-0.07618098,-0.5873647,-0.070026055,-0.5980859,0.015267563,-1.2741392,0.0194167,-1.3023492
8,601,-0.09595129,-0.58238864,-0.08926007,-0.59363997,0.0019400718,-1.261046,0.0064507313,-1.290651
8,602,-0.11552784,-0.5770286,-0.10831205,-0.5887596,-0.011256803,-1.2469425,-0.00639252,-1.2778096
8,603,-0.13488592,-0.5712973,-0.1271652,-0.5834538,-0.024306405,-1.2318622,-0.019101739,-1.2638487
8,604,-0.15400162,-0.56520766,-0.14580311,-0.577732,-0.037192617,-1.2158389,-0.03166586,-1.2487935
8,605,-0.1728516,-0.55877244,-0.16420972,-0.57160425,-0.049899697,-1.1989064,-0.044074062,-1.2326698
8,606,-0.19141369,-0.552004,-0.1823694,-0.5650806,-0.0624127,-1.181097,-0.056315795,-1.2155045
8,607,-0.20966654,-0.54491484,-0.20026688,-0.55817175,-0.074717246,-1.1624439,-0.06838079,-1.1973258
8,608,-0.22759016,-0.5375169,-0.21788737,-0.5508885,-0.08679986,-1.1429781,-0.08025905,-1.1781619
8,609,-0.24516575,-0.5298222,-0.23521644,-0.54324216,-0.098647855,-1.1227316,-0.09194086,-1.1580427
8,610,-0.26237598,-0.5218421,-0.25224015,-0.5352441,-0.11024955,-1.1017342,-0.10341682,-1.1369979
8,611,-0.27920482,-0.5135879,-0.268945,-0.52690613,-0.121594146,-1.0800154,-0.11467785,-1.1150588
8,612,-0.29563788,-0.50507057,-0.285318,-0.5182402,-0.13267194,-1.0576043,-0.12571514,-1.0922567
8,613,-0.31166205,-0.49630052,-0.3013465,-0.50925857,-0.1434741,-1.0345283,-0.13652022,-1.0686239
8,614,-0.32726574,-0.48728812,-0.3170185,-0.4999736,-0.1539928,-1.0108145,-0.14708498,-1.044193
8,615,-0.34243882,-0.47804314,-0.33232236,-0.49039784,-0.16422123,-0.9864889,-0.15740156,-1.018997
8,616,-0.35717243,-0.46857506,-0.34724694,-0.4805441,-0.1741534,-0.96157616,-0.16746247,-0.99306947
8,617,-0.37145916,-0.45889315,-0.36178175,-0.47042516,-0.18378432,-0.93610084,-0.17726062,-0.96644425
8,618,-0.38529262,-0.44900632,-0.37591657,-0.46005404,-0.19310969,-0.9100863,-0.18678914,-0.9391554
8,619,-0.39866763,-0.43892318,-0.3896419,-0.4494438,-0.202126,-0.88355523,-0.19604161,-0.91123736
8,620,-0.41158006,-0.42865223,-0.40294865,-0.43860757,-0.21083048,-0.85652995,-0.2050119,-0.88272476
8,621,-0.4240266,-0.41820157,-0.4158282,-0.4275586,-0.2192209,-0.8290318,-0.21369421,-0.85365236
8,622,-0.4360048,-0.40757924,-0.42827258,-0.4163101,-0.22729559,-0.8010821,-0.22208318,-0.82405496
8,623,-0.4475129,-0.3967932,-0.4402742,-0.40487537,-0.23505339,-0.77270144,-0.23017368,-0.79396755
8,624,-0.45854965,-0.38585126,-0.45182613,-0.39326766,-0.24249345,-0.74391073,-0.23796102,-0.763425
8,625,-0.4691144,-0.37476128,-0.46292177,-0.38150024,-0.24961533,-0.7147304,-0.24544077,-0.73246217
8,626,-0.4792069,-0.363531,-0.47355524,-0.36958635,-0.25641885,-0.6851809,-0.25260895,-0.70111394
8,627,-0.48882702,-0.35216835,-0.48372102,-0.35753918,-0.26290393,-0.65528315,-0.25946188,-0.66941506
8,628,-0.49797505,-0.3406812,-0.49341416,-0.34537187,-0.26907077,-0.62505776,-0.2659962,-0.63740003
8,629,-0.5066514,-0.32907772,-0.5026303,-0.3330975,-0.27491963,-0.59452635,-0.27220893,-0.6051033
8,630,-0.5148564,-0.31736606,-0.5113654,-0.32072905,-0.28045076,-0.5637103,-0.27809742,-0.57255906
8,631,-0.5225907,-0.30555463,-0.5196162,-0.30827945,-0.2856646,-0.53263164,-0.28365943,-0.5398013
8,632,-0.52985483,-0.29365206,-0.52737963,-0.2957615,-0.29056147,-0.5013132,-0.2888929,-0.50686365
8,633,-0.536649,-0.28166717,-0.5346533,-0.28318787,-0.29514152,-0.4697782,-0.29379618,-0.4737795
8,634,-0.54297394,-0.2696091,-0.54143536,-0.2705711,-0.29940525,-0.43805063,-0.29836807,-0.44058192
8,635,-0.54882973,-0.2574871,-0.5477243,-0.25792372,-0.30335274,-0.4061548,-0.30260757,-0.4073037
8,636,-0.5542166,-0.24531087,-0.5535192,-0.24525791,-0.30698413,-0.37411636,-0.306514,-0.373977
8,637,-0.55913484,-0.23309028,-0.55881953,-0.23258588,-0.31029958,-0.34196115,-0.31008703,-0.34063396
8,638,-0.5635845,-0.22083542,-0.56362534,-0.2199196,-0.31329918,-0.30971578,-0.31332672,-0.30730605
8,639,-0.5675655,-0.20855667,-0.5679371,-0.20727092,-0.31598285,-0.27740753,-0.3162333,-0.27402443
8,640,-0.5710779,-0.19626471,-0.57175565,-0.19465147,-0.31835058,-0.24506456,-0.31880748,-0.24081974
8,641,-0.5741216,-0.18397038,-0.57508236,-0.18207276,-0.3204024,-0.2127153,-0.32105008,-0.20772223
8,642,-0.57669663,-0.17168474,-0.5779191,-0.1695461,-0.32213828,-0.18038894,-0.32296237,-0.17476168
8,643,-0.5788032,-0.15941904,-0.5802681,-0.15708259,-0.32355833,-0.14811505,-0.32454586,-0.1419673
8,644,-0.58044136,-0.1471847,-0.58213204,-0.1446932,-0.32466266,-0.11592366,-0.3258024,-0.10936794
8,645,-0.5816115,-0.13499328,-0.583514,-0.13238864,-0.3254515,-0.08384522,-0.32673398,-0.07699179
8,646,-0.58231425,-0.12285641,-0.5844175,-0.12017945,-0.3259252,-0.051910285,-0.32734308,-0.044866595
8,647,-0.58255035,-0.11078589,-0.5848465,-0.108075984,-0.32608438,-0.020149948,-0.32763225,-0.0130195655
8,648,-0.582321,-0.09879345,-0.58480525,-0.09608838,-0.32592976,0.011404941,-0.32760444,0.0185226
8,649,-0.5816277,-0.08689095,-0.58429855,-0.084226556,-0.3254624,0.042723168,-0.32726285,0.049733806
8,650,-0.58047235,-0.075090185,-0.5833315,-0.07250023,-0.32468355,0.07377372,-0.32661098,0.08058849
8,651,-0.5788574,-0.063402906,-0.58190954,-0.060918897,-0.3235949,0.104525656,-0.3256524,0.11106166
8,652,-0.5767857,-0.051840823,-0.5800385,-0.049491834,-0.3221983,0.13494818,-0.3243911,0.14112891
8,653,-0.57426065,-0.040415566,-0.5777246,-0.03822809,-0.32049614,0.16501066,-0.32283124,0.17076643
8,654,-0.5712863,-0.029138658,-0.57497436,-0.0271365,-0.3184911,0.19468282,-0.32097727,0.19995096
8,655,-0.5678673,-0.01802146,-0.5717947,-0.016225658,-0.31618628,0.22393475,-0.3188338,0.22865993
8,656,-0.564009,-0.0070752017,-0.5681928,-0.0055039255,-0.31358534,0.2527369,-0.31640568,0.2568713
8,657,-0.5597173,0.0036891103,-0.56417626,0.005020567,-0.31069222,0.2810603,-0.31369808,0.28456366
8,658,-0.5549989,0.014260616,-0.5597529,0.0153399315,-0.30751148,0.30887637,-0.3107162,0.31171632
8,659,-0.5498609,0.024628688,-0.55493087,0.025446521,-0.30404788,0.33615717,-0.3074656,0.33830908
8,660,-0.5443116,0.034782954,-0.5497186,0.03533294,-0.30030698,0.3628754,-0.30395195,0.36432254
8,661,-0.5383595,0.044713262,-0.5441249,0.044992033,-0.2962946,0.38900435,-0.30018115,0.38973784
8,662,-0.53201413,0.054409783,-0.5381588,0.054416914,-0.29201707,0.41451815,-0.29615927,0.4145369
8,663,-0.5252854,0.06386295,-0.53182936,0.063600935,-0.28748113,0.4393916,-0.2918925,0.43870217
8,664,-0.518184,0.07306348,-0.5251463,0.07253772,-0.28269395,0.46360034,-0.28738737,0.46221694
8,665,-0.51072115,0.08200249,-0.5181194,0.081221156,-0.2776631,0.48712096,-0.2826504,0.48506507
8,666,-0.5029086,0.090671405,-0.5107586,0.08964539,-0.27239653,0.5099309,-0.27768835,0.5072312
8,667,-0.4947587,0.09906204,-0.50307405,0.09780486,-0.26690257,0.5320086,-0.27250808,0.52870065
8,668,-0.48628417,0.10716659,-0.49507633,0.10569426,-0.26118976,0.5533335,-0.2671167,0.54945946
8,669,-0.4774982,0.11497769,-0.48677602,0.113308564,-0.255267,0.57388633,-0.2615213,0.5694945
8,670,-0.46841443,0.12248838,-0.47818393,0.120643035,-0.24914347,0.59364873,-0.25572926,0.58879316
8,671,-0.4590466,0.12969217,-0.46931112,0.12769322,-0.24282846,0.61260355,-0.24974793,0.60734385
8,672,-0.44940892,0.13658307,-0.46016875,0.13445495,-0.23633154,0.6307351,-0.24358492,0.62513554
8,673,-0.43951568,0.14315557,-0.4507681,0.14092435,-0.22966234,0.6480289,-0.2372478,0.64215803
8,674,-0.42938137,0.14940467,-0.44112074,0.14709784,-0.22283064,0.66447175,-0.23074435,0.65840185
8,675,-0.41902062,0.15532586,-0.43123826,0.15297216,-0.21584629,0.68005174,-0.2240824,0.6738586
8,676,-0.40844798,0.16091524,-0.42113236,0.15854432,-0.20871909,0.69475865,-0.21726984,0.6885202
8,677,-0.39767823,0.16616943,-0.41081488,0.16381162,-0.20145902,0.7085837,-0.21031466,0.70237976
8,678,-0.386726,0.17108555,-0.40029782,0.16877171,-0.19407594,0.7215191,-0.20322494,0.7154309
8,679,-0.3756058,0.17566131,-0.38959318,0.17342255,-0.18657963,0.73355895,-0.19600877,0.7276683
8,680,-0.36433214,0.17989501,-0.37871307,0.17776233,-0.17897987,0.7446989,-0.1886743,0.7390873
8,681,-0.35291937,0.1837854,-0.36766967,0.18178965,-0.17128634,0.7549353,-0.18122977,0.7496841
8,682,-0.3413817,0.18733187,-0.35647517,0.18550335,-0.16350861,0.7642669,-0.17368338,0.7594557
8,683,-0.32973307,0.19053428,-0.3451419,0.18890263,-0.15565608,0.7726932,-0.16604342,0.76839995
8,684,-0.31798735,0.193393,-0.33368203,0.19198698,-0.1477381,0.7802152,-0.15831813,0.77651566
8,685,-0.30615819,0.195909,-0.32210794,0.1947562,-0.13976386,0.7868354,-0.15051585,0.78380203
8,686,-0.2942589,0.1980836,-0.31043193,0.1972104,-0.13174234,0.7925572,-0.14264485,0.79025966
8,687,-0.28230262,0.19991858,-0.29866624,0.19935003,-0.123682424,0.7973855,-0.13471341,0.79588956
8,688,-0.27030236,0.20141627,-0.28682318,0.20117581,-0.11559285,0.8013263,-0.12672982,0.8006936
8,689,-0.25827074,0.2025794,-0.27491498,0.2026888,-0.10748214,0.8043867,-0.1187023,0.80467457
8,690,-0.2462202,0.20341101,-0.2629538,0.20389035,-0.09935868,0.80657494,-0.110639066,0.8078362
8,691,-0.23416296,0.20391463,-0.25095174,0.20478211,-0.09123069,0.8079,-0.10254828,0.8101826
8,692,-0.22211094,0.20409407,-0.23892091,0.20536606,-0.08310623,0.80837214,-0.094438106,0.81171906
8,693,-0.21007586,0.20395352,-0.22687325,0.20564443,-0.07499318,0.80800235,-0.08631658,0.81245154
8,694,-0.19806923,0.20349744,-0.21482065,0.20561978,-0.066899315,0.80680233,-0.07819172,0.8123867
8,695,-0.18610229,0.20273067,-0.20277488,0.20529497,-0.0588322,0.8047847,-0.07007147,0.811532
8,696,-0.17418605,0.20165822,-0.1907476,0.20467308,-0.05079927,0.8019629,-0.061963685,0.8098957
8,697,-0.16233133,0.20028545,-0.17875035,0.20375755,-0.042807803,0.7983508,-0.05387614,0.8074868
8,698,-0.15054867,0.1986179,-0.1667945,0.20255202,-0.03486492,0.79396313,-0.045816496,0.80431473
8,699,-0.13884844,0.19666141,-0.15489128,0.20106046,-0.026977604,0.78881514,-0.037792347,0.80039
8,700,-0.12613814,0.6763,-0.12826861,0.9554253,-0.018409379,2.0508554,-0.01984557,2.7852988
8,701,-0.08594865,0.8602628,-0.08714906,0.9451129,0.008683013,2.5349042,0.007873798,2.7581644
8,702,-0.040393345,0.93504167,-0.046450056,0.93388003,0.039392598,2.7316647,0.03530967,2.7286081
8,703,0.0057865493,0.9525791,-0.006207124,0.9217475,0.070523225,2.7778099,0.06243809,2.6966848
8,704,0.051001485,0.94101197,0.033545047,0.90873736,0.101003364,2.747374,0.089235686,2.662452
8,705,0.09475294,0.9159655,0.07277266,0.8948731,0.13049693,2.6814709,0.11567966,2.6259718
8,706,0.136917,0.8860839,0.111442834,0.8801792,0.15892042,2.6028454,0.14174786,2.587309
8,707,0.17752264,0.85590166,0.1495237,0.8646815,0.18629335,2.5234292,0.16741881,2.5465307
8,708,0.2166615,0.8275126,0.1869844,0.84840655,0.2126775,2.448731,0.19267167,2.5037076
8,709,0.25444502,0.80161875,0.22379515,0.8313821,0.238148,2.380598,0.21748641,2.4589124
8,710,0.2909846,0.7781911,0.2599272,0.8136364,0.26277992,2.3189545,0.24184364,2.4122193
8,711,0.32638314,0.75686586,0.29535303,0.79519856,0.28664267,2.262843,0.26572475,2.3637052
8,712,0.36073157,0.73716754,0.33004612,0.7760982,0.30979753,2.2110121,0.28911194,2.3134477
8,713,0.3941063,0.71862215,0.36398125,0.7563653,0.33229595,2.1622148,0.31198817,2.2615259
8,714,0.4265684,0.70080894,0.3971343,0.7360304,0.35417917,2.115344,0.3343372,2.20802
8,715,0.45816246,0.6833765,0.4294824,0.71512413,0.37547728,2.0694754,0.35614356,2.1530108
8,716,0.48891684,0.66604203,0.4610038,0.6936773,0.39620933,2.0238643,0.37739268,2.096579
8,717,0.5188447,0.64858335,0.4916781,0.6717209,0.4163842,1.9779265,0.39807072,2.038807
8,718,0.5479456,0.6308289,0.52148587,0.64928585,0.43600157,1.9312105,0.4181646,1.979775
8,719,0.5762075,0.6126474,0.55040914,0.62640285,0.4550534,1.8833708,0.43766227,1.9195645
8,720,0.60360944,0.5939396,0.578431,0.6031027,0.47352546,1.8341461,0.45655227,1.8582563
8,721,0.63012356,0.57463175,0.6055357,0.57941556,0.49139908,1.7833427,0.47482398,1.79593
8,722,0.65571743,0.5546711,0.6317088,0.55537164,0.5086523,1.7308216,0.4924677,1.732665
8,723,0.68035614,0.53402233,0.65693694,0.53100055,0.5252617,1.67649,0.5094744,1.6685389
8,724,0.70400405,0.51266515,0.6812079,0.5063316,0.54120314,1.6202942,0.5258359,1.6036292
8,725,0.7266259,0.49059314,0.7045106,0.48139364,0.55645293,1.5622176,0.5415446,1.5380117
8,726,0.7481886,0.46781301,0.7268352,0.45621487,0.57098866,1.5022779,0.55659395,1.4717604
8,727,0.76866174,0.44434327,0.74817276,0.430823,0.58478993,1.4405235,0.570978,1.4049485
8,728,0.78801847,0.4202143,0.76851547,0.40524527,0.59783864,1.3770345,0.58469135,1.3376476
8,729,0.80623615,0.39546722,0.78785664,0.37950826,0.61011946,1.3119193,0.59772956,1.2699276
8,730,0.8232971,0.37015337,0.80619055,0.35363787,0.62162054,1.2453127,0.6100887,1.2018566
8,731,0.83918846,0.34433284,0.8235125,0.3276595,0.63233316,1.1773729,0.62176573,1.1335014
8,732,0.8539027,0.3180731,0.8398187,0.30159777,0.64225227,1.1082774,0.632758,1.0649271
8,733,0.867438,0.29144722,0.8551065,0.27547678,0.65137666,1.0382186,0.6430638,0.9961967
8,734,0.87979794,0.26453218,0.86937386,0.24931996,0.6597087,0.9673989,0.65268165,0.9273719
8,735,0.8909915,0.23740627,0.88262,0.22315004,0.66725445,0.8960243,0.6616111,0.8585129
8,736,0.901033,0.2101474,0.8948448,0.19698924,0.67402357,0.8242999,0.669852,0.78967774
8,737,0.90994143,0.18283108,0.90604895,0.17085908,0.680029,0.75242436,0.67740494,0.7209232
8,738,0.91774017,0.15552855,0.91623414,0.14478052,0.68528616,0.680585,0.684271,0.6523045
8,739,0.9244562,0.1283054,0.92540276,0.118773915,0.68981355,0.60895467,0.6904517,0.58387506
8,740,0.9301194,0.10122046,0.933558,0.092859074,0.69363123,0.5376879,0.69594926,0.51568717
8,741,0.93476206,0.074325144,0.9407038,0.06705527,0.6967609,0.46692008,0.7007663,0.44779137
8,742,0.9384173,0.047663074,0.94684494,0.04138124,0.699225,0.396766,0.7049062,0.38023704
8,743,0.9411191,0.021270271,0.9519868,0.01585522,0.7010463,0.3273204,0.7083724,0.31307214
8,744,0.9429011,-0.0048247166,0.9561355,-0.0095050195,0.70224756,0.25865844,0.7111691,0.2463435
8,745,0.9437959,-0.03060012,0.95929784,-0.03468216,0.7028508,0.19083738,0.7133009,0.1800966
8,746,0.94383454,-0.056040127,0.9614813,-0.05965931,0.70287687,0.123898834,0.71477276,0.11437593
8,747,0.9430465,-0.081134364,0.962694,-0.084419966,0.7023456,0.057870083,0.7155903,0.049224902
8,748,0.9414583,-0.105876714,0.96294475,-0.10894804,0.70127493,-0.007232777,0.71575934,-0.015314139
8,749,0.9390944,-0.13026462,0.9622429,-0.13322775,0.69968146,-0.07140302,0.7152862,-0.079199694
8,750,0.9359764,-0.15429816,0.96059847,-0.15724371,0.69757956,-0.13464081,0.71417767,-0.14239125
8,751,0.93212295,-0.17797932,0.958022,-0.18098079,0.6949819,-0.19695145,0.71244085,-0.204849
8,752,0.92755,-0.20131125,0.9545247,-0.20442416,0.6918991,-0.25834316,0.71008325,-0.26653394
8,753,0.92227125,-0.22429743,0.95011836,-0.22755928,0.68834066,-0.31882513,0.70711285,-0.3274078
8,754,0.9162974,-0.24694148,0.9448152,-0.25037184,0.68431354,-0.37840685,0.7035379,-0.38743296
8,755,0.9096372,-0.26924616,0.9386282,-0.27284783,0.6798239,-0.43709564,0.69936717,-0.44657248
8,756,0.9022972,-0.29121333,0.9315707,-0.2949734,0.6748758,-0.49489638,0.6946096,-0.50479
8,757,0.89428234,-0.31284332,0.92365664,-0.3167349,0.6694729,-0.5518099,0.68927455,-0.56204957
8,758,0.88559604,-0.3341346,0.9149005,-0.338119,0.66361725,-0.6078322,0.6833719,-0.61831605
8,759,0.8762404,-0.35508385,0.90531725,-0.35911244,0.6573105,-0.6629545,0.67691165,-0.67355466
8,760,0.86621666,-0.37568521,0.89492244,-0.37970218,0.65055335,-0.7171615,0.66990435,-0.72773105
8,761,0.85552573,-0.39593062,0.883732,-0.39987543,0.64334637,-0.7704318,0.6623607,-0.78081155
8,762,0.8441681,-0.41580927,0.8717626,-0.41961953,0.63569003,-0.82273716,0.6542919,-0.83276284
8,763,0.8321445,-0.43530807,0.859031,-0.43892205,0.6275847,-0.87404305,0.64570934,-0.88355225
8,764,0.81945586,-0.4544113,0.8455548,-0.4577707,0.6190311,-0.92430806,0.6366248,-0.93314743
8,765,0.8061042,-0.47310066,0.831352,-0.47615346,0.61003053,-0.9734841,0.62705046,-0.9815167
8,766,0.7920919,-0.49135566,0.81644094,-0.49405846,0.6005846,-1.0215173,0.6169987,-1.028629
8,767,0.7774234,-0.50915354,0.8008405,-0.5114741,0.59069633,-1.0683476,0.60648215,-1.0744535
8,768,0.76210415,-0.52646995,0.78457004,-0.52838886,0.58036935,-1.113911,0.595514,-1.1189601
8,769,0.7461412,-0.54327875,0.7676493,-0.54479176,0.56960845,-1.1581389,0.58410746,-1.16212
8,770,0.72954404,-0.55955267,0.7500985,-0.56067175,0.55842006,-1.2009593,0.5722762,-1.2039039
8,771,0.71232355,-0.57526404,0.73193824,-0.5760183,0.54681146,-1.2422996,0.56003404,-1.2442842
8,772,0.694493,-0.5903843,0.71318954,-0.5908211,0.5347916,-1.2820846,0.5473952,-1.2832338
8,773,0.67606765,-0.60488576,0.6938739,-0.60507005,0.52237076,-1.3202412,0.53437424,-1.3207262
8,774,0.65706486,-0.6187412,0.67401296,-0.61875564,0.50956064,-1.3566982,0.52098566,-1.3567361
8,775,0.63750374,-0.63192457,0.653629,-0.63186854,0.4963742,-1.3913866,0.50724447,-1.3912392
8,776,0.6174056,-0.64441174,0.63274455,-0.6443998,0.4828257,-1.4242432,0.49316594,-1.4242119
8,777,0.59679294,-0.65618086,0.6113825,-0.6563411,0.46893036,-1.4552106,0.4787654,-1.4556321
8,778,0.57569003,-0.6672124,0.58956593,-0.66768426,0.45470452,-1.4842372,0.46405852,-1.4854786
8,779,0.55412215,-0.67748994,0.5673185,-0.6784218,0.44016528,-1.5112797,0.44906116,-1.5137316
8,780,0.5321155,-0.6870004,0.54466385,-0.68854666,0.42533025,-1.5363039,0.43378928,-1.5403725
8,781,0.5096967,-0.69573385,0.52162606,-0.6980523,0.41021734,-1.5592836,0.4182591,-1.5653839
8,782,0.48689303,-0.7036837,0.4982294,-0.7069327,0.39484504,-1.5802014,0.40248707,-1.5887505
8,783,0.46373138,-0.7108473,0.47449842,-0.7151825,0.3792314,-1.5990506,0.38648963,-1.6104574
8,784,0.44023898,-0.71722513,0.45045784,-0.7227969,0.36339477,-1.6158322,0.37028348,-1.6304928
8,785,0.41644225,-0.72282064,0.42613253,-0.72977173,0.347353,-1.6305553,0.35388538,-1.6488452
8,786,0.3923673,-0.7276406,0.4015475,-0.7361034,0.33112368,-1.6432377,0.3373122,-1.6655053
8,787,0.36803976,-0.73169464,0.3767279,-0.7417891,0.3147241,-1.6539048,0.3205809,-1.6804657
8,788,0.34348437,-0.7349943,0.35169908,-0.7468266,0.2981709,-1.6625869,0.30370855,-1.6937205
8,789,0.31872547,-0.7375537,0.32648626,-0.7512145,0.28148052,-1.6693214,0.2867122,-1.7052661
8,790,0.2937869,-0.7393883,0.3011149,-0.75495195,0.26466903,-1.6741486,0.2696089,-1.7151002
8,791,0.26869214,-0.7405154,0.27561033,-0.75803906,0.24775222,-1.6771142,0.2524159,-1.7232231
8,792,0.24346451,-0.74095315,0.24999794,-0.76047647,0.23074585,-1.678266,0.23515016,-1.7296364
8,793,0.21812727,-0.74072057,0.22430308,-0.76226574,0.21366559,-1.6776541,0.21782881,-1.7343445
8,794,0.192704,-0.73983717,0.19855098,-0.7634091,0.19652736,-1.6753297,0.2004689,-1.7373528
8,795,0.16721873,-0.7383229,0.17276683,-0.76390946,0.1793473,-1.6713454,0.1830874,-1.7386694
8,796,0.14169614,-0.73619777,0.14697564,-0.76377076,0.16214213,-1.6657536,0.16570112,-1.7383045
8,797,0.11616187,-0.73348194,0.121202245,-0.76299745,0.14492905,-1.6586076,0.14832684,-1.7362697
8,798,0.09064251,-0.7301951,0.09547134,-0.76159483,0.12772603,-1.6499592,0.13098122,-1.7325791
8,799,0.06516573,-0.72635734,0.069807366,-0.75956905,0.11055171,-1.6398611,0.11368071,-1.7272488
8,800,0.039760415,-0.72198796,0.044234518,-0.75692683,0.093425564,-1.6283643,0.096441634,-1.7202965
8,801,0.014456462,-0.7171063,0.018776707,-0.7536758,0.07636776,-1.6155194,0.07928011,-1.7117424
8,802,-0.010715023,-0.711731,-0.006542457,-0.74982417,0.059399247,-1.6013758,0.06221204,-1.7016078
8,803,-0.03572217,-0.70588094,-0.031699706,-0.7453809,0.04254151,-1.5859829,0.045253124,-1.6899165
8,804,-0.060532507,-0.6995743,-0.056672134,-0.7403556,0.025816455,-1.5693887,0.028418798,-1.6766938
8,805,-0.085112944,-0.6928289,-0.08143722,-0.7347587,0.009246378,-1.55164,0.011724243,-1.6619669
8,806,-0.10943051,-0.6856623,-0.10597287,-0.7286009,-0.007146491,-1.5327832,-0.004815642,-1.6457645
8,807,-0.13345237,-0.6780918,-0.13025741,-0.721894,-0.023340026,-1.5128634,-0.021186251,-1.6281171
8,808,-0.1571464,-0.67013407,-0.15426965,-0.7146501,-0.039312556,-1.4919246,-0.037373297,-1.6090566
8,809,-0.18048131,-0.66180545,-0.17798886,-0.7068818,-0.05504301,-1.4700102,-0.0533628,-1.5886165
8,810,-0.2034273,-0.6531218,-0.20139483,-0.6986024,-0.070511274,-1.4471616,-0.06914115,-1.5668314
8,811,-0.22595607,-0.64409846,-0.22446789,-0.6898255,-0.08569829,-1.4234189,-0.084695086,-1.5437373
8,812,-0.24804139,-0.6347501,-0.24718888,-0.68056536,-0.10058637,-1.3988214,-0.10001168,-1.5193717
8,813,-0.26965904,-0.6250909,-0.26953924,-0.6708366,-0.115159184,-1.3734056,-0.11507842,-1.4937732
8,814,-0.29078737,-0.61513424,-0.29150096,-0.66065425,-0.12940213,-1.3472073,-0.12988319,-1.466981
8,815,-0.311407,-0.60489285,-0.31305665,-0.6500336,-0.14330217,-1.3202599,-0.14441423,-1.4390357
8,816,-0.33150116,-0.59437877,-0.33418947,-0.6389904,-0.15684797,-1.2925949,-0.15866022,-1.4099785
8,817,-0.3510557,-0.5836034,-0.35488328,-0.62754065,-0.17003003,-1.2642424,-0.17261025,-1.3798515
8,818,-0.37005892,-0.57257706,-0.3751225,-0.6157006,-0.18284039,-1.2352295,-0.18625383,-1.3486975
8,819,-0.38850155,-0.56130964,-0.39489222,-0.6034867,-0.19527288,-1.2055824,-0.19958094,-1.31656
8,820,-0.4063765,-0.54981035,-0.41417816,-0.5909157,-0.20732269,-1.175325,-0.2125819,-1.2834827
8,821,-0.423679,-0.53808755,-0.43296677,-0.57800436,-0.21898657,-1.1444796,-0.2252476,-1.24951
8,822,-0.440406,-0.52614915,-0.451245,-0.56476974,-0.23026252,-1.113067,-0.23756927,-1.2146868
8,823,-0.45655614,-0.51400256,-0.46900064,-0.5512288,-0.2411496,-1.0811064,-0.24953865,-1.1790574
8,824,-0.47212973,-0.50165457,-0.48622206,-0.5373989,-0.251648,-1.048616,-0.2611479,-1.1426677
8,825,-0.48712817,-0.48911178,-0.5028983,-0.5232971,-0.26175871,-1.0156131,-0.2723896,-1.1055624
8,826,-0.50155395,-0.47638047,-0.51901907,-0.5089406,-0.27148336,-0.982114,-0.2832569,-1.0677872
8,827,-0.51541036,-0.46346664,-0.5345748,-0.4943466,-0.2808242,-0.9481348,-0.29374325,-1.029387
8,828,-0.5287012,-0.4503763,-0.54955655,-0.47953233,-0.28978378,-0.91369104,-0.30384272,-0.9904073
8,829,-0.5414307,-0.43711528,-0.563956,-0.46451494,-0.29836494,-0.87879825,-0.31354964,-0.95089304
8,830,-0.55360353,-0.42368975,-0.57776564,-0.4493114,-0.30657083,-0.84347254,-0.32285893,-0.910889
8,831,-0.5652241,-0.41010585,-0.5909785,-0.43393874,-0.31440446,-0.80773014,-0.33176592,-0.87044
8,832,-0.5762969,-0.39637008,-0.6035883,-0.41841373,-0.32186884,-0.77158815,-0.3402664,-0.8295901
8,833,-0.5868262,-0.3824892,-0.6155894,-0.4027531,-0.3289668,-0.7350643,-0.34835654,-0.78838336
8,834,-0.59681594,-0.3684703,-0.62697685,-0.38697344,-0.33570105,-0.6981774,-0.35603303,-0.7468634
8,835,-0.6062695,-0.35432112,-0.63774633,-0.3710911,-0.34207386,-0.6609476,-0.3632929,-0.7050733
8,836,-0.61519,-0.34004974,-0.64789414,-0.3551223,-0.34808734,-0.6233963,-0.37013373,-0.66305566
8,837,-0.62358004,-0.32566476,-0.65741724,-0.33908308,-0.35374317,-0.5855461,-0.3765534,-0.62085277
8,838,-0.63144135,-0.3111755,-0.6663132,-0.32298928,-0.3590426,-0.54742146,-0.3825503,-0.5785063
8,839,-0.63877535,-0.2965917,-0.6745801,-0.30685654,-0.36398658,-0.5090481,-0.38812315,-0.5360573
8,840,-0.6455828,-0.281924,-0.6822169,-0.29070026,-0.3685756,-0.470454,-0.39327124,-0.49354637
8,841,-0.65186375,-0.26718327,-0.68922275,-0.27453563,-0.3728097,-0.43166772,-0.397994,-0.45101348
8,842,-0.65761775,-0.25238138,-0.6955978,-0.25837758,-0.37668857,-0.39272052,-0.40229157,-0.4084979
8,843,-0.6628438,-0.23753053,-0.7013426,-0.2422409,-0.38021153,-0.3536445,-0.4061642,-0.36603856
8,844,-0.66754067,-0.22264355,-0.7064581,-0.22614004,-0.38337776,-0.3144734,-0.40961266,-0.32367346
8,845,-0.67170614,-0.20773381,-0.7109461,-0.21008924,-0.38618577,-0.2752424,-0.41263807,-0.28144008
8,846,-0.67533815,-0.19281515,-0.7148088,-0.19410251,-0.38863418,-0.23598796,-0.41524202,-0.2393753
8,847,-0.6784344,-0.17790188,-0.71804905,-0.1781936,-0.39072138,-0.19674768,-0.4174263,-0.19751526
8,848,-0.68099177,-0.16300863,-0.72067,-0.162376,-0.3924454,-0.1575601,-0.41919312,-0.1558955
8,849,-0.68300784,-0.14815032,-0.72267556,-0.14666297,-0.39380443,-0.11846444,-0.4205451,-0.11455086
8,850,-0.6844798,-0.1333422,-0.7240701,-0.13106748,-0.3947967,-0.079500854,-0.42148516,-0.073515534
8,851,-0.6854049,-0.11859964,-0.72485834,-0.11560231,-0.39542034,-0.04070974,-0.42201656,-0.032823067
8,852,-0.6857809,-0.10393804,-0.72504574,-0.1002799,-0.39567378,-0.0021316842,-0.4221429,0.0074937446
8,853,-0.6856055,-0.0893729,-0.72463804,-0.08511247,-0.3955556,0.036192574,-0.42186806,0.04740277
8,854,-0.68487734,-0.07491967,-0.7236416,-0.070112005,-0.3950647,0.07422238,-0.4211963,0.086872466
8,855,-0.6835952,-0.060593713,-0.722063,-0.055290207,-0.39420038,0.111917295,-0.42013216,0.12587205
8,856,-0.68175876,-0.046410207,-0.7199096,-0.040658522,-0.39296243,0.1492374,-0.41868052,0.1643714
8,857,-0.67936826,-0.032384124,-0.71718895,-0.026228134,-0.39135092,0.18614325,-0.41684648,0.2023411
8,858,-0.676425,-0.018530224,-0.7139092,-0.0120099615,-0.38936684,0.22259608,-0.41463557,0.2397524
8,859,-0.67293096,-0.0048629157,-0.7100788,0.0019853355,-0.38701144,0.25855792,-0.4120534,0.27657726
8,860,-0.66888934,0.008603655,-0.7057066,0.015747365,-0.38428694,0.2939916,-0.40910605,0.31278837
8,861,-0.66430426,0.021855678,-0.70080197,0.029266005,-0.38119605,0.32886073,-0.40579975,0.34835902
8,862,-0.659181,0.034879778,-0.6953746,0.0425314,-0.37774238,0.36313018,-0.4021411,0.38326338
8,863,-0.6535258,0.047662836,-0.6894345,0.055533968,-0.37393013,0.39676538,-0.39813676,0.41747612
8,864,-0.64734656,0.060192164,-0.6829923,0.06826441,-0.36976457,0.42973295,-0.39379394,0.45097288
8,865,-0.6406517,0.07245542,-0.67605853,0.08071369,-0.36525148,0.4620004,-0.3891198,0.4837298
8,866,-0.6334512,0.08444066,-0.6686445,0.092873074,-0.36039752,0.49353635,-0.38412187,0.51572394
8,867,-0.6257562,0.09613627,-0.66076165,0.1047341,-0.35521016,0.52431023,-0.37880793,0.54693305
8,868,-0.6175788,0.10753107,-0.65242183,0.1162886,-0.34969765,0.55429256,-0.3731859,0.57733566
8,869,-0.60893214,0.11861412,-0.64363706,0.12752871,-0.3438688,0.58345467,-0.36726394,0.606911
8,870,-0.5998306,0.12937504,-0.63441986,0.13844685,-0.3377333,0.61176914,-0.3610505,0.63563913
8,871,-0.59028924,0.13980375,-0.6247829,0.14903577,-0.33130127,0.63920945,-0.35455406,0.663501
8,872,-0.58032405,0.14989054,-0.6147392,0.15928851,-0.3245836,0.66575015,-0.34778342,0.6904783
8,873,-0.5699519,0.15962623,-0.6043019,0.16919842,-0.31759155,0.691367,-0.34074748,0.7165537
8,874,-0.5591903,0.169002,-0.59348464,0.17875923,-0.31033695,0.7160368,-0.33345535,0.7417103
8,875,-0.5480572,0.1780096,-0.58230114,0.1879649,-0.30283198,0.7397379,-0.32591638,0.76593256
8,876,-0.536571,0.18664128,-0.5707653,0.19680983,-0.29508895,0.76244986,-0.31813988,0.7892057
8,877,-0.52475077,0.19488978,-0.55889136,0.20528866,-0.28712073,0.7841536,-0.31013545,0.8115154
8,878,-0.51261556,0.20274848,-0.5466937,0.21339647,-0.27894017,0.8048316,-0.3019128,0.83284897
8,879,-0.5001848,0.21021137,-0.5341869,0.22112864,-0.27056038,0.8244682,-0.29348177,0.8531941
8,880,-0.48747772,0.21727316,-0.52138567,0.2284809,-0.26199433,0.8430494,-0.28485227,0.87253964
8,881,-0.4745138,0.223929,-0.50830495,0.2354494,-0.25325516,0.86056244,-0.27603433,0.89087534
8,882,-0.46131226,0.23017506,-0.4949598,0.2420306,-0.24435578,0.8769973,-0.26703814,0.908192
8,883,-0.44789228,0.236008,-0.48136538,0.24822137,-0.23530914,0.89234513,-0.25787392,0.92448133
8,884,-0.43427274,0.24142522,-0.467537,0.25401893,-0.22612798,0.9065991,-0.24855196,0.93973607
8,885,-0.42047223,0.24642496,-0.45349,0.25942096,-0.21682484,0.91975456,-0.23908265,0.95395005
8,886,-0.40650913,0.25100607,-0.4392399,0.26442543,-0.20741208,0.93180853,-0.22947642,0.96711797
8,887,-0.3924013,0.25516808,-0.42480227,0.26903075,-0.19790177,0.94275975,-0.21974379,0.97923565
8,888,-0.37816617,0.25891137,-0.41019267,0.27323577,-0.18830563,0.95260924,-0.20989522,0.99030006
8,889,-0.36382106,0.26223686,-0.39542678,0.27703965,-0.17863536,0.9613594,-0.19994129,1.0003089
8,890,-0.34938255,0.26514617,-0.38052025,0.280442,-0.16890211,0.9690144,-0.18989256,1.0092613
8,891,-0.33486697,0.26764148,-0.36548877,0.28344285,-0.15911692,0.97558016,-0.17975958,1.0171572
8,892,-0.32029015,0.26972556,-0.350348,0.28604263,-0.14929044,0.98106384,-0.16955294,1.0239979
8,893,-0.3056675,0.27140173,-0.33511353,0.28824216,-0.13943307,0.9854743,-0.15928313,1.0297853
8,894,-0.29101408,0.27267382,-0.31980103,0.29004264,-0.12955496,0.9888214,-0.14896072,1.0345228
8,895,-0.27634448,0.27354604,-0.30442598,0.2914457,-0.11966595,0.9911164,-0.13859615,1.0382146
8,896,-0.26167294,0.27402315,-0.28900394,0.2924534,-0.109775625,0.9923718,-0.1281999,1.0408661
8,897,-0.2470134,0.27411017,-0.2735502,0.29306814,-0.09989338,0.9926008,-0.11778229,1.0424836
8,898,-0.23237939,0.27381256,-0.2580801,0.29329273,-0.09002836,0.9918177,-0.10735363,1.0430746
8,899,-0.2177841,0.2731361,-0.2426088,0.2931304,-0.08018944,0.9900378,-0.09692417,1.0426474
8,900,-0.20324051,0.27208674,-0.22715133,0.29258475,-0.07038536,0.9872767,-0.086504035,1.0412117
8,901,-0.18876119,0.27067083,-0.21172258,0.29165974,-0.06062461,0.9835511,-0.07610326,1.0387778
8,902,-0.17435858,0.2688949,-0.19633727,0.29035974,-0.05091557,0.97887826,-0.06573177,1.0353571
8,903,-0.16004473,0.26676577,-0.18100993,0.28868943,-0.041266374,0.97327596,-0.05539936,1.0309622
8,904,-0.14583157,0.26429033,-0.16575494,0.28665394,-0.031685047,0.96676254,-0.04511572,1.0256064
8,905,-0.13173077,0.2614757,-0.15058644,0.2842586,-0.022179462,0.9593566,-0.034890383,1.0193037
8,906,-0.11775373,0.25832936,-0.13551836,0.28150928,-0.0127573125,0.9510778,-0.02473274,1.0120696
8,907,-0.1039117,0.25485876,-0.12056441,0.27841198,-0.0034261711,0.94194585,-0.014652038,1.0039198
8,908,-0.09021572,0.25107148,-0.10573804,0.27497315,0.0058065127,0.93198067,-0.004657336,0.9948715
8,909,-0.07667664,0.24697548,-0.09105244,0.27119952,0.0149334315,0.92120314,0.0052424646,0.9849422
8,910,-0.06330506,0.24257873,-0.07652057,0.2670981,0.023947434,0.90963423,0.015038639,0.9741504
8,911,-0.050111424,0.23788933,-0.062155057,0.26267615,0.03284148,0.89729536,0.02472267,0.96251523
8,912,-0.037105978,0.23291564,-0.047968276,0.2579413,0.041608665,0.88420844,0.034286212,0.95005673
8,913,-0.024298724,0.22766608,-0.03397229,0.25290135,0.050242245,0.8703956,0.043721136,0.9367955
8,914,-0.011699449,0.22214931,-0.020178845,0.24756438,0.058735624,0.8558797,0.053019527,0.9227527
8,915,0.00068226084,0.21637407,-0.006599375,0.2419387,0.06708234,0.8406837,0.06217367,0.90795016
8,916,0.012837078,0.21034932,0.0067550153,0.23603286,0.0752761,0.8248312,0.07117608,0.8924105
8,917,0.024755958,0.20408407,0.019873561,0.2298556,0.08331081,0.80834585,0.08001951,0.87615675
8,918,0.036430057,0.19758752,0.032745842,0.22341584,0.091180526,0.79125196,0.08869693,0.8592122
8,919,0.04785089,0.19086906,0.04536179,0.21672268,0.098879494,0.7735741,0.09720155,0.84160095
8,920,0.05901021,0.18393815,0.057711694,0.20978542,0.10640217,0.7553373,0.10552682,0.8233474
8,921,0.06990011,0.17680433,0.06978619,0.20261349,0.11374324,0.7365666,0.11366644,0.8044764
8,922,0.080513015,0.16947739,0.081576325,0.19521642,0.12089757,0.71728766,0.12161436,0.785013
8,923,0.090841666,0.16196707,0.0930735,0.18760392,0.12786028,0.6975263,0.1293648,0.7649828
8,924,0.10087918,0.15428326,0.1042695,0.17978577,0.13462673,0.6773084,0.1369122,0.7444114
8,925,0.11061902,0.1464359,0.11515649,0.17177187,0.14119253,0.6566602,0.1442513,0.72332495
8,926,0.12005508,0.138435,0.12572701,0.16357218,0.14755353,0.63560796,0.15137707,0.7017497
8,927,0.12918158,0.1302906,0.13597402,0.15519676,0.15370585,0.6141782,0.15828474,0.67971206
8,928,0.13799323,0.122012764,0.14589085,0.14665568,0.15964593,0.5923973,0.16496985,0.6572385
8,929,0.14648506,0.11361152,0.15547124,0.1379591,0.1653704,0.57029164,0.17142814,0.6343557
8,930,0.15465252,0.10509692,0.16470931,0.12911718,0.17087622,0.54788774,0.17765567,0.6110906
8,931,0.16249155,0.09647896,0.17359959,0.120140135,0.17616063,0.5252119,0.18364875,0.58746994
8,932,0.16999842,0.08776753,0.18213701,0.11103816,0.18122114,0.5022901,0.18940398,0.56352055
8,933,0.17716987,0.0789725,0.19031689,0.10182145,0.18605554,0.47914836,0.19491817,0.53926927
8,934,0.18400307,0.07010366,0.19813493,0.09250021,0.1906619,0.45581236,0.20018844,0.5147429
8,935,0.19049554,0.06117059,0.20558728,0.083084576,0.19503859,0.4323074,0.20521219,0.48996815
8,936,0.19664522,0.052182842,0.21267043,0.0735847,0.1991842,0.40865853,0.20998704,0.46497178
8,937,0.2024505,0.04314978,0.2193813,0.06401065,0.20309763,0.38489047,0.21451096,0.43978027
8,938,0.2079101,0.03408063,0.2257172,0.054372475,0.20677803,0.36102742,0.2187821,0.41441998
8,939,0.21302311,0.024984468,0.2316758,0.044680137,0.21022479,0.33709332,0.2227989,0.38891718
8,940,0.21778907,0.015870158,0.2372552,0.034943536,0.2134376,0.31311145,0.22656004,0.36329794
8,941,0.22220777,0.0067464374,0.24245384,0.025172496,0.21641633,0.28910482,0.23006456,0.33758807
8,942,0.22627936,-0.0023781657,0.24727058,0.015376753,0.21916105,0.2650959,0.2333116,0.3118132
8,943,0.23000433,-0.011495341,0.25170466,0.0055659455,0.22167212,0.24110648,0.23630068,0.28599867
8,944,0.23338349,-0.02059691,0.25575566,-0.004250385,0.22395007,0.21715814,0.23903152,0.26016966
8,945,0.23641796,-0.029674921,0.25942355,-0.014062806,0.22599566,0.19327179,0.24150412,0.23435089
8,946,0.23910908,-0.038721602,0.26270866,-0.023862002,0.22780979,0.16946788,0.24371865,0.20856693
8,947,0.24145849,-0.047729317,0.2656117,-0.033638775,0.22939356,0.1457665,0.24567565,0.18284199
8,948,0.24346806,-0.056690674,0.26813373,-0.043384057,0.23074824,0.12218709,0.24737579,0.15719989
8,949,0.24513997,-0.06559849,0.2702761,-0.053088907,0.2318753,0.09874857,0.24881999,0.13166419
8,950,0.24647655,-0.074445635,0.27204064,-0.06274453,0.23277631,0.07546968,0.2500095,0.106258005
8,951,0.24748038,-0.08322522,0.27342936,-0.07234227,0.233453,0.052368555,0.25094566,0.08100412
8,952,0.24815421,-0.09193049,0.27444476,-0.08187362,0.23390725,0.02946296,0.25163016,0.055924933
8,953,0.24850105,-0.10055485,0.27508956,-0.09133023,0.23414107,0.006770271,0.25206482,0.031042393
8,954,0.24852403,-0.10909188,0.2753668,-0.1007039,0.23415655,-0.015692618,0.2522517,0.0063780886
8,955,0.24822648,-0.11753525,0.27527997,-0.10998659,0.23395596,-0.037909083,0.25219318,-0.018046807
8,956,0.24761198,-0.12587881,0.2748327,-0.119170435,0.23354173,-0.059862927,0.25189167,-0.042211637
8,957,0.24668412,-0.1341165,0.274029,-0.12824774,0.23291624,-0.0815382,0.25134987,-0.06609613
8,958,0.24544679,-0.14224237,0.2728732,-0.13721097,0.23208213,-0.10291925,0.25057074,-0.089680456
8,959,0.24390398,-0.15025069,0.2713699,-0.14605278,0.2310421,-0.12399098,0.24955735,-0.11294531
8,960,0.24205981,-0.15813574,0.26952395,-0.15476602,0.22979891,-0.14473839,0.24831295,-0.13587187
8,961,0.2399186,-0.16589196,0.26734054,-0.1633437,0.2283555,-0.1651468,0.24684109,-0.15844172
8,962,0.2374848,-0.17351386,0.26482508,-0.17177905,0.22671482,-0.18520178,0.24514537,-0.1806371
8,963,0.23476298,-0.18099613,0.26198325,-0.18006545,0.22488001,-0.20488939,0.24322964,-0.20244054
8,964,0.23175795,-0.18833356,0.25882098,-0.18819652,0.22285426,-0.22419584,0.24109791,-0.22383527
8,965,0.22847448,-0.195521,0.25534448,-0.19616607,0.22064082,-0.24310766,0.23875435,-0.244805
8,966,0.22491778,-0.20255342,0.25156018,-0.20396806,0.2182432,-0.2616116,0.23620328,-0.26533386
8,967,0.2210929,-0.20942605,0.24747469,-0.21159676,0.21566477,-0.27969506,0.23344918,-0.2854067
8,968,0.21700527,-0.21613404,0.24309492,-0.21904653,0.21290924,-0.29734537,0.2304967,-0.3050088
8,969,0.21266033,-0.22267276,0.23842794,-0.22631203,0.20998023,-0.31455025,0.22735062,-0.324126
8,970,0.20806374,-0.22903776,0.23348105,-0.2333881,0.2068816,-0.33129802,0.22401585,-0.34274477
8,971,0.20322125,-0.23522466,0.22826175,-0.2402698,0.2036172,-0.3475772,0.22049741,-0.36085212
8,972,0.1981389,-0.2412293,0.22277771,-0.2469524,0.20019111,-0.3633768,0.21680053,-0.3784356
8,973,0.19282271,-0.24704754,0.2170368,-0.2534314,0.19660738,-0.37868595,0.21293049,-0.39548337
8,974,0.187279,-0.2526756,0.21104702,-0.2597026,0.19287027,-0.39349464,0.20889269,-0.41198432
8,975,0.18151416,-0.25810972,0.20481661,-0.26576185,0.1889841,-0.4077931,0.20469268,-0.42792764
8,976,0.17553477,-0.26334628,0.19835389,-0.2716054,0.18495329,-0.4215717,0.20033604,-0.44330338
8,977,0.1693476,-0.268382,0.19166733,-0.27722964,0.18078242,-0.43482187,0.19582851,-0.45810202
8,978,0.1629595,-0.27321368,0.1847656,-0.28263125,0.17647609,-0.44753513,0.19117595,-0.47231492
8,979,0.15637755,-0.2778384,0.17765744,-0.28780708,0.1720391,-0.45970386,0.18638422,-0.48593372
8,980,0.14960891,-0.28225335,0.1703517,-0.2927543,0.16747625,-0.4713206,0.1814593,-0.498951
8,981,0.14266098,-0.286456,0.16285735,-0.29747024,0.16279253,-0.4823787,0.17640725,-0.51135975
8,982,0.13554128,-0.29044408,0.1551835,-0.30195254,0.15799302,-0.49287227,0.17123418,-0.5231537
8,983,0.12825741,-0.29421532,0.14733928,-0.30619898,0.15308285,-0.5027953,0.16594626,-0.5343271
8,984,0.120817244,-0.29776812,0.13933395,-0.31020772,0.14806731,-0.51214355,0.16054973,-0.544875
8,985,0.11322869,-0.30110064,0.13117681,-0.31397703,0.14295174,-0.5209122,0.15505087,-0.55479294
8,986,0.10549989,-0.30421156,0.12287725,-0.31750554,0.13774164,-0.52909774,0.149456,-0.56407726
8,987,0.097639084,-0.30709976,0.11444467,-0.320792,0.13244253,-0.53669727,0.14377145,-0.5727247
8,988,0.08965455,-0.3097644,0.10588856,-0.32383552,0.12706003,-0.5437085,0.13800365,-0.58073294
8,989,0.08155486,-0.31220475,0.09721841,-0.3266354,0.12159989,-0.55012965,0.13215895,-0.5881
8,990,0.07334857,-0.3144204,0.088443734,-0.32919115,0.116067894,-0.5559596,0.12624379,-0.5948248
8,991,0.06504442,-0.3164113,0.07957406,-0.3315026,0.11046993,-0.56119806,0.120264605,-0.6009067
8,992,0.056651216,-0.31817743,0.07061894,-0.33356974,0.10481194,-0.5658452,0.11422781,-0.6063459
8,993,0.048177894,-0.31971928,0.061587904,-0.33539286,0.099099934,-0.5699021,0.108139835,-0.61114293
8,994,0.03963344,-0.32103738,0.052490454,-0.33697248,0.09333997,-0.57337034,0.1020071,-0.6152993
8,995,0.031026896,-0.3221326,0.04333609,-0.33830932,0.08753816,-0.5762521,0.09583599,-0.61881685
8,996,0.022367444,-0.323006,0.03413427,-0.33940437,0.081700675,-0.5785503,0.08963289,-0.6216982
8,997,0.013664257,-0.32365894,0.024894405,-0.34025884,0.075833715,-0.5802683,0.083404146,-0.6239465
8,998,0.0049265586,-0.32409292,0.01562586,-0.34087417,0.06994349,-0.5814102,0.07715607,-0.6255655
